1000
573
5789
5581
5894
1670
5149
2701
7904
9983
481
258
8022
5284
2195
4892
1305
2994
8891
2365
8209
7358
6098
6976
1432
4854
8780
873
6800
85
6975
4744
4702
7275
4918
2757
7458
8484
8876
1094
1577
699
6683
1547
6819
3733
9239
5950
4773
3280
3131
4773
6214
4010
1809
3382
3690
589
8426
4774
2407
303
4450
928
7513
4362
9584
4904
4462
7117
3327
1636
4031
6922
1699
8990
9360
1561
7491
3912
1929
3187
8843
506
9046
8021
7030
9917
9731
3061
9080
2230
2024
1629
3654
9276
5187
6643
3464
7303
1910
6556
7064
7755
2880
6810
5425
9363
8053
8891
2612
45
5132
9068
5383
4249
7561
6430
6222
2398
9472
2331
621
9691
9123
7479
217
4701
3147
4737
4378
9396
1518
2106
8933
1724
1886
4033
7860
2823
6930
8532
8203
4869
6106
4813
4096
8485
2357
8792
8295
7024
4191
2712
9276
6726
251
5952
5071
2015
8642
3915
1971
8540
294
3927
1111
9748
7215
1188
9051
4439
8573
6172
1943
9762
4255
4508
4146
9197
1782
5375
8773
3260
2046
2738
7055
6276
532
8903
6649
2721
1300
9756
874
8944
1511
1784
9751
7032
7010
1517
1041
4591
3465
6780
7986
8442
6071
8127
1363
5994
7273
5714
7707
6993
3386
3468
426
6391
2034
8302
9395
1289
8707
8903
6476
2923
5668
544
752
1480
8089
6870
7122
7274
9105
7751
9566
6864
7493
4645
6090
5945
4310
3371
444
2537
9296
3447
2114
8563
2834
3912
5578
6985
3141
9851
8801
2584
2683
8904
2020
4593
8057
752
1473
2559
2566
5700
7698
677
7470
2079
3075
7186
5564
8435
1507
7028
7261
9124
9394
7308
4469
479
8898
8609
42
4460
2827
5977
5492
2045
5860
9837
2618
1658
3810
8667
1552
4557
4452
8747
8477
5650
6676
5282
9847
7298
1243
1049
9515
1305
2864
9841
1910
7423
4603
1150
413
5579
3022
1810
8349
7739
1930
5345
1829
3103
2142
9474
5408
6513
5978
4559
1932
8335
2614
7594
620
3412
6011
2670
5653
3000
8038
321
6316
5101
2248
1877
6069
8209
2764
8533
133
5132
9370
4036
1233
9238
4613
6917
3973
3900
4250
9230
7669
3593
9277
3585
1402
9789
8559
8798
1308
8155
9830
9527
8910
3063
8796
2875
4487
317
2585
979
7247
2495
1605
1339
211
4041
2550
8399
8946
1337
2726
1582
3046
3932
2637
6315
1692
1709
358
6534
3379
5872
5824
694
6001
8937
1815
4276
2532
33
1457
6083
4257
4495
9041
5204
4135
2807
8920
5885
8249
5886
5142
9699
8478
8420
8277
4530
4498
5623
1416
1762
7693
9553
5906
118
5958
3214
5871
1175
9571
718
3667
1126
4476
3308
8932
4626
2171
4182
4812
8995
5119
8439
4083
7628
6325
8672
8283
6591
7960
8913
6702
2781
243
4911
6803
6964
6962
7566
1376
9673
7411
7729
4892
4400
6700
133
4017
8118
951
1498
8827
2040
161
8935
865
831
5968
5455
5542
8548
4194
7393
9843
9992
631
6877
1049
6308
7614
9461
1484
2690
1688
6113
9195
1597
6740
8157
1043
3859
1925
4931
5029
146
6142
5975
618
6923
2753
3448
2105
8212
9785
5244
401
1168
202
4879
5506
4342
5339
2960
9667
856
4007
1538
6318
5356
1845
8200
9721
2715
1946
1211
8623
2066
8139
1366
1829
4079
535
4623
4140
5635
5458
1730
3513
3374
3816
2624
5437
4605
9115
3837
7299
3586
9114
954
1871
4387
6630
4858
8026
6227
6968
465
576
4736
9962
7630
7302
7634
1806
2701
105
3809
107
992
323
7361
4803
1471
1869
3117
5606
7621
44
1696
6909
7233
3888
3574
6643
6052
8922
3078
7013
8630
9289
834
5520
5816
5349
2882
1936
452
2271
3170
1464
474
6772
8726
1208
2406
7430
8301
6031
5365
3612
1137
5994
9034
7260
1505
7400
6518
4982
7313
4599
1702
4751
6672
6315
5852
1095
4674
3114
2343
7628
5357
8168
9990
3227
4850
1486
8496
9002
1357
3001
8216
2765
5725
4643
375
3340
1269
737
9304
1415
4834
3690
1066
3768
2547
9928
202
5402
4524
510
1375
282
3107
3872
6955
1856
7781
3719
6704
818
5429
5107
2999
7051
2067
5631
8271
5980
9928
9952
2860
684
6
4263
4776
2341
969
5661
6840
4753
1710
6252
9745
5412
5766
1405
2692
5367
1785
9615
3118
5352
9611
5590
1328
712
6697
4199
9795
524
7079
3650
4044
2458
9815
8104
2
9502
1824
5228
3370
4625
497
4286
511
1181
804
8274
6358
3304
5924
638
3836
5908
1041
2113
7185
4012
2013
1245
7019
5492
2491
2814
218
1853
2374
3933
9283
3003
3051
6823
9326
3602
4748
7664
9039
1974
6593
1327
8551
9976
2806
289
6291
4265
8151
1674
5527
2759
8012
6321
8409
502
362
5887
4733
3065
1647
3480
5168
8594
487
7904
5295
3897
1682
3483
5661
212
3860
2161
9419
6833
5809
6450
769
5292
4532
4052
2335
5752
2723
4839
7065
8176
4808
493
5964
8331
1897
6501
5301
3783
9908
8793
549
1934
7726
3715
8257
2866
1581
5265
2206
2264
7787
997
3663
75
3514
7454
1488
1962
9859
9911
9432
4942
6131
2424
2633
7262
2021
6558
4657
8649
7242
9532
6184
7847
7028
8339
3385
2500
520
5904
6838
7498
6873
5256
7533
2079
2507
8640
9894
167
1667
4469
5097
8445
5423
2287
8134
6693
4555
5965
5568
6318
6941
2726
5859
2136
3206
2844
6718
7537
3380
6086
841
5197
7632
4030
4450
3835
766
5722
6379
1359
9033
4444
2129
1089
121
4538
8968
9831
3743
3627
3604
68
2390
2924
3579
3298
3796
3955
1303
5632
1308
1473
1928
9017
7050
2642
5983
4501
9166
3827
385
175
8717
9513
2148
7206
2918
3998
8766
6011
6442
7138
1503
4789
8409
5507
2216
5230
7100
2035
7303
5024
579
6323
5747
2050
5432
5267
3856
4028
8203
2914
7237
1961
2382
4333
1636
8391
3074
1204
4865
7398
9111
7265
