87	30	2	34
49	48	11	45
41	51	87	86
84	4	46	87
28	76	16	79
17	85	38	81
72	28	73	42
42	93	56	20
78	30	45	65
38	53	83	19
38	3	79	23
61	86	5	33
56	94	91	25
49	25	37	1
91	21	61	21
74	68	2	48
94	66	7	53
58	81	49	74
93	97	40	14
6	15	19	85
22	39	86	48
1	31	71	53
93	44	73	17
92	61	44	70
0	31	28	95
79	51	74	75
45	17	31	51
84	23	95	76
2	76	98	35
81	54	46	63
94	53	60	14
7	32	82	31
53	70	13	74
86	24	6	70
64	11	3	84
99	20	69	69
49	97	14	15
63	8	88	45
85	64	0	25
90	60	68	12
34	99	97	14
9	20	89	77
69	28	70	70
51	62	64	74
84	91	65	9
17	66	68	45
81	68	89	21
23	81	79	4
43	90	49	99
22	54	60	28
8	36	46	35
37	17	94	22
0	26	40	99
95	58	95	68
31	52	32	41
31	67	54	87
48	66	27	61
12	64	51	30
31	37	1	80
19	33	7	63
74	66	20	96
41	80	8	84
94	81	68	70
21	19	96	40
82	59	86	71
90	33	10	36
75	10	68	58
57	15	48	97
45	68	66	64
47	57	46	68
57	42	66	30
95	80	8	12
40	61	98	60
46	36	73	41
56	84	21	31
11	50	26	79
33	70	25	52
52	32	92	24
12	18	13	47
66	79	40	94
1	56	17	96
17	87	51	8
95	25	8	62
35	15	56	7
16	86	97	25
55	56	59	8
68	73	47	27
23	25	74	77
43	27	29	54
33	30	62	45
19	16	57	27
23	30	88	97
62	6	31	80
81	15	38	45
96	9	28	43
40	23	85	69
50	31	18	8
85	1	73	85
23	51	5	38
99	32	84	37
84	49	65	16
94	94	95	28
89	84	57	23
2	19	5	96
30	87	76	92
11	80	12	60
32	45	56	29
10	99	45	64
24	90	58	90
57	68	75	56
35	90	18	0
43	50	83	4
46	8	7	11
55	92	26	4
37	5	84	48
37	65	18	89
38	93	98	11
60	15	39	61
12	19	56	20
61	11	16	82
62	52	83	1
91	34	8	32
63	54	52	51
84	26	19	69
72	29	61	50
51	71	44	30
68	45	99	35
35	5	42	26
89	2	85	84
82	16	97	4
84	66	48	5
62	87	77	85
0	87	48	32
49	65	30	91
7	52	32	45
34	72	97	58
12	26	62	81
40	34	87	55
31	57	66	84
23	38	67	81
68	14	35	47
56	9	76	23
71	94	77	29
83	51	70	11
69	89	93	36
25	95	44	65
99	93	0	92
99	46	67	69
84	51	77	20
37	49	1	2
49	39	10	45
57	57	71	80
87	54	15	33
45	31	55	72
69	69	47	63
9	84	23	25
27	7	44	31
74	50	73	19
88	90	86	86
85	98	8	42
21	20	5	45
30	33	23	53
96	4	50	68
1	37	92	65
15	84	18	49
12	39	6	36
80	96	45	54
44	69	87	71
60	5	42	89
79	78	94	93
84	91	35	69
99	5	18	50
97	21	70	0
79	58	29	81
13	68	64	34
88	68	8	26
17	79	7	95
95	3	85	37
89	25	65	20
4	37	37	74
77	94	56	22
98	86	91	2
75	61	75	11
13	60	4	15
82	9	51	20
98	22	55	94
36	33	10	54
93	8	77	76
30	90	56	94
12	86	28	31
87	5	20	34
27	74	24	29
20	50	37	95
85	17	76	55
39	62	86	65
75	36	8	66
83	98	80	23
4	10	3	96
80	19	32	93
2	21	66	61
9	81	34	42
70	82	90	13
14	0	55	49
99	62	55	51
96	53	50	29
93	0	25	10
47	41	14	65
84	82	53	18
96	24	56	94
2	66	96	1
7	66	9	3
55	53	97	18
64	81	96	48
70	37	67	8
56	23	95	29
68	24	29	31
47	36	53	75
6	60	48	30
57	48	21	27
91	21	54	93
43	95	1	3
85	4	47	59
56	48	38	78
71	66	33	82
37	77	56	18
0	21	12	3
32	66	91	22
15	40	16	34
68	1	85	72
23	25	45	42
89	94	18	57
22	70	59	90
14	38	89	13
65	36	93	22
83	97	71	19
13	25	43	15
31	3	9	69
80	61	59	11
32	14	29	6
3	54	81	62
7	1	7	76
50	2	69	32
7	63	88	26
54	26	29	63
50	2	26	19
60	89	9	53
79	78	81	50
7	87	19	29
15	8	11	11
18	66	65	28
33	77	62	17
73	32	56	6
85	65	55	0
28	62	1	18
91	53	97	72
21	18	24	20
44	59	10	45
14	17	45	84
37	97	85	83
26	92	80	46
21	74	65	42
31	18	0	53
7	93	20	64
69	92	7	14
52	42	72	13
22	10	92	67
19	71	62	31
77	18	91	98
73	50	50	46
53	82	88	25
58	57	38	20
96	81	14	45
89	70	30	84
20	66	24	10
82	97	22	60
56	69	76	88
2	22	91	18
41	60	61	70
53	46	55	64
71	71	71	38
56	17	41	6
88	7	77	7
25	39	64	55
59	28	69	88
80	49	18	74
89	95	3	29
9	59	30	73
10	60	39	11
26	84	3	39
28	70	0	95
44	84	93	2
95	6	11	25
77	67	84	22
52	96	48	61
13	11	97	28
76	4	96	65
0	52	28	74
25	29	59	10
49	23	29	5
2	1	33	2
48	5	95	43
75	17	58	29
35	41	25	16
72	72	18	39
87	28	1	42
77	36	99	47
7	73	72	29
66	42	59	12
77	94	79	70
8	53	89	83
94	98	39	83
4	43	37	77
4	89	18	73
99	91	25	12
5	47	35	2
44	29	62	93
82	13	39	78
92	47	31	34
38	17	48	79
96	16	43	64
35	95	24	76
24	85	12	86
69	66	65	60
17	87	39	64
35	46	0	91
3	59	84	57
58	83	34	82
42	46	15	89
4	71	66	48
5	86	68	97
0	52	9	26
82	71	16	51
78	83	43	50
15	52	60	76
11	66	18	40
50	30	43	22
50	75	56	46
20	90	59	49
77	3	90	50
49	57	74	87
67	83	4	58
2	65	73	51
10	89	37	38
67	27	47	70
9	86	75	6
14	69	30	87
24	93	73	12
61	10	27	53
92	31	73	67
25	85	20	85
2	4	36	31
52	20	82	50
56	20	41	62
82	68	72	97
52	16	34	8
92	61	89	0
62	84	46	36
54	79	44	24
66	90	4	9
33	99	34	4
11	22	55	41
68	64	70	24
58	75	14	9
50	11	93	40
15	36	69	68
74	45	95	76
75	17	96	91
63	62	64	52
81	29	97	69
5	48	31	97
13	22	78	79
65	35	73	55
96	64	94	97
30	66	30	66
27	79	65	51
68	79	60	95
10	62	27	20
13	24	34	66
4	71	54	51
67	16	11	40
44	40	94	99
67	67	22	15
99	30	42	26
82	80	28	34
61	82	68	2
8	52	41	72
29	28	92	58
12	78	99	10
68	25	7	28
84	60	27	42
39	12	20	83
82	8	84	24
42	20	89	84
48	8	32	91
98	22	69	39
75	63	3	21
31	31	57	57
73	0	50	0
54	25	63	95
31	58	90	20
43	68	15	91
88	14	62	59
92	15	29	61
91	87	67	76
9	99	51	50
50	26	51	42
69	88	29	22
45	36	60	40
31	48	95	6
47	11	33	17
69	97	65	57
71	88	9	67
57	86	86	32
7	40	70	17
17	73	22	99
84	39	14	55
55	88	30	42
92	61	28	98
66	33	81	52
61	93	70	80
78	62	64	58
50	28	32	91
78	78	89	74
88	33	32	29
83	9	2	82
58	67	74	96
58	88	65	73
58	17	56	23
2	41	20	22
74	55	5	27
55	39	63	13
71	53	9	32
1	52	69	51
91	88	22	11
87	68	0	61
62	59	32	61
21	65	72	47
12	10	54	27
3	74	26	18
4	60	24	4
79	32	71	6
47	4	32	13
18	9	34	6
55	43	64	96
6	2	92	6
81	61	20	91
97	41	48	16
61	3	6	26
44	95	82	29
87	25	13	17
33	58	28	3
75	48	72	59
10	30	11	2
68	18	22	17
12	80	8	6
55	15	52	14
2	8	62	59
61	35	8	81
88	74	72	23
32	17	16	49
69	88	6	31
91	4	57	25
73	65	16	7
16	7	61	18
6	14	0	67
85	12	98	74
21	30	13	93
46	98	84	95
64	59	36	67
9	20	22	97
50	36	86	96
18	1	64	81
13	53	17	18
16	49	63	56
90	31	10	61
91	63	79	74
80	21	42	57
70	94	9	85
91	2	17	49
26	1	56	19
65	32	80	92
81	66	78	15
95	79	76	77
10	61	6	86
56	11	15	96
59	7	10	19
44	31	27	14
32	13	30	88
74	90	95	58
83	87	93	14
43	27	62	91
18	31	75	29
95	30	93	15
86	60	60	58
22	61	47	49
38	63	83	81
49	87	3	19
66	48	2	68
18	1	52	31
44	19	1	13
56	97	18	1
20	15	2	14
30	36	36	22
40	43	75	79
44	80	42	30
28	56	63	47
28	24	97	85
7	28	13	2
59	33	93	41
45	82	60	33
84	88	88	29
11	79	28	74
25	73	87	64
77	70	85	99
33	71	72	96
18	17	7	1
22	33	62	6
50	34	34	62
19	8	46	40
68	34	35	48
95	23	59	33
41	49	25	89
48	93	7	74
9	64	15	66
80	86	7	78
17	22	23	91
39	24	44	68
23	44	31	99
35	24	0	95
58	73	60	72
8	72	57	57
26	59	53	55
93	79	59	81
27	57	30	73
99	67	94	16
5	56	66	3
61	8	39	84
63	19	8	7
25	34	69	44
64	66	65	79
71	88	75	44
85	50	72	77
93	27	95	90
79	44	67	51
6	53	95	17
20	68	91	73
70	52	55	92
87	86	8	33
2	15	44	16
81	21	18	11
36	61	90	36
24	18	28	81
66	18	37	11
70	47	58	3
97	2	73	33
94	79	89	7
18	61	87	63
99	51	70	85
35	83	81	58
77	54	49	52
23	73	26	69
48	97	62	55
56	41	18	78
48	84	17	57
72	83	18	62
30	64	82	15
48	52	75	87
66	99	25	42
53	20	9	20
52	20	58	20
98	32	6	57
32	91	36	51
66	23	86	93
35	86	21	59
91	10	20	96
22	75	88	57
16	76	25	27
74	96	4	52
25	98	63	98
57	25	83	57
15	24	21	42
12	31	6	66
99	50	29	42
99	61	98	23
43	49	41	56
65	8	76	69
19	34	68	37
23	22	1	66
27	63	80	98
54	46	44	84
69	59	28	24
67	62	52	63
0	39	55	8
83	27	91	7
47	52	23	78
63	69	42	76
48	63	15	35
81	0	68	97
4	56	86	6
80	52	1	57
81	4	37	83
67	92	82	0
72	73	50	2
22	66	21	0
16	52	75	3
46	17	82	99
71	57	4	27
40	84	26	94
50	66	96	58
31	59	8	55
81	15	63	8
49	66	74	38
34	86	90	27
77	97	10	64
21	37	12	9
88	54	59	87
46	56	52	56
69	63	68	57
44	19	22	31
54	74	50	4
83	65	93	53
94	99	16	52
55	31	36	94
46	98	66	27
55	75	61	93
13	18	68	71
18	32	83	58
75	78	10	47
86	7	26	22
60	6	93	47
39	0	0	38
26	74	10	45
52	95	76	78
12	57	90	64
97	22	34	61
15	58	76	77
21	89	7	39
72	44	66	48
82	14	53	13
18	30	44	44
22	38	5	80
2	31	34	29
16	62	24	38
72	31	31	81
23	23	16	36
66	71	73	8
28	27	96	97
3	77	45	67
77	89	39	77
52	96	74	89
54	77	22	9
19	28	76	50
82	72	90	95
13	7	77	50
65	97	51	74
35	37	25	39
16	57	60	82
92	54	28	27
48	26	82	88
48	63	89	0
51	46	15	31
86	49	54	69
11	88	11	55
44	99	54	17
52	83	93	62
67	93	57	27
44	63	47	86
25	88	2	1
8	51	23	88
21	93	52	66
2	91	70	4
42	72	82	49
72	65	36	65
70	27	33	58
88	87	87	23
2	68	44	22
85	10	47	93
76	65	95	58
30	26	59	75
22	52	85	71
80	97	13	60
52	36	31	80
17	65	0	34
6	28	64	34
47	47	18	32
24	89	73	6
69	78	34	44
67	57	35	35
2	15	43	5
54	83	70	48
78	66	75	11
65	60	51	1
61	25	28	75
34	52	46	91
24	7	90	73
2	87	13	59
29	64	32	91
85	59	80	63
76	69	53	58
13	61	40	8
26	32	82	42
29	59	1	49
68	52	80	46
93	97	46	91
53	16	81	1
28	60	16	2
45	64	98	64
98	88	77	62
66	82	46	69
4	70	29	70
63	82	22	33
78	33	70	79
22	62	4	96
80	39	80	66
16	79	97	65
61	37	51	80
74	17	80	11
50	77	86	82
86	11	38	45
37	83	24	11
93	18	41	36
83	80	82	26
1	80	53	25
73	64	8	26
31	42	58	61
52	59	29	45
75	22	10	69
1	34	28	32
55	85	71	42
95	14	96	93
35	53	9	69
24	61	9	22
2	12	13	95
24	62	59	33
88	95	60	61
70	12	25	67
51	20	70	87
92	65	30	16
45	64	25	99
50	60	21	14
12	88	66	89
20	33	7	92
26	37	53	99
53	35	23	23
28	42	17	3
90	21	29	37
81	96	49	60
37	59	83	28
74	46	48	82
45	35	46	18
12	77	61	54
11	30	63	10
41	2	70	8
42	18	23	90
58	29	8	24
83	47	55	66
54	25	25	7
86	41	77	92
96	99	90	13
60	75	25	50
33	38	18	34
88	75	86	56
23	58	23	15
27	21	34	65
22	94	0	86
5	55	24	0
25	78	11	43
27	10	29	83
4	57	90	44
28	20	77	78
38	69	83	28
17	61	65	74
64	25	90	66
75	38	45	77
14	18	9	10
63	43	28	13
28	40	11	70
31	90	36	2
16	21	48	36
72	95	82	63
12	37	79	2
19	63	8	65
11	12	30	10
11	67	15	95
40	70	0	77
50	94	42	74
88	88	50	54
90	9	5	19
35	45	97	26
64	26	93	65
32	45	58	18
59	25	91	49
5	53	95	1
95	5	13	18
94	4	13	31
13	53	75	2
6	10	74	65
69	89	30	14
77	35	45	4
36	23	14	62
96	0	48	37
14	4	23	30
31	79	31	59
12	61	51	78
70	56	11	49
51	25	79	16
22	80	24	60
59	9	82	70
90	50	34	12
5	37	87	2
86	43	33	89
57	71	2	15
83	66	34	79
12	65	11	70
20	31	15	33
80	63	70	22
97	60	68	61
26	39	72	32
68	9	62	7
92	90	58	50
78	8	76	93
74	2	58	25
39	64	91	74
22	54	22	23
72	10	92	97
2	40	89	43
94	2	10	2
2	4	78	30
72	64	55	71
87	77	48	95
1	42	21	62
47	98	9	14
86	39	34	81
97	61	48	37
19	33	98	72
91	55	22	35
85	60	2	58
99	51	35	95
62	97	95	59
18	26	95	96
92	96	16	63
69	97	33	10
16	17	52	54
79	76	3	45
19	86	77	87
96	51	15	35
3	39	19	0
65	88	18	92
37	2	79	95
39	59	65	88
27	91	42	81
98	81	15	86
93	50	40	32
49	8	0	41
81	81	60	30
77	32	45	27
99	59	16	76
96	8	6	60
21	88	59	4
9	33	36	21
23	33	6	15
48	86	43	28
2	38	13	57
98	35	10	95
45	14	81	39
64	39	89	85
43	79	11	60
49	95	31	47
45	38	6	44
26	29	79	13
15	88	73	57
94	48	61	85
78	64	58	94
51	96	56	84
43	21	71	68
75	83	78	7
6	66	12	60
29	65	68	16
35	68	24	76
65	31	90	95
17	25	82	85
36	36	95	48
82	22	1	5
57	10	38	32
9	66	51	28
35	1	56	12
95	42	59	83
72	80	18	11
30	76	50	49
1	93	71	69
70	64	78	6
64	63	58	24
30	92	66	99
80	62	59	16
69	69	89	93
77	12	76	1
3	89	74	81
59	88	30	15
95	81	57	71
23	49	47	31
84	35	52	80
13	19	31	67
16	34	80	31
4	77	92	58
87	76	2	75
88	77	64	42
61	51	3	99
5	88	93	19
21	58	9	42
60	95	88	84
58	7	64	25
8	98	11	17
88	98	83	47
47	72	42	6
70	9	18	62
15	31	62	28
41	60	9	46
67	50	98	91
88	18	16	81
12	38	34	62
39	86	10	6
4	45	72	49
15	2	71	50
77	25	68	26
45	36	84	47
88	65	49	38
0	91	58	28
55	61	94	31
75	55	22	29
21	55	24	95
88	60	30	65
78	48	14	62
49	90	36	75
54	86	74	74
36	72	6	12
87	43	94	53
7	39	74	21
3	39	5	89
11	89	58	28
34	84	60	51
77	96	79	65
25	18	77	89
81	48	93	48
49	11	8	45
66	76	57	38
73	92	59	9
84	46	64	64
28	45	39	52
12	54	35	90
63	28	28	88
61	85	40	54
46	56	40	0
81	12	62	57
26	21	78	84
37	69	80	78
54	13	61	35
8	41	36	94
76	17	81	37
47	68	76	88
52	4	63	27
5	63	82	15
83	81	25	90
76	51	53	94
48	50	34	48
24	4	45	5
19	46	24	64
31	24	10	58
44	89	31	32
5	52	72	91
30	45	52	27
15	46	18	25
64	87	88	97
34	28	64	47
58	58	8	59
39	18	84	58
71	66	45	87
19	20	88	95
77	43	17	78
52	18	89	73
27	98	99	43
36	12	23	16
24	83	73	47
44	13	51	11
61	93	55	48
0	31	6	43
99	92	19	91
10	86	95	40
69	34	31	40
18	40	22	58
43	28	62	35
47	40	51	64
91	6	16	58
62	40	73	96
92	56	43	43
92	32	6	38
88	33	78	10
81	10	93	20
71	96	5	71
68	71	96	59
41	55	99	4
69	37	77	28
61	34	48	62
97	79	66	10
22	24	46	13
62	41	83	81
12	95	86	65
34	1	28	21
60	84	1	37
32	2	68	50
55	49	48	46
62	30	23	92
30	95	49	44
24	82	96	0
72	18	91	73
51	12	93	59
6	26	1	13
77	28	77	19
55	96	58	12
92	36	18	82
72	94	34	39
52	84	97	78
87	1	64	14
11	94	99	42
56	89	39	35
29	9	14	2
17	29	88	27
23	83	7	35
99	9	0	56
77	54	7	22
29	23	25	76
63	63	8	60
96	15	56	3
96	83	52	63
80	32	21	22
95	69	54	3
93	29	14	2
94	42	65	2
82	17	6	5
84	37	38	54
21	27	30	7
27	4	38	16
56	37	76	44
32	84	26	59
68	21	82	34
49	5	66	54
50	53	20	79
77	46	78	42
94	67	1	68
38	46	76	89
90	97	45	56
66	20	70	97
90	46	37	62
55	3	4	15
60	76	57	73
83	59	39	9
58	34	50	64
82	58	20	21
45	93	44	51
59	10	87	29
83	22	89	30
9	16	86	91
62	86	7	62
89	2	5	31
58	36	97	32
70	5	15	31
26	15	17	61
59	53	55	50
88	27	89	60
69	9	0	42
47	59	1	95
51	58	32	43
87	13	93	23
12	55	59	78
7	57	4	94
98	25	32	9
31	57	73	61
12	44	61	49
36	54	84	11
3	20	80	67
82	74	74	45
60	31	37	33
68	11	53	11
4	5	43	22
26	92	63	94
84	71	30	42
52	44	87	58
71	47	74	86
77	36	11	24
50	86	49	0
20	40	92	1
91	49	44	30
11	62	84	10
56	86	82	11
43	31	93	15
43	79	62	21
36	66	34	68
94	19	71	40
43	63	73	44
78	29	51	2
0	57	47	8
62	64	30	91
53	99	81	19
92	33	56	40
78	71	64	24
15	75	35	91
90	44	67	93
12	38	32	13
79	91	15	86
32	53	58	72
36	42	14	94
37	51	47	10
7	33	66	7
65	26	87	24
21	55	17	18
97	37	79	15
66	67	39	1
17	69	8	25
12	92	88	72
61	41	54	39
96	56	86	78
71	25	48	53
3	91	65	77
35	39	74	99
62	98	27	69
12	45	92	37
24	41	94	72
37	14	62	80
0	78	21	40
51	0	44	41
19	86	98	26
4	31	89	72
17	89	10	62
13	84	27	50
63	48	54	30
30	75	15	89
28	85	76	56
17	34	47	62
54	86	50	25
47	66	33	93
51	22	55	48
4	0	66	16
51	71	77	2
46	13	10	43
70	8	97	19
55	32	54	83
41	48	8	26
33	1	3	96
15	61	78	8
20	67	84	28
18	60	5	46
57	45	15	40
75	7	55	38
68	13	38	18
67	72	6	56
91	39	82	50
68	80	86	85
34	2	23	3
23	69	0	94
27	7	26	96
32	67	51	26
46	64	28	1
23	60	41	47
60	28	36	78
78	55	78	76
58	30	6	73
83	51	15	98
13	43	91	59
46	10	24	24
88	55	3	4
52	85	61	74
60	75	42	95
32	22	16	71
29	49	37	1
61	77	42	94
48	29	88	79
68	82	1	50
4	12	90	22
51	74	24	73
68	31	12	8
9	19	66	91
27	19	30	96
72	22	62	11
12	9	55	22
96	81	6	78
74	92	90	20
31	93	20	54
24	64	32	29
64	34	85	29
63	97	52	48
52	4	77	82
49	78	10	42
19	1	76	86
25	34	33	17
28	45	59	33
99	75	72	8
89	33	46	78
24	25	59	99
29	57	26	69
14	8	70	53
83	78	34	22
87	45	3	29
0	68	0	17
38	19	49	76
32	69	92	16
32	31	18	93
42	77	57	68
8	64	2	20
75	6	50	21
41	49	20	44
30	16	77	56
25	42	60	10
7	49	37	44
16	54	20	51
59	40	80	10
87	34	21	36
65	80	41	32
68	28	35	82
49	48	85	15
54	62	68	0
16	47	60	58
26	57	3	21
85	98	61	0
68	9	56	95
94	41	90	45
0	28	41	79
14	55	95	68
68	4	97	97
72	80	94	40
73	63	10	7
76	20	46	70
66	35	13	39
91	90	20	13
71	22	99	87
6	81	44	71
62	35	52	80
1	63	27	88
15	16	21	31
30	83	69	79
81	70	12	79
41	55	76	78
83	84	26	49
80	6	33	92
19	39	45	40
68	66	69	3
7	25	24	75
68	89	82	88
53	20	5	35
68	64	30	6
58	74	96	17
37	77	7	8
82	28	12	91
37	28	11	15
1	9	71	15
31	1	9	94
1	37	96	60
0	98	24	54
8	38	82	93
69	52	65	29
18	15	93	39
76	90	50	25
9	90	34	58
92	14	75	57
65	2	15	99
81	47	8	84
4	58	82	99
46	17	46	49
44	42	97	15
7	69	18	11
87	71	50	10
63	65	61	94
62	24	28	67
36	65	47	70
7	9	35	17
7	50	78	91
44	84	14	50
17	60	49	95
83	4	12	10
96	98	20	39
97	88	37	21
89	78	12	78
94	26	8	98
34	0	3	36
92	58	66	78
50	10	76	2
75	32	83	32
53	37	73	8
88	95	20	19
13	57	2	65
72	36	55	90
52	51	61	83
1	75	18	37
32	41	88	86
12	35	46	56
95	79	24	57
53	99	9	38
79	84	23	35
56	0	6	14
54	85	49	23
70	0	31	78
19	35	76	47
6	34	6	78
10	45	70	92
11	98	37	52
41	23	3	16
52	82	81	31
35	74	31	26
85	22	85	94
48	46	38	18
22	62	31	45
77	44	24	11
30	13	3	56
48	96	82	47
96	14	25	36
54	45	12	32
2	80	93	88
59	75	44	64
60	19	30	79
91	58	39	7
58	70	0	21
71	74	77	88
40	37	98	33
20	1	63	76
50	98	42	97
51	35	51	55
69	38	96	29
66	3	56	37
75	18	77	83
45	90	61	27
2	4	48	21
76	10	43	58
55	54	29	92
16	42	55	22
18	45	51	32
78	47	22	36
81	61	58	2
24	79	31	59
37	14	94	46
87	29	79	58
94	37	74	11
74	63	21	33
62	54	65	0
38	28	49	54
82	11	40	14
52	41	33	75
22	69	54	1
47	8	35	89
65	92	37	40
73	10	62	17
40	24	39	69
14	31	20	9
65	39	64	76
89	64	6	53
3	99	89	4
8	19	85	54
19	75	34	45
90	8	81	72
49	22	74	27
2	64	60	91
48	45	36	8
44	58	0	1
86	84	37	74
21	57	9	20
38	85	50	39
97	74	18	57
58	92	26	66
89	78	51	39
39	97	55	62
83	77	9	60
75	32	59	6
71	7	50	91
13	53	89	17
14	21	94	73
27	78	50	51
32	33	12	7
33	97	35	23
1	46	37	61
75	89	63	65
15	12	86	50
41	34	53	35
89	34	25	17
3	81	35	4
27	58	28	42
19	51	72	73
72	27	90	67
16	27	41	24
58	29	58	15
92	99	10	97
79	76	18	99
72	17	19	19
10	32	34	16
60	20	45	64
39	12	78	13
44	85	19	61
92	0	59	74
23	20	12	27
47	31	62	42
33	72	1	54
7	70	56	83
93	24	64	37
83	94	75	79
21	96	52	94
57	56	7	71
57	45	96	90
20	6	69	29
58	2	31	66
11	23	6	74
28	35	68	67
36	22	90	29
44	33	6	51
79	68	85	76
65	30	97	62
74	66	63	86
55	35	79	81
63	8	67	97
90	78	65	21
87	40	35	35
55	66	45	87
0	17	50	89
17	54	1	81
26	44	99	62
72	82	11	1
43	9	66	35
65	8	61	0
3	63	89	25
94	62	6	7
20	75	86	38
84	89	64	8
7	86	71	45
78	2	49	5
28	33	92	45
0	9	21	91
55	49	86	54
65	76	86	63
37	92	41	96
96	73	16	53
45	57	28	78
36	15	22	0
14	83	96	61
69	60	7	10
53	94	82	35
2	10	43	31
0	7	8	86
60	52	8	55
17	38	0	42
81	43	55	40
26	85	39	81
79	25	94	76
84	31	42	2
90	80	50	35
13	97	78	28
7	36	39	62
74	41	43	31
60	64	29	10
39	42	9	17
70	62	52	75
13	31	1	29
9	6	64	36
87	65	28	84
64	26	32	90
45	77	6	37
81	62	16	20
1	32	62	48
71	33	64	51
45	3	15	75
34	10	52	68
76	7	43	94
35	45	45	13
9	18	71	92
56	14	93	51
15	81	27	76
43	15	65	54
0	77	38	61
10	56	55	35
25	38	60	74
19	21	84	56
86	49	39	52
62	72	95	30
9	63	60	53
82	75	24	61
42	89	93	58
6	84	2	52
63	35	67	18
53	19	31	93
96	71	90	93
76	12	91	28
82	7	52	47
96	1	52	49
13	99	32	30
28	26	49	1
47	86	89	26
5	76	77	89
32	66	56	11
85	30	84	29
97	65	75	98
32	55	56	61
82	18	4	53
87	1	65	70
21	88	46	90
22	64	23	5
30	62	14	29
45	41	64	83
14	2	32	63
50	51	69	92
29	27	44	87
72	24	2	30
1	85	90	96
84	94	7	32
42	70	68	70
40	27	16	41
53	21	38	85
68	1	20	70
19	53	60	95
20	36	33	5
59	83	27	59
51	67	98	20
95	99	20	79
82	99	52	2
11	2	33	51
85	17	62	0
65	19	76	31
33	12	12	6
36	62	10	56
0	57	90	85
22	17	90	68
80	40	87	20
0	58	83	18
2	82	20	42
21	27	94	31
91	67	87	83
87	14	42	20
88	96	2	54
11	47	28	67
26	93	19	24
32	56	30	74
28	93	3	54
42	68	34	72
62	59	94	54
30	7	81	66
97	66	31	4
56	29	6	55
53	52	15	28
8	69	98	34
37	12	54	93
11	88	78	20
61	29	91	52
52	74	37	19
12	53	26	66
24	25	18	98
87	47	1	90
52	5	64	93
60	60	16	18
52	87	54	9
88	11	43	27
38	54	3	79
15	95	16	55
42	32	10	12
93	56	6	64
87	87	67	55
64	98	91	92
57	18	67	25
98	17	77	13
82	91	60	32
44	21	75	56
89	9	50	28
49	4	24	96
80	90	22	0
43	87	62	40
63	10	22	96
28	91	56	25
54	96	29	2
95	74	19	65
12	11	65	55
47	62	42	52
94	70	44	8
95	76	69	94
29	20	69	33
99	78	27	98
52	25	73	52
74	21	0	6
70	56	88	32
21	6	92	0
68	69	1	57
46	48	30	78
27	34	73	75
5	86	66	33
83	67	2	22
89	89	77	72
70	38	37	38
88	36	73	22
27	68	64	29
76	70	52	4
95	95	25	39
48	24	1	83
90	54	49	54
3	70	11	78
91	29	87	8
10	91	90	91
61	50	48	36
21	36	56	12
15	98	27	94
64	37	24	45
37	53	48	33
86	19	19	57
57	85	37	47
83	43	93	3
4	33	78	97
76	64	62	53
97	37	39	4
43	16	14	54
4	41	70	56
43	56	4	42
31	91	78	35
99	8	29	71
5	23	89	30
59	27	68	72
91	94	35	49
80	14	13	40
71	83	43	41
73	36	59	48
29	36	65	85
86	26	54	88
7	67	99	19
27	84	94	77
72	98	65	49
20	55	62	17
77	37	64	15
65	88	97	68
63	41	1	23
61	83	85	65
39	47	41	12
14	94	13	87
88	65	68	75
71	10	27	73
73	47	8	49
61	38	22	19
69	30	55	86
82	71	15	89
12	99	9	73
13	49	2	82
23	77	27	0
19	22	97	53
13	27	49	13
74	36	3	0
24	22	42	83
39	27	4	17
50	79	62	71
0	54	60	24
45	26	25	84
11	22	0	46
33	1	73	55
22	1	15	75
95	8	49	91
7	19	43	96
73	9	50	40
60	25	52	59
67	25	68	48
11	19	88	1
22	95	50	37
53	48	95	48
64	86	76	91
4	68	16	26
82	28	10	2
72	60	86	7
48	13	87	96
32	66	64	76
19	47	68	11
68	6	42	24
14	1	75	73
49	61	54	98
8	42	65	82
8	86	28	61
8	42	88	40
60	98	15	97
22	99	71	57
0	4	57	76
85	86	87	71
84	13	58	87
59	89	88	90
1	82	67	33
18	7	3	26
17	2	63	16
86	78	50	49
89	96	98	3
85	88	96	22
99	57	77	94
84	0	80	71
9	25	95	39
31	38	38	92
1	31	59	83
22	70	84	5
62	8	98	62
90	84	5	12
86	45	33	60
29	8	42	17
22	92	6	61
83	11	17	50
58	5	2	54
29	13	99	28
73	72	31	75
1	17	81	24
19	82	53	86
4	77	63	92
88	41	60	30
64	23	21	51
90	48	4	85
82	51	83	72
45	5	87	56
76	66	15	5
11	81	41	0
57	31	45	81
41	9	65	87
52	69	64	49
50	80	84	53
13	96	42	68
99	81	41	99
89	6	15	22
26	55	19	82
82	21	94	59
2	23	43	72
86	95	19	75
41	38	6	96
81	61	91	15
39	72	1	76
90	46	91	35
93	42	61	97
50	81	66	29
85	25	51	90
52	69	82	3
61	65	57	50
0	19	40	64
63	4	42	10
20	18	68	55
31	7	79	43
34	22	25	59
72	77	11	56
10	1	62	69
89	97	14	25
88	40	35	74
2	96	33	46
38	56	9	67
57	95	58	45
90	39	69	38
40	98	78	22
8	84	54	61
41	73	20	22
3	43	67	91
72	4	40	38
88	78	20	15
68	44	99	15
43	17	79	50
28	75	85	89
61	12	66	17
41	72	4	65
35	86	63	13
27	66	72	85
98	30	50	61
78	62	54	64
85	39	18	24
94	70	94	27
58	77	29	60
38	22	96	16
73	54	80	81
80	85	87	76
45	93	51	97
25	23	11	98
57	2	32	2
54	79	71	65
91	36	55	50
36	11	47	75
33	34	87	23
82	72	83	99
52	41	79	0
18	97	2	35
65	31	3	36
90	94	61	93
83	14	90	44
30	36	39	33
46	75	63	91
35	88	15	84
18	32	49	12
0	70	46	94
33	19	84	5
8	10	85	39
72	93	39	67
82	39	69	15
1	45	54	43
34	10	99	76
15	18	17	57
44	49	93	12
68	95	10	10
52	33	25	35
90	23	18	42
48	48	1	79
63	34	11	54
15	3	59	23
20	7	90	89
92	27	94	23
0	27	99	86
28	58	62	67
20	19	52	10
92	57	28	67
16	38	94	10
37	39	96	64
36	87	89	44
43	35	42	62
29	95	42	21
48	15	50	4
71	43	33	96
50	49	31	63
79	23	73	54
33	84	85	60
30	34	50	41
69	18	24	85
77	89	80	96
14	6	18	1
88	90	38	94
5	0	13	86
56	25	64	20
62	88	29	45
9	81	91	14
64	8	35	53
19	48	18	61
68	34	48	73
4	71	65	42
45	91	55	29
20	64	85	43
53	3	23	89
59	35	86	33
15	4	37	79
55	85	74	56
81	52	18	21
77	91	15	90
22	87	0	18
25	61	93	99
23	91	99	15
25	29	1	33
47	14	58	0
34	86	87	59
16	98	47	67
46	63	66	62
88	33	66	72
34	68	8	53
10	37	55	63
86	59	31	52
50	84	74	62
33	15	55	36
99	40	1	27
13	25	53	60
25	37	27	92
63	29	98	79
6	4	89	97
30	24	73	57
66	95	17	61
88	4	28	72
77	30	73	94
66	81	40	84
83	95	37	49
31	39	89	21
86	95	55	29
25	58	6	75
67	44	60	17
8	92	71	21
8	54	14	33
56	4	12	25
63	4	13	34
86	24	26	27
6	96	75	93
48	99	46	19
24	97	26	22
20	22	76	91
24	16	41	76
25	56	64	81
82	29	65	21
44	71	88	43
17	32	11	12
16	77	72	8
8	94	8	58
77	90	4	41
28	21	10	69
83	49	2	50
31	93	11	18
34	25	74	52
9	83	4	87
10	64	74	46
44	32	68	30
47	5	4	91
25	23	93	22
61	19	60	68
30	60	80	23
65	53	74	83
20	56	49	93
86	16	30	63
47	63	25	50
81	71	3	25
88	20	93	10
32	51	91	89
23	36	57	49
84	50	81	90
58	84	10	90
56	11	5	8
93	29	75	97
93	9	86	59
57	54	34	45
59	63	50	68
64	59	69	49
59	80	79	96
82	34	91	96
61	12	69	77
14	85	17	3
76	93	95	14
50	97	92	29
16	35	31	95
34	42	25	96
41	56	48	12
49	79	15	59
18	89	97	44
85	56	31	73
46	47	91	70
63	55	99	61
88	50	80	46
3	96	62	19
86	72	36	58
37	4	54	97
78	36	95	60
0	47	44	59
4	57	48	86
50	54	33	86
56	86	24	98
98	69	55	21
26	78	57	12
20	72	36	41
93	94	92	27
59	39	61	40
6	20	41	46
47	76	69	32
39	49	2	50
80	55	98	9
80	73	33	22
89	31	38	31
20	6	92	55
62	6	26	17
25	83	92	78
27	9	74	50
9	25	73	70
70	86	61	38
96	83	46	85
5	39	50	74
81	10	25	40
83	13	69	33
23	84	25	97
62	19	81	71
99	83	12	64
58	68	60	33
45	54	59	78
59	40	11	85
32	18	96	17
83	33	66	95
55	39	47	86
61	64	75	76
1	75	86	22
26	86	15	13
49	92	94	28
54	91	73	82
73	39	64	44
23	64	87	65
16	17	8	18
21	74	72	81
79	82	77	84
54	89	59	46
2	83	67	91
38	38	40	64
66	64	13	21
99	30	53	36
87	20	5	9
77	96	92	74
19	13	49	71
13	88	28	83
80	18	42	39
97	95	27	78
76	44	52	56
61	51	81	48
29	40	97	33
84	50	68	5
91	93	72	25
88	69	50	77
36	29	41	81
87	13	39	91
93	27	32	33
44	35	12	67
31	0	41	72
91	94	99	30
50	37	48	4
23	1	89	7
93	75	19	32
10	0	60	16
1	5	40	56
17	34	61	55
80	4	93	87
27	77	86	41
30	10	31	50
65	35	68	91
37	25	40	68
15	80	57	31
40	25	71	85
54	42	12	15
76	92	23	18
8	2	79	15
89	78	1	99
68	10	50	66
37	48	19	92
94	92	40	99
46	62	47	1
6	0	87	88
97	15	74	72
11	49	83	35
45	24	79	37
79	58	62	29
74	5	47	6
23	20	21	83
52	24	72	46
54	77	9	88
91	13	1	52
35	77	54	88
64	83	47	69
13	2	20	88
99	17	27	1
53	80	64	77
94	90	20	87
76	37	81	67
15	90	46	65
56	10	94	96
50	58	41	39
73	51	69	49
3	83	46	36
50	8	35	10
48	24	58	44
57	66	11	26
2	79	54	23
56	54	31	89
23	30	50	94
39	24	4	42
21	71	83	92
90	44	16	6
54	36	17	32
51	49	39	83
47	14	37	93
96	46	93	49
52	57	12	20
57	41	71	24
20	16	23	86
83	18	36	57
63	47	68	20
36	99	37	74
90	66	47	24
87	10	45	74
77	33	40	32
31	96	48	13
65	93	12	35
25	53	0	28
78	79	30	48
78	73	12	53
20	38	29	91
94	46	37	9
70	49	8	49
78	3	26	66
99	54	54	43
86	2	49	37
65	18	45	7
79	96	95	4
20	87	12	93
67	57	19	18
56	2	64	75
44	51	49	75
53	63	49	24
18	68	66	17
89	91	25	75
1	29	29	73
54	4	28	90
90	32	99	41
35	36	87	83
37	73	92	14
69	70	53	15
47	71	85	52
21	95	3	75
31	43	16	26
73	91	21	40
22	59	85	20
64	8	88	81
81	82	80	15
98	11	6	31
76	13	26	83
18	76	69	95
28	23	9	91
20	61	10	45
52	52	92	9
84	32	51	38
82	4	70	38
15	88	76	20
37	85	49	59
65	37	21	46
90	90	91	40
98	97	61	19
72	34	63	46
19	96	46	44
62	87	1	14
5	30	79	40
47	88	53	35
12	50	80	14
30	45	19	94
40	10	40	84
43	51	66	80
25	30	1	41
38	5	97	77
36	7	40	59
10	51	93	9
43	25	7	21
53	48	16	73
76	51	3	51
47	16	71	54
63	98	15	17
87	12	96	6
52	3	78	22
5	59	84	89
17	30	40	17
43	44	27	76
13	28	64	87
1	46	29	19
36	85	96	11
35	76	22	31
29	0	69	49
69	93	67	17
66	14	33	17
75	54	11	19
71	38	3	58
47	9	5	6
73	59	86	20
63	73	53	41
7	9	87	42
75	77	7	20
61	47	20	86
12	12	43	82
74	76	39	96
73	63	83	20
95	63	76	10
7	47	53	93
60	92	9	66
66	68	43	93
31	82	97	0
88	18	93	61
15	3	45	86
33	57	67	44
26	66	47	12
1	97	12	13
93	27	26	19
2	77	15	5
33	46	65	90
66	82	32	76
69	14	94	3
1	66	59	3
25	65	40	99
20	31	91	33
70	83	7	60
92	74	58	37
88	40	53	87
91	77	77	43
34	71	43	86
2	9	12	26
68	23	94	37
37	15	84	1
54	31	20	82
75	71	84	94
55	57	15	61
13	72	11	47
87	96	64	49
88	5	30	60
71	80	92	68
80	21	0	72
55	51	32	59
56	95	67	63
86	48	30	45
93	51	13	96
11	46	49	40
51	34	13	49
0	59	10	95
79	15	14	34
57	43	5	61
39	52	90	92
28	1	63	40
74	85	67	20
66	95	57	33
72	59	20	20
38	83	58	97
85	72	84	71
33	96	88	50
45	51	57	59
55	57	12	50
71	73	75	15
92	89	28	83
58	81	62	98
22	84	23	55
93	93	6	55
16	91	6	77
96	17	75	15
38	98	78	14
46	70	48	64
8	43	5	95
44	1	12	52
34	90	27	60
28	1	65	62
50	56	33	79
66	97	18	74
14	13	44	59
3	47	51	51
35	59	47	50
87	11	10	15
79	54	43	6
89	14	86	37
32	15	64	90
37	69	97	10
24	30	80	31
57	53	49	86
39	76	25	69
54	14	74	38
45	18	0	11
53	12	85	0
26	7	27	87
83	61	13	66
61	36	26	57
31	79	58	25
5	57	67	13
89	17	82	17
41	25	44	19
68	85	57	12
45	79	5	49
26	61	2	78
62	58	7	18
88	17	7	66
60	74	6	96
44	71	11	8
24	9	45	58
16	94	98	75
79	13	11	51
73	8	99	43
54	89	51	30
9	64	29	23
18	78	59	93
79	60	67	73
68	97	25	17
15	43	61	67
59	32	39	74
5	55	92	51
75	62	41	55
20	80	98	60
79	21	40	38
35	5	95	18
46	38	83	76
83	82	27	11
27	83	71	77
25	54	18	62
85	7	18	17
18	11	52	87
98	64	37	93
3	23	32	54
36	20	28	67
71	16	68	92
34	30	28	37
9	21	35	25
3	77	53	27
86	78	99	34
85	95	77	18
45	34	7	3
50	16	40	4
25	50	90	68
38	25	82	88
83	14	78	77
29	11	90	26
70	4	67	58
20	94	82	76
39	50	46	0
23	24	86	93
80	30	0	53
86	84	89	60
96	11	50	70
16	99	89	33
43	81	33	46
48	82	83	30
68	14	29	88
79	82	65	59
27	85	97	98
11	37	39	85
15	7	62	9
44	11	59	39
60	13	56	41
90	40	44	98
46	69	84	72
55	0	81	13
46	91	42	31
2	90	22	6
42	48	30	41
20	74	86	57
54	89	27	66
25	23	68	87
40	98	51	42
52	67	29	14
25	48	62	52
68	28	37	69
91	49	99	42
10	3	78	71
82	27	17	66
72	15	88	23
23	55	90	3
39	79	54	74
18	15	16	71
12	33	88	26
51	58	74	75
24	25	76	37
20	79	59	25
49	63	42	9
59	39	29	12
38	34	30	11
95	24	23	94
87	6	59	48
38	91	14	14
40	12	99	97
78	53	82	59
20	29	25	55
73	6	12	72
4	75	87	17
27	63	80	99
1	82	49	14
20	10	86	57
49	27	68	46
40	31	34	84
51	70	91	66
98	68	20	80
94	86	43	62
3	96	86	77
32	99	95	96
3	68	39	9
42	67	6	46
38	65	32	73
41	3	66	56
72	14	0	33
61	69	19	33
66	23	53	52
40	91	13	41
35	37	81	82
31	81	23	31
62	74	42	29
54	70	20	0
29	30	4	18
98	62	34	33
48	5	42	19
13	53	5	47
51	91	37	4
21	83	25	90
90	69	70	86
27	90	79	96
2	53	22	10
86	95	42	72
3	47	34	25
39	3	17	8
69	95	77	63
32	16	79	46
4	13	27	29
91	48	6	57
26	46	16	60
30	94	60	56
49	64	1	73
49	99	51	87
52	62	17	32
12	15	63	86
73	76	6	72
67	12	81	54
41	76	98	92
87	56	77	74
34	21	13	67
15	6	96	4
62	40	77	29
30	74	45	10
83	29	86	54
88	87	88	36
83	46	31	73
1	58	99	95
84	42	97	91
2	95	70	67
79	1	10	26
35	51	23	67
31	87	9	57
69	23	85	46
33	77	84	69
74	23	3	3
41	81	45	88
76	53	8	87
59	19	74	87
77	61	0	32
22	64	42	13
49	41	26	61
56	50	57	24
11	1	93	56
98	6	85	54
5	35	90	77
78	21	98	50
48	98	69	71
76	51	47	9
80	89	53	99
55	84	31	26
95	84	76	57
25	18	89	70
76	46	26	86
74	65	34	28
42	75	12	58
81	86	47	59
54	83	75	8
52	85	99	21
4	63	81	94
44	41	24	30
9	98	94	30
24	60	35	15
54	25	56	79
71	72	45	9
36	16	3	42
42	80	18	90
47	4	82	10
84	40	83	1
50	82	49	83
91	17	34	93
48	60	53	27
29	19	49	31
18	71	58	28
37	82	87	28
80	4	83	20
78	24	31	14
42	54	28	89
23	62	17	19
81	9	93	82
26	90	61	27
54	50	92	12
82	54	64	68
94	20	2	87
33	14	14	23
28	39	84	74
90	60	8	56
54	38	46	27
88	5	1	89
42	55	65	28
32	19	32	87
90	60	94	2
59	29	85	67
94	70	53	87
6	87	37	94
42	35	57	43
8	36	80	88
18	13	44	78
49	86	91	9
6	96	83	30
66	5	97	24
53	79	33	18
52	14	82	55
18	70	85	96
61	89	78	54
79	6	84	45
85	7	17	7
78	43	81	9
3	7	28	37
38	33	90	29
3	62	35	4
30	88	59	78
0	94	48	17
17	29	50	60
20	51	39	46
61	25	39	9
33	73	51	11
42	48	58	28
98	49	51	17
70	79	15	96
47	38	7	83
94	63	91	74
56	68	16	86
94	44	68	78
22	26	71	56
36	48	36	52
36	20	18	68
77	32	89	41
36	42	98	22
18	55	14	69
82	77	54	74
32	71	33	54
81	73	95	43
8	58	59	98
2	54	47	74
44	22	96	24
78	75	50	51
45	45	59	66
11	1	74	59
94	61	19	64
86	64	87	4
37	46	32	78
83	0	20	63
8	40	25	59
80	30	96	57
21	82	9	35
13	28	32	7
83	99	3	41
34	82	87	80
35	91	86	31
43	71	67	45
25	96	58	70
76	15	78	64
64	62	43	3
55	51	91	9
13	24	94	83
96	79	28	25
53	44	24	89
43	64	14	49
15	63	10	16
69	61	31	67
21	39	76	72
39	83	25	83
0	77	17	18
77	83	49	45
68	32	17	31
91	89	21	0
48	93	88	91
41	74	39	52
93	27	62	56
3	56	86	69
19	40	89	66
46	95	72	31
14	64	48	36
44	0	76	32
18	76	24	45
95	33	42	25
37	65	24	50
21	92	42	11
46	47	11	50
0	55	53	52
21	57	76	76
26	2	8	93
50	30	38	26
32	41	74	85
98	63	28	81
71	22	9	22
22	36	90	96
88	25	32	63
23	71	23	37
56	66	99	34
57	31	99	91
54	15	79	5
72	26	52	36
26	71	81	99
47	54	53	89
12	11	5	25
98	75	3	60
17	36	28	31
64	94	24	39
22	18	67	6
57	85	24	62
72	95	36	51
90	24	90	2
12	10	21	46
26	74	93	78
12	19	87	35
97	21	71	32
47	41	76	29
86	47	32	27
87	42	52	2
38	52	69	93
46	26	19	54
72	77	13	48
24	89	93	37
97	88	64	51
24	4	3	48
48	60	15	64
78	94	59	83
21	91	40	60
49	94	88	70
2	17	59	69
28	27	4	97
53	94	29	98
78	1	77	33
48	21	44	86
11	54	76	77
18	29	27	33
48	33	88	3
99	94	49	7
45	34	20	20
55	17	10	83
65	60	5	19
13	7	12	28
49	2	58	47
40	82	51	98
0	70	49	20
6	26	99	83
52	70	88	13
0	24	30	94
43	92	12	58
24	7	20	41
21	59	53	96
35	1	66	63
83	21	20	85
67	90	77	39
60	21	67	42
18	98	27	25
72	64	3	47
69	92	74	92
50	8	98	46
72	2	48	50
4	25	30	79
3	45	26	53
15	73	97	2
39	77	22	23
31	28	24	71
97	18	93	90
46	28	34	59
91	30	66	58
73	16	38	93
67	48	21	26
37	50	32	96
95	71	52	72
85	75	15	44
77	76	52	85
31	40	32	75
10	66	61	85
6	39	29	22
39	28	56	83
6	97	33	47
86	96	95	75
75	61	74	16
14	21	80	96
64	52	61	26
15	46	15	70
89	46	89	55
41	30	33	56
19	31	38	80
43	5	99	35
45	56	0	49
92	45	70	85
59	33	58	86
66	29	68	60
81	62	58	39
6	39	33	45
27	17	97	83
83	0	52	59
52	26	81	58
45	66	78	43
75	4	96	8
71	46	89	89
63	78	98	80
46	59	28	5
23	55	21	75
47	87	1	58
80	99	33	40
48	9	14	15
84	14	64	2
43	25	73	81
27	7	20	5
2	72	12	93
98	75	35	90
45	3	96	88
3	37	27	72
12	49	41	53
63	82	95	32
95	25	62	97
81	40	47	40
66	95	56	8
86	40	41	72
74	23	69	81
18	75	98	5
97	1	68	78
65	67	41	19
76	80	97	72
13	38	9	5
55	55	22	7
80	19	85	72
7	69	79	40
12	14	13	20
27	57	99	80
71	68	75	99
54	37	31	6
43	68	59	35
14	64	25	63
52	91	24	78
16	95	70	95
87	1	6	62
66	77	45	56
38	29	33	86
80	23	53	42
88	78	29	38
10	43	26	48
88	50	67	35
32	21	63	76
98	79	11	53
31	69	39	65
23	3	97	84
31	38	82	29
38	82	89	37
66	31	85	44
74	58	74	16
9	9	23	16
65	57	88	0
11	99	11	18
39	63	15	6
46	41	16	49
67	37	97	49
31	26	9	66
93	67	78	73
95	23	56	13
79	80	19	74
50	82	18	38
70	70	98	3
16	79	97	32
41	24	48	71
12	74	85	38
47	22	7	44
20	37	23	15
6	1	27	65
22	41	99	85
19	58	79	60
28	6	49	14
69	46	31	70
75	84	0	5
95	80	27	27
74	73	17	32
47	82	96	14
51	32	10	0
25	62	52	54
94	24	9	41
72	93	74	74
6	53	39	22
0	21	69	41
14	71	11	45
40	46	13	46
9	35	62	37
35	31	45	12
32	46	10	71
70	85	55	80
99	43	26	94
42	74	13	30
62	68	86	54
51	6	13	48
10	63	31	37
31	37	39	75
7	27	89	54
11	98	70	28
15	30	46	97
19	19	3	35
21	31	74	66
45	90	60	26
33	61	60	7
53	18	49	61
4	51	86	15
84	59	18	63
97	57	38	21
59	16	29	91
60	96	15	99
63	72	29	17
66	63	20	49
38	63	75	97
80	85	93	67
33	88	51	61
13	10	68	87
52	39	66	16
32	68	46	57
2	49	98	31
21	69	48	21
38	69	25	34
82	40	40	74
22	61	58	72
45	54	86	52
3	42	64	27
96	4	16	69
17	17	94	30
86	61	46	63
39	29	22	44
85	34	5	11
98	92	93	71
10	74	12	48
63	46	28	79
4	21	24	34
52	55	17	64
45	10	87	61
15	94	33	15
31	42	66	68
36	52	28	3
10	44	59	42
5	46	67	40
33	66	59	17
4	87	91	30
17	40	65	88
4	32	56	15
40	96	16	21
79	59	42	52
93	20	24	7
95	74	58	99
42	47	28	48
35	16	10	44
50	35	51	95
86	40	99	77
88	44	1	9
30	45	60	73
23	6	23	83
62	83	35	43
81	66	45	57
4	8	79	24
85	72	70	43
8	47	65	53
21	47	19	50
72	49	69	97
86	55	24	28
92	26	81	67
0	8	13	19
94	41	73	79
64	77	23	57
75	16	64	76
40	70	62	15
63	84	70	32
97	48	70	48
83	51	32	59
91	3	43	0
33	46	58	79
73	40	86	95
26	11	22	69
90	48	88	22
64	65	4	15
37	81	22	46
70	24	95	13
45	63	66	71
73	64	43	94
11	82	42	23
98	75	5	86
26	1	58	35
62	10	94	25
98	27	62	51
23	12	8	48
44	72	50	62
44	50	96	25
5	93	10	82
23	81	17	62
76	35	20	69
66	60	50	34
69	40	72	45
2	91	70	98
73	93	78	26
25	42	41	75
4	32	30	69
99	12	2	17
10	0	75	88
92	38	82	84
21	15	93	4
77	50	23	13
22	12	8	29
2	91	36	33
94	44	65	33
29	81	35	56
37	55	35	1
15	82	6	34
10	94	4	10
49	37	98	53
9	16	47	87
3	73	15	19
63	42	93	47
73	49	54	40
79	36	66	22
15	22	98	39
6	74	18	7
86	26	84	57
46	11	24	12
33	48	53	64
39	16	37	73
89	58	60	61
39	63	30	12
70	75	38	86
18	7	81	28
54	8	32	37
58	36	1	61
24	42	6	30
83	2	83	99
84	25	50	47
13	56	67	23
95	71	87	70
73	37	94	26
67	24	9	31
83	0	15	52
56	98	37	97
56	0	28	67
92	39	2	93
56	33	14	97
40	8	41	86
49	31	88	86
48	80	62	59
92	51	15	83
10	97	91	14
19	70	66	95
42	19	77	34
35	0	69	34
9	12	90	75
58	28	3	24
10	50	49	75
37	69	75	41
23	18	82	59
41	0	78	70
42	46	43	30
54	54	51	47
11	28	49	80
61	40	25	81
94	66	4	69
20	90	57	73
43	36	10	16
17	10	92	9
34	20	32	12
85	73	70	56
98	2	64	9
19	94	80	83
93	1	65	75
95	8	49	51
88	69	86	17
43	35	29	1
35	40	46	40
7	12	95	20
95	48	70	18
26	48	53	48
56	27	23	16
44	17	13	25
71	81	23	15
86	52	12	63
73	63	74	79
48	39	75	80
6	44	79	46
37	31	25	40
16	37	61	16
12	13	56	17
26	21	69	26
88	79	33	43
35	7	45	62
73	74	0	16
51	42	10	0
38	66	87	40
55	83	99	49
91	96	51	60
7	56	52	27
70	49	92	26
11	35	11	30
85	63	66	41
37	45	64	69
2	55	78	59
33	29	70	5
80	84	52	39
56	85	54	17
21	72	46	1
50	84	89	2
55	57	54	92
17	57	11	46
31	81	57	51
78	93	93	41
79	86	45	26
83	72	73	0
8	49	20	64
99	63	19	18
66	76	4	75
74	77	87	22
72	6	7	75
28	2	39	28
79	4	21	63
38	62	18	83
84	54	84	68
37	47	47	68
61	38	85	1
89	18	66	2
99	22	53	77
64	98	72	5
10	91	85	94
41	56	80	3
57	20	91	20
93	19	85	25
59	39	13	89
17	37	39	60
37	19	64	15
9	41	18	86
81	78	58	45
61	52	26	5
58	81	44	68
26	46	9	79
37	28	18	25
84	82	87	72
52	24	56	22
91	64	94	15
2	5	38	14
61	40	63	6
13	7	31	36
92	71	34	91
9	84	78	80
22	92	1	99
91	85	93	37
95	3	14	93
86	28	65	21
7	95	17	97
64	12	12	77
51	51	80	81
90	65	12	7
86	14	93	9
3	39	23	76
46	26	10	9
93	38	50	63
5	13	84	14
67	80	16	10
80	24	47	40
4	12	47	30
90	6	6	72
35	56	17	67
71	41	50	38
1	2	84	13
0	17	75	77
80	98	40	5
97	83	28	79
91	83	71	34
78	79	19	86
31	78	28	48
95	16	42	25
30	77	8	78
40	34	39	87
36	70	50	92
66	0	74	52
28	37	76	88
69	15	59	21
83	97	81	22
89	27	81	64
55	14	75	19
74	50	39	56
43	84	98	8
29	26	19	31
4	76	20	57
40	54	56	15
18	87	94	42
53	17	98	8
88	85	37	52
25	54	77	77
98	19	44	84
16	50	91	57
78	50	17	13
6	23	23	1
57	59	1	87
55	96	3	26
86	90	20	44
88	66	6	49
98	42	59	21
9	72	99	68
95	37	64	2
99	84	1	64
62	36	95	65
52	89	22	1
15	18	98	26
30	47	68	11
44	68	14	64
64	2	91	85
60	33	92	17
32	1	26	1
88	55	81	52
71	40	96	8
19	57	5	90
74	72	37	47
69	52	58	31
70	37	0	59
44	9	4	19
97	5	68	14
91	96	37	74
65	15	40	3
71	5	44	6
96	1	11	87
95	44	47	79
42	95	31	50
55	22	7	61
36	77	10	14
88	91	99	77
35	63	82	53
12	55	59	64
92	93	62	43
98	16	24	53
57	89	71	95
65	86	19	43
8	79	66	94
94	30	17	5
2	33	52	31
62	93	67	87
35	66	57	61
59	64	62	19
52	57	56	99
19	3	12	48
44	38	45	33
88	65	69	62
75	57	41	64
63	92	91	64
21	84	59	98
28	57	84	43
16	47	41	37
73	18	85	98
21	4	87	23
48	34	98	70
96	95	86	1
22	97	55	60
65	92	78	35
43	13	19	86
54	2	16	41
23	32	88	57
72	42	43	59
4	68	16	86
86	89	1	33
71	83	20	18
91	81	71	81
39	50	55	7
85	1	69	46
17	57	46	64
6	28	28	80
54	96	55	97
76	91	48	53
11	85	15	70
81	97	50	42
60	6	17	22
86	35	73	3
98	70	69	29
42	37	26	42
54	40	64	94
26	74	5	48
1	1	95	99
86	98	64	19
7	4	4	99
11	6	93	18
23	52	98	6
22	19	10	74
58	72	16	40
33	55	16	85
1	69	21	85
40	73	17	99
5	49	21	38
33	27	31	48
47	45	71	73
75	99	25	81
90	20	41	13
82	23	86	51
88	18	98	41
84	8	77	49
35	98	0	73
97	72	41	31
41	68	93	87
84	42	10	1
43	40	94	19
32	3	17	81
62	70	49	15
28	89	63	38
67	21	38	76
98	52	83	18
79	9	72	13
30	98	67	46
8	96	98	44
14	58	17	31
80	19	10	27
22	26	2	51
4	55	19	63
3	33	2	91
56	75	39	22
31	4	51	64
3	3	6	32
91	18	24	9
3	7	95	79
42	55	95	53
7	20	8	75
78	4	42	74
94	6	88	38
18	95	0	76
68	46	24	18
19	70	59	86
30	10	59	96
37	23	48	0
79	86	14	10
95	76	85	99
60	32	38	84
30	86	90	8
7	19	11	96
31	77	34	37
61	22	44	68
44	46	37	70
58	87	58	32
80	89	81	92
60	25	58	87
32	74	56	44
19	50	88	18
12	52	69	2
52	77	49	73
31	16	54	13
94	67	26	43
27	58	28	17
37	19	35	5
18	46	4	86
66	99	48	94
58	19	58	5
17	56	80	2
40	8	60	43
71	44	92	65
47	12	17	61
21	71	80	93
17	63	83	5
72	62	6	31
68	59	55	75
8	21	25	71
78	26	76	29
58	91	34	74
54	39	38	53
82	87	72	86
38	65	87	53
72	74	29	78
1	29	75	11
88	17	56	26
87	46	83	95
94	51	34	25
29	9	51	33
23	53	48	80
87	68	36	42
33	72	98	3
96	98	27	29
15	23	85	37
83	12	66	36
3	77	92	87
31	62	24	62
23	96	55	47
80	95	24	19
80	13	92	14
47	80	99	95
23	5	10	5
23	14	49	10
87	12	76	10
76	49	11	71
48	35	79	99
43	80	49	20
99	66	56	69
19	51	89	23
77	96	63	25
51	18	39	9
46	44	60	67
18	13	43	30
2	21	66	11
0	99	52	43
55	89	6	57
57	80	90	36
22	53	32	79
85	85	19	29
96	69	53	98
20	81	2	85
22	25	66	98
84	78	22	78
43	20	69	62
12	82	52	65
53	24	44	65
81	63	45	16
1	37	14	30
45	53	23	74
87	21	34	31
14	92	51	44
30	53	36	64
15	56	17	14
17	87	44	95
36	37	3	59
80	49	96	47
63	92	33	89
97	95	75	91
47	20	51	61
72	0	34	28
27	80	1	44
19	0	13	58
8	27	37	49
17	75	50	64
95	3	80	38
20	46	67	20
81	26	66	97
35	83	23	36
2	75	31	0
48	51	27	62
79	75	80	70
57	25	73	71
69	87	65	68
19	96	7	81
13	80	63	93
34	15	22	25
3	1	46	41
43	50	15	43
76	17	58	45
65	96	62	55
52	94	27	48
17	54	16	6
67	50	86	68
88	34	28	63
52	55	66	56
78	32	28	19
72	22	92	1
37	62	15	16
18	7	41	39
88	74	7	49
84	40	74	93
63	47	55	42
89	95	92	10
29	6	77	20
66	8	75	95
61	15	68	5
35	69	49	81
92	89	74	78
47	17	71	37
57	34	55	25
67	50	12	41
69	5	87	11
30	20	73	80
98	12	87	69
72	68	57	94
97	74	49	99
21	14	62	12
35	39	62	31
52	49	28	11
3	26	35	30
82	38	50	72
16	93	79	35
29	2	65	88
76	61	28	92
1	12	20	55
42	74	76	91
58	41	27	49
84	75	66	45
33	27	11	58
23	76	83	27
34	27	82	32
73	73	54	91
21	35	10	90
6	79	87	8
62	59	14	74
65	30	51	54
36	19	55	48
49	69	69	24
28	93	21	14
91	43	17	84
86	36	27	48
65	75	39	54
39	3	96	64
62	9	61	4
76	28	96	53
18	5	42	51
66	86	62	13
58	73	16	18
41	29	88	29
2	2	88	60
80	1	9	46
73	4	61	19
31	17	37	63
46	64	66	80
93	76	82	79
13	26	95	66
87	78	23	32
21	31	1	74
39	35	73	17
96	96	78	61
24	43	81	41
35	52	71	77
63	7	35	26
19	9	47	53
5	42	58	95
81	28	97	99
15	63	23	11
90	48	83	97
98	21	54	70
45	54	30	34
6	45	69	13
96	75	54	30
88	19	12	53
37	82	79	95
45	82	25	72
29	60	86	15
23	38	27	98
54	77	8	50
12	24	88	35
59	84	3	40
8	93	22	70
36	29	60	15
41	59	24	63
29	57	5	46
59	53	89	57
47	56	75	10
11	61	41	12
94	43	35	61
78	84	63	36
37	16	78	93
77	12	56	94
52	45	21	54
19	42	76	5
94	45	93	52
17	11	59	75
88	47	20	98
24	63	84	44
93	69	8	42
75	95	80	34
99	81	58	66
39	86	93	52
66	29	66	32
90	11	18	26
57	3	5	29
91	58	70	89
60	77	60	49
33	33	30	98
64	58	53	36
53	93	35	1
53	68	31	94
96	51	53	82
50	82	85	72
90	50	43	40
10	69	5	62
26	43	18	32
99	68	67	32
58	82	72	64
67	3	75	23
27	76	92	9
23	77	99	51
48	57	7	13
15	12	26	84
87	73	75	10
49	98	95	28
83	21	24	67
9	21	5	86
75	19	13	33
76	96	38	48
44	67	84	41
60	53	16	45
56	87	76	93
28	65	73	29
80	64	25	2
53	32	41	26
52	21	38	95
98	92	7	91
35	26	66	81
13	54	67	29
5	78	11	21
45	11	57	9
45	84	52	12
70	35	95	12
26	57	88	39
15	20	47	64
79	84	58	1
99	92	15	26
96	95	97	74
21	19	81	40
63	28	50	14
39	95	21	99
31	54	55	55
65	28	14	85
31	46	42	60
53	55	10	53
68	26	15	75
38	20	91	6
76	47	75	86
70	32	25	84
63	59	70	45
36	60	61	68
80	12	42	74
77	20	87	7
18	96	45	13
79	45	60	10
63	48	79	17
52	28	15	98
21	57	97	94
85	64	16	8
64	47	95	26
77	16	29	56
60	68	67	73
87	11	4	17
98	59	82	88
80	43	16	52
97	44	52	19
22	92	22	53
79	36	48	31
50	34	33	46
19	22	56	83
60	41	11	9
52	79	95	26
82	28	27	20
31	42	29	33
64	9	33	67
46	14	94	50
63	72	67	64
26	36	69	58
87	32	91	55
32	42	67	43
96	95	71	50
8	27	0	7
4	99	82	9
89	88	37	46
46	61	46	79
12	31	99	46
59	69	33	99
51	73	1	21
42	90	70	50
42	43	41	35
72	60	59	26
53	59	68	98
94	44	8	71
96	87	30	65
95	24	91	38
94	1	55	30
98	60	67	99
18	87	3	3
19	11	7	52
71	73	92	0
1	35	4	6
64	30	25	54
59	5	54	18
51	2	41	71
4	29	27	93
91	69	80	7
41	5	51	84
80	78	93	22
32	91	37	59
96	49	66	68
35	12	39	12
32	85	51	16
69	35	47	42
45	99	8	32
54	97	65	59
78	40	74	80
11	32	85	60
65	81	74	54
63	59	57	78
29	67	74	56
53	35	14	44
30	51	76	33
83	5	4	99
84	6	90	95
38	58	0	0
99	91	51	88
60	92	79	86
41	29	3	87
22	9	5	43
25	29	50	60
55	52	77	60
77	75	70	56
69	62	39	70
66	73	56	62
84	26	83	37
72	90	91	53
1	16	76	75
1	47	69	9
8	40	45	47
13	90	10	85
22	22	16	79
89	32	20	48
52	42	58	98
45	12	88	65
61	23	58	60
98	95	54	22
92	30	61	26
28	8	48	93
16	98	15	49
73	12	64	69
96	28	22	58
88	71	63	96
51	80	86	90
32	49	86	26
67	94	86	58
70	93	20	44
93	65	81	47
96	39	91	48
59	89	64	70
73	96	34	21
67	65	75	48
22	58	60	67
12	89	81	78
25	5	98	2
7	77	65	22
89	16	99	12
88	37	30	43
84	15	52	71
60	65	91	4
18	72	21	34
5	14	35	7
58	12	23	54
90	61	63	95
30	11	31	51
66	62	59	84
28	17	82	96
37	9	18	59
13	93	84	35
55	30	17	75
80	92	54	76
13	76	53	22
52	56	41	48
34	40	38	55
12	36	6	87
31	38	70	48
94	64	40	96
77	27	39	0
94	55	70	73
8	83	71	51
64	59	44	80
68	70	25	73
55	28	22	18
23	29	43	42
22	5	81	49
36	56	45	24
16	41	53	78
69	64	47	29
65	55	23	72
94	89	80	23
38	66	41	49
5	20	76	65
12	28	51	2
1	21	15	7
14	19	63	27
16	47	3	90
81	92	53	68
5	71	47	32
25	58	10	69
14	95	19	95
64	87	66	41
13	44	28	44
40	15	57	74
25	53	7	91
62	51	68	12
67	7	59	40
80	18	77	43
10	45	92	18
0	68	62	28
80	62	77	36
63	8	28	89
14	73	7	72
50	19	7	63
27	6	27	57
28	25	61	94
66	85	33	94
22	39	74	57
90	78	10	0
73	31	48	58
79	70	26	6
11	5	92	91
37	29	90	93
40	5	0	55
1	82	70	78
75	33	67	74
99	50	81	72
8	7	89	96
58	68	77	57
99	54	83	61
93	42	57	93
48	81	16	85
78	55	98	91
61	70	83	46
3	51	7	61
24	20	82	30
39	93	35	71
27	42	55	46
99	8	85	33
76	73	25	17
33	95	93	53
8	98	35	88
85	31	54	48
46	22	37	72
59	26	54	54
45	44	58	35
0	52	91	52
84	50	69	29
25	89	27	28
26	29	21	40
58	46	86	95
87	7	0	77
71	12	73	49
19	70	71	89
37	58	52	56
7	83	3	35
61	25	22	56
94	8	46	29
4	13	96	99
58	62	47	92
52	13	80	72
76	20	9	54
17	37	91	68
76	65	33	75
43	51	34	62
85	43	82	63
66	44	44	6
74	72	31	74
10	60	4	93
2	30	58	41
15	67	38	57
16	78	53	39
79	21	55	6
28	85	7	8
31	17	5	32
75	3	80	44
6	17	57	16
61	40	72	12
92	92	46	17
4	25	46	88
90	5	26	53
17	24	46	25
52	95	62	84
25	26	66	11
87	93	50	99
20	36	77	39
48	42	14	35
38	90	4	5
71	17	41	69
77	27	27	82
70	32	64	65
77	88	87	65
26	35	30	10
75	47	67	54
27	86	4	75
9	10	86	62
91	57	13	7
85	96	34	60
66	67	28	88
72	11	62	59
54	49	9	3
59	93	29	24
49	86	41	90
22	51	72	60
45	1	74	20
75	80	79	29
0	70	43	7
18	78	82	15
24	44	20	60
0	82	2	97
27	88	57	98
54	43	37	14
95	68	42	70
37	41	84	74
69	80	3	89
50	22	5	71
4	26	66	77
31	12	59	63
99	77	92	86
22	81	74	56
32	28	12	49
36	11	78	82
60	45	91	20
79	12	47	4
83	86	94	28
77	60	83	82
9	79	71	59
48	98	52	88
5	46	57	21
10	55	34	93
47	83	17	85
21	38	83	86
30	88	3	35
86	46	79	71
45	29	40	56
39	18	33	62
93	2	15	33
55	26	94	27
51	0	81	94
43	97	61	70
96	85	29	60
94	16	1	58
67	85	75	80
15	78	53	28
49	55	92	18
23	50	30	3
93	76	84	86
65	84	28	48
67	70	60	54
88	72	67	76
1	56	66	70
50	13	11	73
47	52	44	87
5	42	47	45
54	25	67	18
32	15	93	82
56	27	12	45
17	98	40	77
87	15	16	66
83	60	53	80
64	10	38	13
40	40	42	24
22	14	99	62
5	48	44	86
62	83	13	23
0	66	55	48
11	66	0	89
26	80	62	94
72	87	54	22
76	80	41	15
84	88	22	2
98	77	71	39
71	30	3	99
47	30	79	97
54	90	1	73
40	53	98	42
52	5	90	18
94	21	9	82
42	97	38	12
44	53	49	34
95	61	17	95
76	62	46	42
7	56	67	86
79	68	75	31
89	79	50	92
86	53	44	49
20	21	57	49
91	67	53	1
40	66	78	79
35	2	66	90
59	47	10	37
54	23	3	73
22	7	23	64
2	56	47	41
16	68	75	54
4	96	50	40
3	66	46	12
89	95	95	86
13	59	33	39
42	7	95	96
17	84	27	84
43	88	98	83
18	37	63	66
27	11	86	62
97	70	33	88
77	90	84	26
11	36	51	42
22	8	98	9
73	78	36	20
69	66	96	15
67	62	93	52
32	28	59	1
73	71	41	72
73	7	19	27
99	1	72	6
36	55	60	10
38	54	93	48
74	65	92	30
73	18	20	15
97	31	93	82
77	49	69	51
66	25	35	66
59	9	20	68
93	89	78	12
1	83	13	78
35	10	27	7
78	11	99	54
86	4	30	67
7	90	29	86
86	9	43	13
18	27	89	64
45	24	36	83
40	8	13	13
18	15	47	67
22	61	72	55
26	81	79	55
79	52	61	3
60	91	25	92
40	0	60	7
21	62	62	54
74	15	13	78
90	16	49	92
43	61	64	24
37	87	86	36
48	33	84	92
63	33	22	49
82	21	73	17
54	40	45	60
99	17	81	10
67	0	64	63
2	68	60	98
27	1	54	52
13	23	58	87
77	69	91	40
92	64	96	69
43	32	37	3
15	3	25	19
6	76	69	47
69	21	90	94
73	24	22	80
66	20	3	31
81	58	82	30
26	40	17	3
4	94	19	70
31	57	82	23
76	35	46	37
54	11	17	56
79	97	67	68
41	15	3	22
28	5	21	57
20	94	93	65
58	65	43	75
1	19	62	16
41	98	4	31
73	66	77	70
41	26	51	28
73	48	62	89
90	97	42	26
35	25	2	81
41	81	78	88
67	42	54	59
34	50	27	42
10	72	48	62
27	51	16	94
43	64	91	10
3	54	84	4
77	35	80	15
96	23	89	92
87	89	2	98
71	91	94	23
21	19	78	18
48	79	98	83
9	8	37	77
89	68	85	13
57	50	82	98
69	12	46	87
83	56	74	38
49	17	22	52
70	68	89	84
75	66	56	97
37	97	5	88
85	11	2	19
3	88	41	21
8	95	53	9
72	91	35	91
4	60	34	92
85	85	6	21
79	1	37	91
93	84	61	72
6	58	1	71
53	55	34	60
76	0	43	75
14	80	11	84
30	64	92	77
63	13	2	0
5	81	40	2
50	49	27	24
33	80	2	14
90	63	38	49
25	73	16	85
41	31	6	99
89	53	60	29
91	84	8	93
56	0	66	72
14	32	9	26
72	19	41	34
77	97	93	66
25	43	51	90
96	17	58	73
74	41	12	97
88	98	32	48
71	9	57	89
97	66	34	92
63	89	12	22
89	72	21	92
59	94	3	48
32	18	96	39
42	92	98	73
19	12	38	74
87	93	62	67
39	4	68	59
8	59	26	6
4	36	84	1
19	19	37	94
94	83	16	53
13	18	47	5
68	61	73	50
51	37	35	96
10	53	53	55
25	43	39	73
92	89	34	5
8	96	53	99
75	43	80	3
77	9	54	20
57	63	91	47
85	76	55	67
1	87	91	66
66	82	69	50
44	42	61	24
84	41	97	71
7	73	75	8
57	31	19	1
99	32	98	61
51	91	87	15
34	67	4	20
5	87	33	93
74	29	59	34
48	30	36	15
66	20	40	12
0	46	9	69
67	89	66	34
83	7	98	52
54	45	89	17
36	76	66	19
40	81	33	27
72	84	53	68
95	82	95	31
51	74	15	87
57	35	53	15
20	98	9	67
30	7	80	2
40	19	79	90
53	20	72	19
13	82	97	83
36	98	38	1
11	66	0	79
30	2	59	0
23	51	99	41
72	66	96	64
4	50	28	76
2	4	78	30
2	95	73	75
38	69	79	22
60	7	55	64
6	0	72	37
59	78	67	2
21	31	46	46
85	32	78	85
70	62	98	6
88	69	77	34
28	84	62	53
71	76	81	64
11	32	57	4
77	90	16	24
37	75	9	71
48	27	90	5
91	93	52	97
8	48	75	37
23	38	8	75
15	14	30	44
50	82	35	52
74	74	8	79
45	74	69	12
60	5	85	1
94	56	61	78
24	83	55	63
57	20	81	38
81	41	8	23
45	64	21	66
91	37	31	17
84	72	52	34
78	62	76	17
53	7	80	59
52	52	20	66
26	72	95	53
93	69	97	4
66	46	67	95
84	18	9	56
24	44	93	51
30	21	84	94
44	63	85	74
60	49	70	92
44	54	40	19
42	78	24	15
74	48	68	32
94	80	32	34
97	24	34	8
58	68	35	4
87	0	9	29
84	23	43	17
75	74	51	30
78	90	13	46
19	78	77	82
53	51	0	63
31	50	77	36
14	62	34	76
18	35	31	42
69	94	31	51
4	51	57	19
29	2	56	6
10	87	88	80
90	53	50	36
0	45	98	33
45	6	2	12
40	75	11	42
58	71	77	25
46	26	78	2
94	80	34	29
93	70	26	27
73	54	85	65
84	95	42	23
96	97	5	97
48	44	79	53
90	14	48	38
9	63	33	64
75	48	42	19
10	68	39	75
80	75	39	85
90	46	57	62
29	53	28	49
20	80	53	49
1	81	39	79
22	88	17	10
20	20	90	36
53	23	13	28
57	30	17	73
5	93	63	43
56	85	9	56
35	84	43	94
94	92	17	29
29	60	53	92
57	28	65	69
56	21	9	6
40	0	91	90
62	80	44	8
17	95	23	36
78	61	75	36
77	95	42	61
5	84	98	97
76	25	15	76
28	93	87	35
76	3	15	35
92	52	31	14
48	9	11	34
37	16	13	96
53	28	92	60
79	47	1	56
1	93	13	37
64	67	80	23
7	87	60	75
45	40	43	24
63	27	12	95
72	63	60	60
11	19	23	99
1	27	56	28
1	59	33	99
38	94	49	81
29	87	26	49
56	37	51	12
84	67	96	51
35	5	83	37
32	53	25	45
43	80	22	80
31	31	73	85
6	44	85	69
78	31	66	85
37	11	4	74
67	10	15	33
30	5	93	96
76	95	66	85
69	4	37	48
65	46	17	24
63	65	6	40
82	27	73	3
38	98	0	21
49	51	77	32
64	88	50	26
38	77	9	11
77	0	0	73
94	17	19	90
93	79	10	2
4	75	51	2
32	90	57	78
94	44	35	17
26	5	84	77
95	91	86	86
56	95	62	81
27	99	9	21
78	9	28	70
40	75	27	89
36	47	94	48
19	30	16	32
64	82	46	88
33	42	95	2
92	23	45	9
13	70	75	32
80	36	99	84
16	65	77	51
77	94	40	48
97	38	67	25
78	29	16	45
52	20	87	36
14	25	77	16
29	18	76	65
72	61	67	82
31	31	16	99
4	95	11	38
1	46	5	53
56	20	30	84
53	29	80	60
48	63	70	90
87	60	22	59
18	75	75	35
71	84	94	47
13	17	40	57
9	49	34	67
20	24	59	9
87	92	12	43
80	7	33	67
61	25	11	43
72	52	19	26
71	69	82	71
25	82	70	36
88	23	51	99
29	2	69	63
0	13	71	26
62	32	54	64
50	27	86	87
5	97	84	57
29	8	96	51
41	88	83	4
21	76	54	57
55	34	38	58
55	48	42	59
80	93	63	38
14	18	20	98
96	82	30	91
38	94	69	20
5	18	22	12
29	66	5	86
77	96	8	16
89	27	32	57
54	25	76	36
44	57	36	23
67	85	8	38
45	63	19	61
64	17	53	36
26	30	29	13
87	77	61	18
9	4	9	68
50	72	36	12
17	33	76	47
82	98	45	44
58	67	41	14
77	46	51	71
74	96	31	24
96	62	48	67
96	18	13	63
75	39	87	73
26	6	44	30
40	5	54	27
84	84	54	20
36	46	40	63
52	37	94	54
40	12	15	54
85	9	51	63
85	82	69	19
79	68	87	70
1	21	31	68
41	4	39	12
8	27	31	49
77	49	10	38
44	33	32	14
91	89	44	31
54	90	42	2
14	35	41	67
59	70	61	31
6	25	12	36
72	2	46	58
77	1	86	35
71	31	74	45
35	72	79	11
76	99	14	50
62	36	97	72
86	63	90	6
87	79	31	18
21	95	42	88
43	86	53	53
4	6	31	83
60	95	32	87
91	49	54	6
11	61	74	35
4	73	72	14
11	79	47	91
99	55	23	40
30	90	68	89
45	60	46	55
5	14	12	90
31	3	15	38
25	24	7	59
21	6	83	70
14	39	42	24
58	39	84	4
72	91	56	0
81	64	61	50
15	18	30	90
61	81	82	7
64	9	66	74
48	64	19	23
7	98	75	5
18	21	97	65
30	7	18	39
46	14	56	60
63	56	44	2
76	92	8	32
56	34	59	48
73	9	56	7
71	32	93	82
89	55	31	93
21	64	60	53
63	42	61	50
53	6	11	91
19	17	47	14
89	42	48	84
61	48	92	20
51	10	67	13
21	73	70	7
24	50	81	12
32	55	68	13
72	9	95	67
97	64	87	54
85	78	93	46
6	46	31	72
72	39	2	53
74	47	28	79
35	3	66	69
35	35	82	34
73	35	12	52
52	25	22	86
22	13	27	42
80	23	1	77
18	8	39	92
52	15	39	24
80	16	31	94
97	18	19	50
95	58	73	71
34	79	20	47
16	15	30	61
20	85	98	12
2	89	50	27
95	90	81	58
96	87	71	35
93	28	89	3
93	77	47	21
50	29	43	39
88	92	75	36
84	77	4	94
18	18	91	8
68	91	54	5
76	15	75	47
8	84	53	88
26	27	67	42
38	76	62	73
45	10	39	3
14	45	73	18
82	76	17	75
37	80	35	2
22	41	45	35
54	95	30	3
38	87	10	57
9	62	56	41
56	18	62	57
52	51	90	31
41	56	64	32
66	78	51	46
91	65	20	96
31	27	19	50
80	35	64	27
35	15	9	20
19	76	18	18
18	77	49	70
50	13	93	97
30	98	37	60
36	64	65	43
41	59	10	29
99	12	77	16
87	63	96	26
47	44	12	90
59	32	27	14
16	49	45	17
33	21	19	81
98	4	90	71
49	66	78	60
65	89	19	6
0	32	83	87
17	66	50	86
86	46	0	3
36	51	27	92
13	93	95	77
92	96	18	83
72	25	76	80
65	51	24	70
12	21	13	83
66	58	99	66
71	33	94	51
3	86	35	97
38	86	47	72
93	42	13	4
14	0	14	92
90	69	21	35
22	30	91	14
38	43	26	54
93	28	5	59
1	66	79	85
90	78	41	78
4	51	76	70
8	9	68	65
44	6	76	2
11	59	29	72
95	20	59	94
60	92	79	65
36	54	2	47
20	28	2	11
27	43	30	70
54	20	5	28
75	60	10	86
51	3	47	42
37	7	90	69
19	47	17	11
72	11	34	54
6	21	44	16
4	65	74	68
28	58	17	75
14	30	19	0
82	92	13	32
6	59	10	12
38	33	91	80
25	19	98	43
85	51	21	53
15	93	82	85
29	79	14	78
90	14	54	88
27	17	29	80
97	2	47	46
10	31	77	70
74	94	42	9
60	74	89	63
9	66	84	88
9	27	2	26
45	31	22	23
78	3	53	8
90	17	45	83
3	74	42	83
16	11	11	35
37	5	17	16
25	91	79	61
32	40	70	69
99	21	1	78
8	54	92	70
40	33	18	42
28	5	59	34
23	0	72	98
15	67	89	40
14	6	97	87
24	92	76	49
47	76	84	82
73	63	74	61
19	41	94	3
86	74	88	19
32	44	37	32
68	71	53	31
32	60	64	2
56	4	46	48
57	69	95	51
21	76	60	59
25	10	78	74
73	85	54	39
18	78	55	79
54	43	81	75
22	52	50	13
99	72	4	15
95	45	46	17
79	36	98	55
83	78	6	57
93	79	58	46
5	25	83	78
49	66	94	13
87	19	29	68
26	47	60	52
6	63	79	27
39	37	59	82
79	99	95	76
37	24	82	42
94	3	7	73
89	26	65	29
51	32	29	60
6	30	29	36
17	53	50	29
0	30	7	67
65	0	98	49
70	18	76	62
36	87	73	22
39	86	63	79
97	50	76	6
8	99	76	49
70	59	58	83
73	53	42	64
95	40	8	88
27	16	58	33
56	66	23	19
56	6	97	31
90	71	31	49
53	1	59	65
24	49	78	10
59	92	89	83
44	9	27	99
78	74	52	81
91	43	49	41
76	57	92	63
62	27	93	2
22	92	11	93
80	42	64	77
37	47	73	63
77	40	74	47
79	97	52	15
18	50	58	9
51	18	89	67
56	14	48	32
99	86	60	51
97	33	19	35
10	74	43	43
70	86	63	35
82	45	84	64
74	77	83	72
34	1	42	61
52	97	21	22
99	41	63	90
79	23	49	45
78	17	5	43
6	14	39	65
54	54	84	11
30	83	58	22
2	88	16	96
91	57	82	13
53	20	44	29
22	72	56	58
96	39	86	56
72	39	65	20
61	77	7	98
12	10	92	15
83	41	87	90
7	52	54	21
34	91	90	85
69	10	42	81
97	26	14	90
97	1	50	63
23	96	34	14
49	84	1	43
28	29	46	80
84	65	51	43
85	64	22	80
49	80	50	51
34	25	0	86
95	1	17	81
91	24	67	11
17	39	71	50
90	47	57	40
64	61	96	32
74	71	5	32
78	69	13	43
45	83	80	24
83	15	48	26
11	64	89	60
97	40	25	45
93	71	90	2
22	9	87	72
28	68	11	23
96	84	3	21
10	24	65	34
59	46	67	75
99	31	29	99
72	36	34	34
46	59	38	6
79	11	20	35
95	7	95	15
3	24	29	26
60	67	49	73
74	90	86	46
4	14	3	91
80	87	0	92
33	77	77	37
45	96	42	99
3	29	38	51
51	52	71	74
1	2	38	4
87	61	59	55
73	92	2	64
8	29	55	8
7	2	81	26
46	91	80	64
25	49	69	45
51	34	95	52
42	28	89	77
48	95	4	72
18	21	64	53
94	77	90	74
74	30	44	48
70	45	27	10
22	74	79	37
91	13	3	38
96	50	22	79
39	77	59	12
98	9	8	24
27	26	70	48
58	94	71	20
89	47	81	97
0	79	55	74
16	67	80	4
18	25	57	43
55	11	35	96
71	32	50	61
37	2	82	95
4	30	78	97
42	83	48	49
68	24	79	60
22	85	96	30
28	3	6	1
69	26	93	47
59	74	49	57
96	19	59	97
96	60	69	85
88	83	61	35
76	7	75	30
31	74	73	86
36	19	33	33
96	80	25	77
37	30	37	67
33	91	52	48
65	81	63	61
15	10	41	44
42	71	24	61
51	62	15	84
1	63	21	76
86	26	1	15
34	92	47	57
46	93	1	85
54	26	64	50
11	12	70	25
77	88	91	24
56	64	26	74
14	52	66	70
69	76	61	39
79	47	27	22
63	84	98	49
70	39	6	24
97	64	73	88
92	96	98	98
35	77	59	70
66	72	42	93
26	30	16	78
64	25	71	64
84	47	61	93
89	41	54	16
57	1	76	50
79	77	77	73
77	62	3	1
87	56	56	91
41	5	22	39
23	28	59	72
93	9	4	44
34	5	9	93
23	43	13	65
95	92	13	48
53	42	1	1
22	70	76	28
91	70	52	84
19	14	93	29
41	4	56	70
73	32	38	72
53	10	78	44
43	91	95	48
91	73	86	80
26	58	49	23
32	75	53	63
52	25	73	8
49	84	23	90
36	42	74	20
4	28	48	11
91	31	85	99
74	4	92	45
28	13	2	83
54	33	37	98
79	74	20	28
37	69	95	59
67	5	12	48
98	66	75	98
9	38	31	1
90	53	88	47
32	27	80	35
82	40	35	2
4	76	40	29
8	19	74	22
36	26	31	69
92	43	47	61
38	4	73	16
2	36	7	25
85	72	95	9
88	59	77	27
69	9	43	21
25	46	89	90
64	8	64	64
22	19	55	88
80	18	97	77
66	19	99	68
68	15	43	36
23	64	33	76
49	4	0	82
99	25	36	91
14	83	52	93
72	43	3	66
16	6	29	70
62	99	60	50
10	75	53	10
2	52	66	99
75	88	15	17
18	72	89	54
82	5	63	83
67	5	96	25
12	77	19	17
35	63	13	50
43	49	72	24
72	26	89	61
17	52	18	83
28	85	47	44
17	74	87	57
35	77	83	4
79	28	97	25
33	49	64	11
74	65	73	68
0	65	82	55
15	1	66	14
87	12	96	26
29	75	99	61
75	56	14	66
66	67	44	44
28	64	28	68
88	7	8	63
11	78	43	52
91	31	41	34
11	68	17	67
31	70	95	57
49	3	35	18
50	7	2	33
20	38	27	51
73	97	26	80
4	33	15	50
32	46	69	43
14	79	55	98
50	77	12	57
68	70	18	85
71	89	12	4
76	10	31	52
4	90	61	13
41	37	62	98
55	45	25	2
33	91	3	70
51	3	83	43
26	69	82	2
79	41	8	14
20	11	73	22
15	16	39	24
18	41	57	12
14	14	2	23
44	15	51	79
86	41	52	73
26	88	26	34
7	58	34	99
28	48	78	44
71	3	87	17
52	79	52	9
46	70	29	12
67	59	57	63
90	29	28	78
59	0	95	26
90	4	17	60
7	57	83	65
35	58	51	41
27	34	26	6
89	42	26	56
58	14	67	47
0	71	9	99
20	99	84	71
8	60	26	47
61	92	2	89
86	63	76	9
8	16	35	56
2	21	88	16
73	39	68	75
36	69	59	36
47	84	45	36
73	79	33	67
7	78	44	97
39	37	69	95
38	58	39	84
35	53	96	98
11	67	97	69
92	51	11	92
32	65	41	2
18	40	35	28
83	68	48	23
76	90	76	36
69	73	37	78
30	74	0	94
87	46	24	5
82	63	74	56
67	52	65	74
95	67	76	97
22	10	0	67
4	73	22	20
90	61	99	19
13	32	61	57
65	47	14	71
15	29	46	19
93	92	55	24
25	2	40	1
96	39	55	19
74	32	89	14
24	3	14	20
64	55	42	35
90	7	8	48
53	5	82	92
64	81	74	11
17	98	95	88
20	97	23	74
77	42	83	32
58	0	47	11
15	25	55	38
50	20	33	18
94	92	48	91
57	62	55	92
58	77	96	26
8	26	99	66
31	68	57	48
23	76	90	52
57	71	77	39
25	35	61	97
64	77	93	28
48	32	17	14
86	91	73	80
4	21	3	88
25	88	6	82
62	84	95	18
2	96	33	85
85	16	67	22
15	98	61	31
32	71	17	99
51	43	62	32
2	9	48	36
68	89	13	36
29	79	34	80
81	75	26	52
98	31	29	70
23	51	64	5
60	71	55	54
71	6	30	19
22	63	15	92
47	97	17	96
2	30	93	36
64	81	49	56
44	65	1	20
13	92	8	50
45	43	76	96
33	59	65	22
48	15	57	18
60	34	4	1
13	33	67	93
57	27	41	79
21	98	9	6
5	10	5	30
54	64	47	4
20	21	62	43
64	70	88	48
23	30	96	10
60	99	6	80
24	14	93	17
1	97	74	34
49	59	17	37
9	27	64	95
86	0	80	91
70	23	28	87
39	92	55	91
2	99	46	5
3	25	5	40
71	30	2	23
46	28	94	5
53	50	39	96
66	1	23	60
18	15	9	1
86	6	77	9
41	83	32	50
12	11	33	83
21	23	23	56
97	57	45	42
29	22	33	89
52	59	24	0
75	86	86	88
16	4	54	65
53	93	81	63
96	44	93	41
16	56	74	42
77	67	62	61
69	67	72	63
72	87	56	82
58	31	74	26
24	44	67	17
69	58	3	3
75	81	45	85
29	91	72	96
84	81	22	7
23	25	18	48
31	90	92	65
36	99	4	64
69	66	16	71
89	57	72	19
64	59	85	88
21	87	33	80
15	60	97	76
9	67	3	99
26	18	85	79
65	38	66	76
76	80	15	63
74	1	6	27
9	2	43	63
39	30	26	44
56	12	49	76
2	28	55	2
62	17	45	70
71	93	54	25
92	9	11	41
71	70	5	14
53	69	67	6
23	39	59	95
91	41	22	53
88	90	74	48
25	13	0	57
55	36	56	15
48	17	71	30
18	85	72	85
6	35	22	32
60	49	78	22
58	49	79	29
70	1	37	2
35	63	15	57
70	48	58	17
13	52	58	5
68	28	77	5
69	36	47	52
68	41	87	75
35	77	98	5
56	26	44	47
80	68	95	54
70	14	15	57
76	4	18	8
91	72	53	29
72	73	60	33
54	84	34	93
75	39	22	92
50	52	60	86
7	11	25	0
33	22	35	54
21	89	75	63
23	79	84	62
23	69	33	83
66	11	92	95
34	1	79	30
91	23	7	24
43	32	1	80
47	53	96	49
37	5	12	64
8	70	70	96
55	60	68	80
19	77	19	95
18	30	65	31
43	5	62	98
82	51	19	90
78	4	15	69
73	83	45	60
98	28	86	64
31	82	75	31
54	26	4	66
12	5	61	16
88	64	6	31
43	13	82	57
51	79	18	50
45	98	7	35
31	58	97	89
43	1	99	60
30	31	44	55
46	53	78	72
42	98	81	8
77	13	17	85
46	29	13	52
64	24	86	55
18	69	35	53
8	71	73	87
64	46	1	12
69	26	10	98
1	45	7	46
17	99	58	17
40	12	43	14
88	47	95	6
44	88	37	77
17	24	64	70
25	93	44	30
12	5	15	19
18	15	50	19
16	39	37	19
10	17	12	96
28	58	99	16
50	95	67	80
88	32	80	76
80	37	21	23
55	27	4	35
96	23	95	72
96	75	89	5
51	18	66	0
11	68	42	66
94	27	79	17
38	34	31	85
34	74	39	79
18	14	64	82
12	77	99	4
62	26	19	75
5	62	29	70
65	79	65	11
94	54	29	27
47	87	97	62
