-8033
9287
-263
294
-306
3520
1112
-7446
-8426
-5211
4266
-9080
-1898
-2288
-8261
4770
8372
-708
-2973
-6340
-6821
9811
-7981
2527
-6137
6452
-3995
1596
-3273
6498
80
-6335
-167
774
-10
-5837
7506
-836
-1366
2730
3122
-1917
7252
-7418
2715
6549
-4404
3888
2744
-3222
-2597
-9156
-4381
9681
-3946
-6124
-7608
6816
-1575
6997
-3206
8963
7668
3013
6480
442
9306
-9731
5431
1512
5347
7466
6028
135
794
6657
4600
-6622
-5344
9765
-9579
-990
7142
6714
-2210
-2803
-964
-7907
9967
-1439
4289
4819
-299
-1311
8931
6026
1952
-72
7432
8149
-4225
2089
9147
-177
4012
-3435
-8282
9138
2309
3144
2748
-4635
469
-1057
8395
4465
8820
-1833
3112
-7902
2204
-5088
-7729
-4442
1112
5234
-488
-7841
9201
9347
5963
2579
9126
-9953
-2900
6817
9316
32
7738
35
1839
1607
-7973
-7315
-8071
-915
-4231
2555
-9385
-4809
185
1513
-4844
8770
8957
-2928
4986
62
7709
-5127
-5076
1033
1235
-4454
-3293
8375
6526
6978
4924
-8754
3043
-4814
-3694
-3721
5560
-4235
861
-737
7579
-8799
-3851
-7894
-7870
-7438
7323
6347
-4837
5495
-2520
3723
557
-6367
6532
4174
-4956
-8208
4612
1048
5228
3358
-1308
903
-5082
-5164
-2570
-9306
-1770
9005
-6775
-5474
3617
-2470
-2233
-9416
8687
-2209
6891
-2210
-9615
6800
2500
-5023
-2286
5555
-4988
-5809
-9626
7947
9127
-7255
8420
-651
-6494
8352
-881
2803
5230
-1419
-3024
-9921
4572
-3817
-5516
-7206
-9856
7876
7597
-4652
5332
-411
308
6071
-7563
2358
-1300
8020
-9792
5429
4545
5683
8258
2174
731
4777
-2770
3081
3502
-4659
-1043
2609
-5356
-8130
-6874
622
6212
6628
-7492
-5907
9614
-6316
9497
-9092
4234
-1843
8959
-6685
-2618
2593
3627
-7178
-8814
-2514
7819
1435
8685
5492
-8656
8291
8732
-9232
3076
6754
8435
774
-8430
2798
8784
-2679
-7664
5851
-4068
-1965
-75
6149
-5327
1126
2366
7347
-3975
-402
6055
246
3087
5050
-8669
-185
6876
-9111
1424
5256
5255
2849
-3395
3034
6269
-3719
969
-461
-2352
4269
7346
-9787
-2026
-6412
1607
-3872
5691
5382
5308
4352
5700
5874
-9964
7869
-6751
-4313
3609
-8285
-5743
9225
7511
-5105
-906
-4055
-1418
-1642
-1148
9770
-1850
-5939
-449
-7497
-5679
4962
-9395
4615
-2205
5576
-1004
-6210
6952
7974
1141
1792
-5710
-3163
-5688
-3706
9470
3651
-6099
6797
5068
8451
-8810
-8228
-2469
3740
-9477
1211
8242
1134
4673
-9727
6988
7991
361
-7768
-7036
-1135
-9469
-5815
7272
-657
-7397
-2048
8854
-8678
-1895
4629
5963
7984
-1575
-6405
2403
-1282
-2418
-5677
7388
-4069
-3787
2699
-7758
5141
-975
1401
-9524
-6665
-548
7205
-6233
-8279
-1957
-1063
1576
9155
-1583
-2836
-9204
6310
6423
-9339
-9542
8351
-2173
-9601
-3199
-5086
-851
-4994
1843
-5408
1177
-4528
9195
2903
5877
8785
1216
-3532
6638
-3660
3750
6826
4082
-8871
-1434
3336
-406
-5411
6234
-8009
8839
-2630
-9865
7246
8836
6448
9462
9325
4192
8985
-5516
7473
-8318
8877
-2991
1283
-4243
-4992
-6153
8776
-865
-8351
-3564
5540
1785
2059
-5678
-4368
-8359
-1860
-3724
659
5595
-1443
7560
8659
-7975
7627
-1718
3653
-8676
-630
1430
-1590
-5684
3240
9309
6534
3394
-5970
-13
-243
8850
693
-7952
5239
8683
3128
-1517
1755
9944
8172
3578
9695
-3240
6857
8140
-6651
-5806
-776
2664
9124
2328
-8750
5036
-2778
-8839
2082
6221
8836
3403
9020
-7490
8401
-7094
8629
2679
-8303
-502
134
3597
-6811
3880
8484
-5484
7554
7043
-7084
-490
5228
-8637
-8308
-9275
4824
5777
1977
-9225
8392
-8044
-2203
-3850
9121
-259
9040
4660
8936
8720
1055
-2476
1590
8001
-3093
-1653
-9045
9559
-608
2067
-5698
1630
-8221
-5158
1723
4293
-1772
-899
-249
-9592
2154
8142
-5900
-6469
4881
-9834
-9188
-7300
4068
256
8636
8649
1302
5699
-9934
-4803
-3610
-108
542
9142
1483
-4392
5952
-3731
8346
4705
-2492
-3384
-3804
202
4504
439
-2149
2758
121
1399
-1979
8411
-4890
2918
-2474
3498
3697
-9529
-1885
8249
609
-5407
3828
-2294
7361
3096
9438
-3391
-9322
7851
3893
9287
1853
-144
7116
-6002
-6063
5834
1419
4144
-8748
-5351
2143
1655
-7201
-7386
-4748
7720
3434
841
8282
-3309
-955
8485
-3465
-4285
-1151
-5099
9002
261
-5559
6197
5557
6934
4745
-3620
969
5847
-1162
-5793
6777
-365
-606
4336
4674
-1672
7879
4990
-2158
6317
2505
8264
3146
-7460
-3469
9890
-6836
-6003
5033
5157
4585
6184
-9585
9024
8610
-2702
3782
8258
-9055
6471
79
-8095
-2029
-7724
-3266
-4746
474
-7073
-5143
-8861
-6830
-8544
-909
-5305
-4159
-2471
7066
-2067
-6110
-5306
1610
3991
-26
-9264
5261
-2707
2585
2178
6653
2717
8030
-8225
7152
3418
6006
6488
4184
-3533
-6105
6474
-4843
3617
8207
-5170
-4869
-1068
-451
-9653
4613
-2022
1960
1330
4989
-3432
-844
-4044
-6386
6703
-6417
2810
-4563
6990
-223
-8084
-6788
-5482
9008
-2294
-9729
5080
3021
-346
-7119
9744
-8213
874
6446
-8528
-7525
6139
4500
-1763
7364
-1732
3533
1849
1527
-7223
2364
4886
-8138
-1251
-114
-5465
5696
-1732
8595
4900
-4323
-2662
-1501
1560
3643
1005
6379
8574
8578
-7323
9615
-1725
-6083
-3715
-9308
-9427
-1164
2821
-1720
-998
-3783
-3959
111
-1647
-9655
-8925
1283
5726
-4887
-7715
7256
-1616
8499
-5805
-125
6153
783
86
-8814
-2526
-214
5711
-4573
-7028
6486
-4247
5777
-7155
9817
7281
8420
1026
-5936
-5319
46
7418
8722
-9331
-9668
290
8477
1773
-3726
441
2166
-3806
5516
-9364
8402
-3423
-7517
2992
9014
-5382
7222
-9190
1104
4497
2411
3940
5645
-5775
-145
1216
3246
-168
1865
9812
-2495
-9869
-1390
8306
-824
-4128
5939
-4168
-6528
4466
-7222
493
8014
5150
-4299
2008
24
-247
-5938
827
-613
-7979
-9817
8143
425
-104
2095
-4634
1548
-3523
-212
-60
9456
7205
-186
-27
-841
-49
-5834
5825
9097
-8993
2621
7122
-1420
1593
-3042
8117
1504
2946
-1415
-3952
482
-1940
720
-1520
-1542
-7545
-9588
9764
4199
-1901
8448
-813
992
-7988
3936
-1839
-9204
192
-4568
3829
-507
8966
5784
-4414
-2858
1705
-3812
5178
-2080
7621
-6988
-9923
7270
-9970
8404
3866
4539
5138
5792
-1777
-2887
-3518
-1737
-8965
9673
-3827
3964
2263
1976
-5964
-8626
5633
8690
1839
831
-3187
9376
6998
-1386
-8731
-4081
-1946
-2134
-4060
-194
-2880
1908
5998
8059
-6753
-5163
4660
-6689
2438
5152
-2406
137
-1359
2782
9130
6043
-2885
4155
-155
-8859
1488
-6619
9918
-4361
-8834
5095
-9051
9690
-8754
-6488
-3247
-2335
-9736
4698
3699
7266
4677
6249
675
4380
-8425
8248
4369
2626
6296
-4659
-4524
2970
-6518
6037
4271
-2713
-7776
-5229
8122
-8227
-213
-9219
-1755
-1142
8823
-89
-5044
881
-3764
-9854
4592
9974
-4689
5882
-9857
2664
-8447
-3030
-7436
7492
2284
-6147
-8817
3222
9762
4870
117
2831
7284
-8819
5634
-3185
7861
-3017
5303
-91
297
-963
2265
26
4601
-2248
4648
-3158
9227
1475
-154
-6396
5488
401
-8231
7553
-7464
65
5749
657
-2078
-8445
20
-2144
-9313
8415
7404
322
-4003
-743
8596
7628
1369
5043
97
-8950
-7996
-8721
5603
3534
-2780
-4631
4390
5668
4351
7045
-8725
-5352
3930
1939
-1177
-1051
-5929
2037
-3018
-2694
9381
7581
1184
-5952
9817
9915
3434
6959
-2139
-136
-1230
9250
-460
-4186
7622
9472
4739
563
-417
-3917
8782
458
-1493
3766
-8771
-3947
-40
-2233
3791
7712
8970
6902
4095
-1506
-5470
1926
-1840
-3594
-6624
-6826
-6264
8151
4235
-7297
-6380
8288
2774
9444
2552
3909
4282
7224
-9077
5088
22
5840
9539
7783
2593
-7834
-6243
1365
6921
118
-6833
6923
-1626
-8490
-1683
-1272
-589
-6263
-8453
-9037
-8444
-5571
-672
3698
4870
1288
3013
7970
7490
-7590
-1272
4650
-8492
2654
412
-3733
339
-8783
-5460
-7628
-8111
-3038
4614
8977
5278
-2707
-5804
6454
266
-3995
-981
1965
-4739
-1561
-8750
1478
2362
2179
-9499
-2553
-6561
-4837
-2777
-1462
-3861
2007
89
1939
7118
2214
3083
8701
6050
-2138
7568
5760
6934
-7598
-5454
-4300
-4011
8052
-5815
3083
3547
-3828
1820
6811
5157
-2351
-337
1797
7525
9095
2375
-8493
-3443
963
-6790
-452
8367
-8204
9634
-6037
8384
2610
-5003
-7997
8524
-4202
2087
6457
-5673
476
-9994
-9788
-8540
7505
197
725
7725
9580
5514
3685
9645
8134
-638
6651
-9194
8217
4720
2276
-539
-2509
-4332
-6260
-4336
-1965
4982
6569
8523
-6094
-6090
-5968
-7181
-4074
6823
-1514
4081
516
-8721
-4382
6154
7437
-5023
104
-4887
392
-985
-883
4064
2517
9337
-4212
8806
-6789
-8525
1464
3604
3593
9532
-306
-589
-3835
-8636
-4829
6346
-8583
1440
3967
-4107
1082
-2263
8468
-6161
-4431
-201
1854
-9042
-3329
-5947
2582
-6531
5046
-6150
7315
-4890
-4215
3191
-4265
-6305
-7481
8150
-4237
-5020
8405
7068
8770
-9815
-3273
4339
-5573
3295
8639
-2762
-6233
5105
-653
-9403
2596
698
2533
-7499
7127
1269
-8778
-1823
3124
5382
-5043
-3626
-8727
5963
-6001
9172
-1938
9124
8043
8258
1700
3863
2047
-103
2043
-2701
-3411
-662
5389
-3282
-1586
-7997
5818
-7061
-2900
9373
-6614
-4839
8342
7949
250
-6758
-7397
-5584
9743
141
-1901
-6885
-6732
2362
8789
2869
-2259
-7262
2089
5400
-2175
4489
-6301
-6875
6534
-5977
9560
-1595
-6101
5157
4720
-792
1836
-1471
-3187
717
-7706
7698
-1132
9427
-6338
-3392
-5613
4623
-15
-2831
8976
3276
-980
-3013
3240
-6126
-1167
-6589
-5124
-4949
-7837
-5915
7789
-5791
5642
1162
2604
-3989
1366
24
-6008
224
9691
7886
801
-8538
-3611
-3120
5672
-5634
1519
-7817
-1556
-8755
1967
1537
9838
4641
9351
-6208
-8503
9645
-9564
1421
7993
3311
3796
-288
-7471
-7437
-2816
3448
-7091
-5609
3832
210
2931
6386
-9789
84
-2635
9108
-3490
-3831
-7470
1128
-9357
5158
-3467
-3155
-7982
-7966
3448
1523
3660
6867
7277
-5356
-6804
-6070
9651
-8898
4011
-3034
420
8784
-8880
-4588
9922
-7627
6288
-2993
-8079
9
2488
9682
-8994
-3981
7050
6787
3766
1976
9274
9106
3719
-2533
8587
-8224
-1887
1214
3634
8002
-5491
8482
-5393
2707
-9966
-3093
-9807
-8659
-3575
-6928
9693
-6010
2426
4509
-547
-7850
5006
9577
4612
4822
-8064
2897
-2269
-5418
1337
-8540
-289
-6786
6566
-3561
9231
6271
-1488
-3533
3237
8294
4568
7438
-9142
5924
-5954
-9476
-940
-5044
8195
827
-3510
8451
54
802
1660
-9879
-9316
-9113
-8279
-877
4510
9486
1961
4167
-7206
2183
-2197
6647
2976
239
-5201
2093
-7283
-4657
-1879
-6267
-3148
-9370
-7372
-2005
-1501
6161
-2219
8687
4045
-4
-5666
-4387
-5566
9044
-4870
9874
-9606
5764
8945
-3516
5996
3402
-3504
6262
6353
-8067
-2801
-6419
-6744
-2052
-2417
-8158
6174
3969
-9995
3514
9444
5605
8940
6179
-469
-2212
266
-8017
4246
5911
-4504
-6157
-4694
1137
9063
-8191
935
8653
9281
-1762
-4845
-4476
-528
-8947
-5423
-2154
5366
2874
-8648
582
6486
-2553
6105
8233
-2626
-8866
-9847
-6477
-3072
6127
-6314
-3849
4116
4767
-6220
3031
8543
3257
-2577
6340
3335
-8847
1945
5927
8612
5379
-9235
3290
9639
-4218
-323
-174
-1213
4005
-9573
362
1153
-3472
3666
381
-6865
-8561
7487
-6371
6851
-2170
5336
1228
959
-9645
8562
-6438
1655
-1148
-2957
6504
1667
1036
1845
-5021
-5125
-925
-8748
7753
7826
-964
-9784
8359
846
8290
523
1660
-5354
-3134
3436
-6477
-5186
-221
9496
-2493
-5801
2634
-4087
5147
-4914
3278
1872
-4997
8068
2328
8304
-7063
315
2570
9013
8071
-6720
8144
-2758
-9836
3163
-3849
-9792
-1152
8592
169
-3825
-3017
-8380
-7542
-6674
-5875
-2739
6182
8683
-2337
-4050
8164
-8840
2821
-9392
-4978
4709
-5340
3693
3155
-2304
3242
4304
-961
7566
8612
-6772
-797
-5489
2139
-6951
-9453
-4613
-8275
5078
-752
9494
9315
703
-5291
819
8633
-3734
410
9328
-8098
8589
8037
4038
7115
958
6746
9578
7285
1184
5620
5240
7338
1379
-8634
228
4255
-4700
-4170
-1638
5147
3733
-9800
1190
-2964
6495
-7754
-9037
8222
-6873
4675
-6943
-6620
-7349
3081
1948
-4014
4337
3924
6611
-5254
1175
-5858
3599
-8923
-4117
-5552
-5793
5792
115
-9223
-9550
-5543
-7014
-4127
3691
-5644
3530
-9130
4608
1233
-503
-4293
-7772
-4331
6011
-5557
-4341
1260
-7969
8808
9553
4824
5854
687
-5097
305
-2125
8715
-2707
1074
5326
9912
7142
-7807
833
7501
8337
7123
7509
2897
1586
-3189
-6794
-32
4070
-8899
-1067
2476
-3766
3336
1384
-334
4881
-9490
-3713
-3918
6761
-5842
7939
-787
2743
6586
4128
-8365
2676
-2896
-7997
-3655
-4096
-3631
8488
4387
-8890
2156
-5408
-1703
6048
-3232
-7780
8121
7850
3777
737
9299
1331
4235
8328
-8381
-9102
-1657
-4130
-6882
-419
-6256
-7130
709
8850
-4974
7682
9896
4737
4563
4156
8621
450
4402
-2931
9095
-4754
-8825
8540
9597
5859
2959
1793
4788
2131
5318
6577
-1997
-3251
6580
-710
3199
-3855
5127
3387
-1611
5045
751
-576
6917
-1420
-1006
3449
-2411
8210
-428
-9716
-7818
8504
1169
-2166
-6610
-474
-2109
-9156
-9444
4123
7408
-2377
-4010
6670
6357
3868
-2731
8103
3539
4521
-7977
7354
3229
-6744
8118
35
1390
1486
7944
-369
5462
7846
-8477
8488
2574
4088
-172
-5921
2683
32
-3886
5645
-4228
-9773
8110
9629
-104
-2223
-9141
684
5282
-9852
-4288
-7391
-4490
4374
-4754
8986
-1544
-3626
-716
-1446
2392
-4805
-7480
-3431
1470
6059
9733
2365
-4707
376
6782
5446
3140
-8407
2425
-3754
321
-2968
-9823
8770
1110
1156
-2339
3908
5412
3680
352
-5253
6814
1144
-7443
279
-1923
-3634
-3908
7635
8874
9619
-847
1590
2251
9357
-9361
-6930
2815
1410
-7347
-5968
1659
4807
-4334
7736
6202
1102
-5403
-737
-1177
193
3450
2996
-523
-9354
3876
7006
-9210
9190
9121
9251
4648
-579
2345
6593
-2170
-3413
8764
-5972
-7872
-5811
-60
1320
-9002
-4792
-5251
-5148
6643
-7361
-7092
7305
-6495
-1499
-8212
6580
-6771
1231
3151
-1640
2851
-8157
6542
4399
5241
-3493
8859
-4945
-1090
-598
-1547
7566
2711
8894
-2668
9922
6844
-3646
-499
4395
-1135
-7946
-5705
8380
8620
-7862
5115
5771
8924
3028
4356
-3472
5496
2980
-6992
-5356
4262
-1925
4185
5345
1310
1718
-3516
-2336
-648
1897
101
6046
1277
-933
-853
-1064
-8508
3506
-2714
5347
5701
3329
-6689
-5002
-3181
2015
7600
4450
-5141
-1496
-5225
1478
4642
5839
-1063
-5788
-3571
5018
-3688
-3643
-828
6411
6812
-5623
-4632
9473
3180
7822
526
-4362
5044
4599
180
1068
5459
5203
5989
5670
2108
-6985
7259
-3348
-4166
-3049
-2380
2248
4140
-4553
-7656
-3697
-67
8007
3072
-9015
3285
4543
3428
3782
4847
1229
9153
1157
1823
-7354
4724
2690
-8868
6257
-6173
-8437
7684
-1183
-4640
6838
8369
9336
-5920
-5880
4670
-7822
8638
-6042
-8842
-6610
-8107
-4602
-5666
-2917
-1329
4341
-9361
3279
6764
5791
-2570
1132
6856
7436
4274
4526
-993
-1714
-8207
-1658
8185
-1385
-9644
-8857
-1762
3415
-1275
-9917
6435
4686
-9420
5072
-8746
9800
-2134
5766
9651
-2939
-6772
6296
-5900
-1641
519
7891
-6992
7823
-6408
-9510
4710
-3066
1698
-3189
4265
-4744
-6058
9948
-281
-1723
-7406
6272
-2505
-2769
-3216
9253
7223
-9366
1818
-307
-7084
-2005
5184
3089
-2600
8380
-4505
3753
-9331
-3363
-6292
9087
-6328
3301
861
4275
-1609
9504
-7686
-4959
-1678
7426
6340
5074
7325
3235
-7227
-7877
8584
8622
7174
5312
-3092
-3972
7845
6597
5138
2250
8921
-6663
-3258
1220
4395
2038
6990
-2190
1232
-2838
4771
-2722
8684
-5793
-3666
1072
-699
-7197
7221
8451
3865
8969
4640
-9914
-6882
-4215
1259
-3737
959
-1747
-4944
7205
-7899
-561
22
9819
-2857
2335
-4005
-780
-6913
-8909
3709
-2188
8065
-4187
8603
3005
-2599
-1867
8728
3551
-2953
9374
4643
9110
-9083
7877
8392
-3519
5735
-2934
273
-2762
7238
-1960
-4184
5962
-50
-2297
-7982
1075
3229
4464
4243
-7420
-7741
-4353
2066
-8892
-29
3388
5055
-5118
-3574
3293
-3846
-3909
9376
-8817
9426
-2246
4915
-6972
-3902
3427
-1826
3613
9192
8192
-6839
5986
-272
-6923
-7880
7398
3034
-9664
-196
6097
1112
7821
-8168
5303
7383
4858
9091
4515
7056
1441
-9567
8520
-3282
-6268
4305
-2132
-7531
4685
-7308
5865
-1562
-6960
920
4400
3338
797
1450
-1132
-8284
6255
-9597
-9382
6940
7200
2843
5040
1046
9441
679
-1839
4817
-2425
-7248
-7094
-5650
9527
-5419
7167
-8788
-9141
-3577
7391
258
-5968
-2603
4501
7681
-8171
6541
-7443
1227
-3682
-8020
2433
-8698
-8229
-6644
7796
5732
-4276
-1122
-260
3101
-6818
-3471
-7433
-346
3526
-8748
-5547
-9050
-6165
-7747
-7061
9002
-1476
-283
-6311
-2845
-3436
4794
648
9768
-6339
1298
5885
-9660
4252
8555
-6362
-8361
-7739
-3039
9939
-6797
9846
-1431
-6124
-4964
-6183
9232
3149
-2458
-8660
-4442
-915
9675
4913
3550
4593
7876
-3328
-1960
4037
-7435
-1830
-4580
8856
5801
7692
-4779
-9053
5606
-6776
5737
-4768
-5778
-5505
8011
-1309
-2530
5972
2041
8287
-4217
-636
-7649
3894
-940
-743
-8824
8126
-9110
-155
1695
5224
8009
-5101
-6125
2486
-312
9966
-9537
-5597
-9858
4744
-2685
1604
8136
2772
-3474
4925
8149
-1120
-214
679
337
-5109
-2102
-1778
-3731
2918
2900
9382
179
-2480
1837
-9789
-1982
-2913
-6787
7773
-9709
3406
-9444
3949
-9565
-2750
462
2757
5530
-9690
-8862
5271
9118
-5719
-267
-2926
-9494
-8578
-2137
7601
-4874
-3487
-531
5783
773
-4424
-8286
3047
2222
3447
-402
-8354
-7488
-2524
-2245
-6453
-1774
7684
3783
-4038
3505
-9384
-5152
468
2256
-9044
-7701
-1504
-152
-7057
-8186
5566
1015
2178
450
-3511
8528
-6604
-6846
-1539
-8510
7070
-646
-4237
-971
-4082
1958
5767
-8099
3111
9830
-9811
6161
7606
-5547
-2339
7496
-4706
-4748
-6906
6529
-4681
4057
-931
5766
-982
6640
9617
-7885
-4350
5974
-7103
-2191
4573
9544
2230
-1813
-3127
8991
7831
-2806
-4756
5859
-8108
2124
-1539
-8228
-673
8172
729
9498
-8743
-6195
6041
-1187
-7800
-2689
-2764
8095
4288
-3574
-1777
-2256
2162
-9884
-1571
-6897
-4261
9774
-9199
5026
-8148
-3211
-3022
-8733
6552
-2122
-7345
1250
7626
-9252
175
8279
4948
2191
-2353
-3492
-8506
-4524
127
-7423
-1947
4631
2769
2225
-1613
-2137
-3138
-6518
1249
-1745
-3053
7145
4591
-7477
-9463
-4736
-9028
3595
4564
1621
-1352
-8333
6841
1934
3738
8183
1546
3132
1449
-5542
-6586
-5506
-5315
-7889
-2022
-901
-7317
-4396
-480
-7077
-4062
-2080
-593
1906
3962
6264
5296
8602
-8956
8605
-2514
9277
-136
-3425
-1465
-3603
-2819
-6101
7861
-5804
5265
-533
6861
-9388
4089
-7977
-7075
13
2119
2829
-3009
-1707
3181
-572
3777
6492
-6308
6467
8793
2713
-3034
-2854
-5627
-6527
5376
8459
-1764
-4263
-9473
-2039
7336
4895
118
-3151
6854
-5554
3685
-9146
-3595
9400
-41
-8376
-6433
6501
4134
-9875
9141
1073
9445
7297
7581
4897
388
5932
9471
725
-5943
3212
2613
5295
-6462
-6856
8827
4528
-553
-528
-8691
2994
9774
7649
1714
7066
5880
-6740
-5042
-7744
5139
-1109
-8485
3833
7154
7196
8802
-156
8236
2716
-4043
6952
5031
514
4912
8513
-8267
915
9713
4008
-1516
-3568
-7545
-6889
-8859
3751
-2153
-4767
1358
1448
-2078
-8610
-1363
3956
-5243
-3056
-3613
-2152
1740
1829
-2028
-455
5442
4146
6377
4438
7017
4905
9188
-5777
920
8762
-8993
3293
8032
5297
-793
-2694
-8127
5695
5661
-9087
8026
2151
-5879
-1696
-7885
-1193
6196
-9954
4529
-7125
3612
7123
6733
1761
-2054
-155
6495
5969
214
-914
4497
-1373
-4496
7999
2348
4093
2131
-5795
1192
-9647
-6568
-1695
-1210
-8429
777
4558
-5528
-2156
-4219
2382
1139
-3271
9480
2051
117
3549
-3792
8680
-8888
710
7237
-9849
3630
2883
-4426
-643
-7483
-3153
2826
-1312
9361
5190
2719
-6703
4007
4530
-6426
2497
-8699
-6851
-6325
-8459
-3209
-9310
-8255
87
-9303
6267
-8421
-9329
-6860
2877
-7927
-6566
3830
3415
1062
5887
-856
3772
4997
7368
-2805
811
-6656
-8797
-8761
3953
-3124
1516
-5718
-872
-9860
-3275
4133
7730
3321
-6224
-5868
1418
-9397
9133
286
8077
3698
4559
-1252
939
1681
3126
2950
-5991
-260
1143
-976
-1830
-6992
17
5299
3243
4361
4656
3135
1765
4441
6285
6495
-952
3352
3810
-4900
-2476
-3145
-1726
861
3527
1779
-6547
-9020
5688
-9980
-5219
7604
8533
6319
7361
4695
2077
-5645
5088
-8817
5434
9221
5034
-8094
6322
852
2618
-2005
-4719
-3455
-2631
-2978
1715
6399
-4601
9771
4892
9763
5140
9292
5892
-8472
-1406
-7944
-3338
-627
5186
3072
4204
-4470
1608
-3936
-5361
5457
6760
7118
7001
-188
703
-7037
-8289
8683
1656
2456
-4035
1742
9452
628
968
-7390
-1750
-3023
1261
8948
-8837
8469
-9881
4317
-9098
-2168
7174
-5679
4162
-7457
4923
-3291
1579
-2888
5320
-1681
-2872
6854
-3007
5942
-1962
8675
7114
-9481
7434
3434
5744
9776
541
-1081
-1649
9608
47
8292
7723
-6403
-4722
897
1348
5974
3525
4491
6817
-4981
1513
-4254
2134
-3223
-7040
4551
1360
-9103
7601
-8632
-1644
2085
-5360
3560
1376
-3451
-7954
-4929
4256
-2757
8648
-2379
-5334
-7737
7696
4925
5674
-6864
-9203
-4379
2220
4497
-4909
-7181
6490
-2150
8337
5489
4286
2378
-2529
8971
-1427
7978
3484
8386
7991
8027
320
-395
-2995
-4850
-1409
7188
-629
3615
-5551
-447
6043
545
509
-3604
3547
4644
-1102
1686
-2532
8326
-2491
851
2888
-1274
-1576
-372
426
6209
-9864
-9148
-832
-3058
59
4696
5558
2372
-1219
-5191
-713
9020
3964
7
-531
6642
6176
-5571
7337
1722
-5506
-9625
7079
-4390
-6905
2615
-9734
-951
9097
6323
-5488
-7746
8142
-7578
-1121
-4556
102
-6017
-6828
-8677
-3111
6172
-4326
7696
-3067
9148
-901
7629
-6447
7772
-3074
1700
2504
-7850
-5447
-4188
-7796
-8913
319
-9227
3787
6666
-5706
2404
-8818
-774
-4490
9556
-7365
1224
6347
-6685
3670
-214
-5781
-2318
-7405
-9351
-6957
-4637
-3771
-3000
-9816
-6353
-6472
5489
-9387
4110
3803
9378
-2437
5774
-8970
-4313
-6799
1046
8075
-3473
-6254
2639
6722
6871
-6119
-1556
-1268
-7342
-5745
6450
6430
4997
-2218
5039
-5665
-6683
-9765
-4836
-8615
6972
7810
9060
-5463
6708
-709
-1154
-2955
6083
-8340
8338
4054
-8858
9257
-2257
8402
-3782
6733
8741
-2516
-4445
-7145
-3611
7910
-2941
3844
4096
762
-5142
-5658
9479
-2113
-5827
9111
-6829
2750
5184
-3865
4092
-2465
-2216
-7753
-1973
-2859
7585
-6217
-1546
7306
-5221
-8180
-6306
7543
2974
2961
8751
-4102
-4284
3476
2606
5855
2207
-9432
364
8041
4879
-2332
7231
1976
9109
965
-1279
-1708
2672
-106
-3263
-9716
9081
-8035
-1790
7646
-9115
5151
-8285
-2015
-3773
2665
5239
-3006
7115
3581
-6890
-5324
1358
5752
-5132
6249
481
8981
7768
-6065
-6854
-161
3973
606
8689
2125
2238
9164
821
-2448
3963
4411
7463
5515
5847
970
-3353
6723
-4924
8418
8918
1092
-6216
-6496
838
3212
-5739
-1875
2465
8322
2843
2980
-8113
-6902
-9310
-836
8284
-9366
-1738
4181
-5990
737
350
-9999
-5857
-1443
4402
-1746
-2096
-5648
5215
220
1477
-7481
5709
2668
-1570
-9976
8950
6559
-482
5967
2714
9105
-703
8142
-1415
-5371
-4023
4291
9258
-2337
-1148
-3799
7378
-7266
-1794
2903
-5023
-54
5923
-1282
4080
9502
2972
-4448
-5106
-3153
-5280
7198
5251
-7154
-8942
-1073
-3460
8157
214
1732
2492
9307
-3776
364
-5207
-7430
-646
4344
-7377
383
-2440
-6312
6042
-2563
-1145
-7625
1595
3840
3510
-1360
1923
-8165
-6373
4326
2442
5538
-9306
-5426
4057
-7392
-7965
-8152
-2864
9723
-9073
8693
7071
3447
7912
-204
1799
-8956
-4900
7908
-567
484
1661
-2897
-3455
9218
5086
5886
6769
8135
-1087
751
-3152
6615
-2901
859
-2944
9991
9936
-3258
3637
-4232
5102
6490
9277
-666
4385
-8856
5107
4744
-9765
-10
-6049
-4045
1327
3468
2317
9228
2782
-8618
6493
-6890
-487
-1027
-6775
-3722
7193
8398
-7164
-8042
-1895
-9955
8482
8158
-3418
6226
-5536
4372
-5083
4410
7408
-3018
-9964
-939
-8039
-6808
-343
8578
3300
5036
3064
3943
-1426
-6975
-4506
-388
-6287
-2167
-1402
7788
948
-5263
675
-7703
4511
-3587
-7590
3391
9683
-1155
-4984
8037
-3889
-5277
2195
-2208
-1122
2071
-6757
-7906
2002
1441
-7981
-2708
4148
-7710
5963
-6977
4628
-8090
-7134
9354
-7455
-4390
7164
6110
2440
-9533
2434
9142
-2687
8419
-2244
7832
2876
7623
4368
4800
-4226
1094
-586
-7471
-942
8148
3321
7863
-1906
-2739
-6790
572
-5828
-8366
8346
1738
9911
2744
2491
1686
3320
4379
7521
2800
-5623
3565
-5717
6526
7029
3625
-4136
-8699
-3527
-8173
9865
6171
8199
-4900
5653
-7460
-7213
7158
787
9445
-8092
-3104
-983
5657
649
4428
-5848
5063
-7654
-6399
-3552
-7593
7799
-5910
-9859
-1606
-8014
1485
-2002
970
-3725
8276
3532
5777
-3415
-2322
669
-3792
4447
3290
-220
-8312
5674
-2729
-5428
-7516
7101
-6192
8881
132
5049
-3850
-9524
-672
3140
-4681
-7801
4977
-5940
-8416
-8014
6487
-3187
-6981
-4109
-9155
-774
6439
7299
2810
6325
4492
725
-7770
-1824
9079
-3361
6813
990
-1834
-3560
-1500
-8464
-3050
4747
3547
2404
5750
3181
-752
1691
-5379
7979
-9793
-4088
1200
-4209
-4137
-6572
-2680
2763
2726
156
1058
7182
-5325
8852
-8975
474
-1105
485
-425
64
2338
6219
8473
5879
-2814
-5899
-1856
2958
6106
9491
-784
-7420
3061
-6089
-3424
3600
-6639
8833
1737
6490
-3192
-7648
2010
1492
-811
-3743
5728
1781
2381
-641
-9328
-8900
8888
-8646
-8013
2948
3650
2831
5110
-3142
-8299
7404
3752
-2964
4838
-2250
414
-8900
5449
9184
-7677
7082
-4864
-7383
691
-2112
-4879
-4796
7620
-1466
-9670
-1492
-7398
-7887
3944
9320
9014
-8770
-6512
-147
5077
1282
-3008
-9768
-9386
-688
-738
5086
5290
8529
-9389
-9056
9418
-9611
-2790
1822
-6317
8665
-8700
-200
2063
-9954
6888
-2318
3596
-1315
-3264
6015
3699
862
9545
5794
-195
8486
-5293
2336
-3588
-4737
9701
-2077
-7111
-1995
-1724
-5183
-1734
-3370
-3766
3184
986
3174
-7882
9796
2518
81
-6107
-479
-3795
2105
-4632
7543
-8074
4208
3902
4473
1586
6912
2939
-5207
-5762
3437
-843
-4270
-9745
-2980
-1101
8485
-9914
2100
-9823
-8690
-2937
2127
4534
-5836
9984
-3059
4057
6175
-3688
-9036
-7735
8023
6978
-3523
8314
8424
7485
-4215
7227
3720
-4297
-5311
559
8599
-3415
-5935
-6307
5981
-2451
77
958
1361
3345
-2898
-8094
2679
516
397
5648
-5111
-7270
-3401
-6787
4402
2460
9564
-3220
-9697
4268
6574
1980
-5440
-98
3210
2701
-8375
-8995
3433
-9058
6932
-3891
5485
-4065
-4898
-9719
-7151
3149
-7031
4787
-6796
2639
-8183
-4906
9335
-7693
-8095
-364
-3057
-8795
-3855
-7052
2491
4217
6878
2761
3727
2052
-1299
3403
8084
-9003
689
5154
2818
6556
-3773
-374
2578
-4371
-3391
9418
-6379
-5259
3907
-7801
3202
-3097
-7750
-209
36
6066
6069
9961
380
-2851
-8640
7367
-7590
8654
-8660
-3918
5492
6372
-7764
-4673
1276
1545
292
3122
-5929
-4518
3797
9083
1040
-6786
9165
-1569
1010
81
-4134
5690
-9826
638
-2787
4179
8405
-7454
-1655
6700
9169
-6335
2507
-7730
-8056
-4597
6610
7278
9583
-7384
6062
-3003
-9455
7167
3068
3523
-8240
-5358
-6294
-3001
9853
6021
2641
2358
-1759
8859
-2507
8112
-7759
-4030
-6482
7474
6997
6322
-343
1779
-5681
-3734
1337
-2325
8210
-2362
-4231
-4101
-8668
-8400
4031
7487
-9308
-5665
7653
-784
-102
2082
5818
8323
-8917
9075
-475
5654
-8052
-1686
-4270
-3988
-8431
7418
3733
7955
-6152
-8806
2905
6135
5585
3440
5673
6545
-8317
4862
5604
-4461
6001
7654
-2539
-933
-9286
2286
-8022
131
9369
949
-5551
-6517
7341
-1980
6704
-2545
-9190
4028
3615
1365
3149
4846
489
-8472
-6363
-3823
-4849
-3491
8798
-4787
6008
7512
2190
1593
335
6413
5605
-9238
-9758
7613
6494
6619
-160
-1666
-3572
2083
-238
-5026
1920
7193
1943
904
-8191
9169
-4943
-8152
2001
-8970
-2270
-3172
9774
4503
8672
-9425
-8566
-2645
-5740
2198
8943
531
5996
-3445
-8069
-4987
6339
-8300
-7645
6456
-8762
-2837
-4731
3580
9247
4332
-1992
8538
3268
-7990
4893
9574
-963
3612
1231
-7817
-8480
-9221
6711
8669
4597
2090
1311
-6500
-8900
324
-5940
7965
-4687
-1372
-3883
-9524
-2311
-3018
-2614
-3246
-1972
-5556
-1325
-4510
6747
-4093
5807
-6225
7074
-813
-5887
-6493
-9902
9540
-6718
-9206
-1471
7658
8853
461
3706
-2423
-1076
8839
-6210
4238
1782
-4175
-4730
300
439
-5623
2370
8226
9527
9884
-2939
4274
-9992
1143
-8203
-8287
5681
7598
6738
6461
-9566
-171
9594
-6809
-8656
-3988
-3130
-4772
-605
-7773
-7720
2901
-8278
9354
-1155
-3626
-5163
-1826
-5832
-7604
-7244
-905
8577
-7546
-7410
1398
-7756
9763
5535
-748
834
-6892
3141
-2128
6773
-1068
6869
3976
-4
2420
6834
6885
5601
-6925
8793
-1602
1334
-6603
8805
-6951
-8642
946
9018
-5195
-6277
-2290
1871
2375
1771
-825
-1942
5245
2245
-309
-7578
-8396
6922
-5128
-8467
7017
-898
6870
2183
-296
-7485
-6411
5166
7107
-7142
9097
-8784
-1714
3297
-282
-949
6715
-1170
-414
-2975
-5895
-929
3704
8623
8714
-6172
4601
-8326
-6218
6367
2845
3682
2061
9392
2690
880
3737
-7372
6539
3562
5738
-7307
2952
9565
7672
-4341
2930
2810
-2158
-586
9617
8535
4408
-1529
6848
4713
-2938
9402
-6341
70
108
8260
-5798
8449
5269
-4595
-4931
4295
-4395
-6504
-2150
-8366
-4598
1660
2407
-8305
1911
8537
9766
-7813
7555
-9610
-682
593
-6290
2707
-9479
7448
4424
8310
-445
100
9068
2664
7943
-1628
-1780
6348
1122
-5523
5302
-6585
-3416
7453
1029
-7284
8405
-648
2378
4133
-7962
9604
2294
7453
-6888
7231
-9048
4631
3063
4343
588
9837
-5896
-8772
-2893
-3345
2573
-1345
4449
2427
2368
1430
957
2720
-4556
4554
-9013
-9251
-9689
1347
-1618
2670
-3577
-8167
9164
7763
-6175
2019
-3082
-4737
-5784
-7347
-916
-2104
-8975
3253
-576
6373
-2184
6451
9570
9320
3962
2086
-3160
-2217
8673
-7253
1253
7724
1086
1686
-5922
3371
-1599
1017
-3345
-2651
4537
8706
-4617
5309
-3528
-1449
-1227
3043
6383
-7025
7928
9684
7836
-5933
-7589
-7066
2086
-1562
6550
-3121
-1505
-1266
-763
8305
-576
4249
2414
6564
3717
141
-6139
1840
-5424
-1649
4687
-650
9282
6989
-1573
-3041
6866
9472
9563
2131
4536
7197
-7351
5548