2349
8820
4211
5301
5659
3789
275
5566
5117
6875
9736
2111
6733
5756
5939
5872
4534
6673
4979
8570
2801
6446
4094
209
3024
4147
6237
5618
357
4280
3549
5643
7879
8631
4866
1706
7991
2449
7949
9895
204
2102
6086
7851
7570
3063
1058
4801
1432
597
7189
5186
4441
9026
4829
1784
7475
8292
4142
5380
3349
8227
711
3842
6463
5465
8784
6704
5076
3617
95
4591
3206
4954
7254
8907
2001
3478
3991
19
1908
9224
6165
7651
5596
4918
9622
9695
9136
8739
6739
4779
8363
124
8166
4119
5627
2738
7613
8582
4137
3239
2423
6436
2982
4516
4885
7853
9628
8733
640
2061
1132
4397
2223
8486
6142
5157
6167
2602
9631
3559
8584
6704
2736
9983
8224
9510
6661
4027
4026
6608
5038
2458
1281
680
7127
9611
2621
2589
9574
7664
2660
5467
1159
860
5051
8730
3561
7433
8517
9354
4687
6655
849
3796
1452
4704
7821
5672
7774
7668
5321
2345
5480
7766
1139
5630
3213
4846
5665
8241
56
518
8662
961
614
395
5456
2818
2035
1034
9159
4722
8056
2762
6675
4083
9279
1335
7380
553
2224
3504
716
1686
1205
8084
6789
1554
3006
7973
4902
7288
6338
6410
2726
7402
6676
9244
6758
2108
2096
8676
4709
7741
1604
3201
9592
4028
5141
3216
4378
9698
2303
7229
6151
323
4454
7766
6901
8777
296
1319
3016
4364
253
8977
9504
2430
5215
4535
1405
4
2233
7820
5903
1302
1355
4145
7962
3759
9674
5301
7638
9979
7864
4937
5260
9360
9561
8994
5566
7908
4350
5345
6392
9821
9024
4351
3065
8564
5187
5264
2059
5078
5107
5894
888
5783
1504
8967
3487
783
6488
1940
4516
6426
7960
6689
3554
350
1128
994
1824
5043
4643
1674
3049
9049
8239
8830
4441
9834
9589
466
3952
9020
3456
1287
9962
6992
1574
4502
5434
8388
9239
1657
4046
538
2694
8391
4551
4017
387
8075
1023
1434
7862
8853
5423
9432
4114
1912
1417
9640
5407
2464
791
6549
3091
2032
3538
14
5752
392
5540
6974
7504
28
3884
8704
7714
841
8236
2962
9480
3870
1348
1367
8519
372
6047
2872
6614
9292
9563
6102
8083
8869
4218
1923
1584
4423
2820
6201
5052
5290
7321
260
5388
729
3523
6726
4890
6282
358
9149
622
1265
7620
2578
2846
3876
9226
1322
8545
2055
3729
6273
3528
2128
9564
6907
6618
5112
6981
1959
5778
8766
6483
9984
8974
6436
7677
3406
3829
4105
7347
7048
940
7601
1796
1421
4809
3244
7295
4834
4522
4560
2108
6386
5950
28
929
1660
4017
1271
7472
6600
9435
3415
5816
82
5689
5320
3477
9545
1118
7638
664
6937
1401
9117
4521
4272
3047
9154
5908
3081
3117
8135
5667
4267
3689
1623
4304
437
7476
355
7457
3493
6756
9537
4561
8707
4867
7487
156
4243
4489
1397
5263
5722
5582
773
6234
31
8300
4597
7699
533
8781
9406
5823
2391
8075
1198
1521
3103
8464
4044
2816
283
8413
2585
5243
4553
871
2124
4477
9232
6352
210
3243
2942
6223
6649
2568
2187
2775
1035
2054
9255
5032
3836
1955
5189
3681
7594
999
5147
644
3588
9382
9889
1481
741
5189
5161
4367
8270
652
9967
4306
3296
685
5232
6714
100
7146
4551
4307
6998
1005
8676
4185
5771
3193
3842
6091
4486
4983
5363
7053
3986
7735
3336
5773
5180
9817
7791
3082
6168
7051
3687
1361
9572
1805
5787
9765
3999
3213
9957
5330
6147
5493
253
3634
9845
7986
3012
7808
3223
9293
1398
1636
355
2188
163
819
4430
8809
7247
6506
4673
6538
6037
1202
2649
2246
5036
4297
4669
1032
3008
3016
8981
1162
7805
7298
1592
5298
965
853
3654
2833
2794
4170
8215
4439
7679
5983
458
138
4140
3108
8868
2992
9396
7289
7795
8619
9715
3038
4041
8719
2275
7887
1086
5707
9794
9472
2013
6874
1417
4942
6446
4886
940
7323
7422
1833
6060
8629
3736
2928
1154
8061
8304
959
909
7694
1648
3180
9729
2501
2008
5416
7886
4750
3171
3911
6847
730
6001
4276
1926
1440
9995
7720
8290
5360
9571
9753
2758
8423
6526
2990
3425
9690
9665
5967
4682
915
7646
1425
1255
3410
3164
5323
7412
1157
5643
5510
9286
2157
3619
1333
5980
8216
7144
4137
9319
4168
4219
6567
429
8990
8709
2414
2785
1569
6503
3885
1158
8134
4389
4041
1738
1945
2990
2862
5231
8595
2775
2446
6589
6519
1796
8191
1018
5081
3946
8972
3262
7621
8340
7823
4964
9212
7834
7126
6539
9481
6996
7338
4274
5202
756
5199
3652
6284
8721
6045
3096
7982
5672
4967
2459
1507
3961
4292
7202
4588
2260
5819
8650
6037
4072
9951
6626
8529
3602
7192
6335
5199
5702
9730
7540
3810
6986
528
5085
2110
2566
9049
5671
9543
8858
2421
6979
2051
3436
7815
2239
3161
1310
5917
6720
1016
9463
9439
9305
9103
5455
1601
2655
5416
5927
1604
1991
2676
8465
1486
2931
2947
4969
3306
7446
4284
2262
6029
288
7763
2511
1447
6303
9184
5469
7259
6657
5751
7701
3026
4819
3598
1995
3683
1682
5224
4337
5587
901
17
5432
8756
6564
9864
8083
8914
7152
7560
6985
9013
6938
2480
6399
50
9700
3833
8167
6547
2287
2231
1758
2194
6639
1567
8383
7285
1445
7141
8058
3664
9704
1842
4174
6923
8591
578
8236
4101
1756
4239
7728
7990
6800
472
81
1361
2009
6692
4436
3180
2477
2140
5071
6168
4411
7763
8889
8863
1855
7615
5088
5406
6086
659
5529
7120
4562
4947
7444
5548
1374
4171
8191
6902
7751
4190
3609
9488
8513
6103
692
9866
8693
5262
7560
8771
2085
4889
8930
1639
859
3449
6035
2205
690
1877
3010
3637
214
1493
5445
7669
6704
7829
5322
4255
4813
4043
6966
32
1008
7452
3459
5729
1882
7778
9363
2891
5703
880
5266
419
7217
1709
8768
8800
1540
6342
928
3576
4076
4036
2252
3489
1046
