2185
2781
3045
1493
1279
3529
743
1915
3166
1595
690
1016
938
2399
2758
1408
2170
270
923
2798
3188
2610
2022
1089
2147
3417
556
1691
2255
1553
3851
3731
3500
1794
230
1964
2513
3477
1907
3501
1590
3563
2009
2074
1980
1709
1947
2669
524
3031
2559
696
3453
864
2688
2491
450
2186
481
1529
2507
307
292
1245
1107
204
395
913
2929
1629
196
840
132
1752
2427
1597
942
3837
1314
3086
294
1714
164
3340
2313
2814
3939
3986
591
1954
1129
1038
3688
2925
2458
2306
3837
1312
3756
2810
521
818
775
3662
1352
1919
34
96
3026
1197
522
1825
2033
2651
3975
2072
1208
3110
1664
1137
3676
3888
3631
800
1265
370
3553
1479
3578
3322
223
2011
1121
2246
3144
1863
3584
2392
2451
1310
1674
3740
712
849
3955
203
3867
323
901
1348
2799
2605
3476
778
1293
2
47
3825
888
2836
1734
2524
1672
1988
3360
3884
443
1110
545
325
1606
3499
268
3109
573
2679
1242
1927
1883
1637
1837
1373
1396
318
1289
3522
2996
552
2943
1696
1173
778
2521
285
3350
3040
1950
2989
3542
794
1956
3744
1434
2935
1853
3440
2350
959
2514
569
1565
707
1077
2991
3641
998
2726
504
1958
2013
361
2384
3595
3739
289
242
1835
3932
1089
2297
1688
2316
2925
1048
1772
2782
1536
2210
82
2240
602
2058
3809
2341
2879
2843
2249
2024
189
882
543
322
3596
3815
2504
1512
1472
1124
522
1607
5
2936
2760
3273
712
3435
3927
1855
3181
3546
2910
2614
3522
59
3602
2091
845
2272
3850
1306
686
455
1086
2184
3617
3501
2794
233
1232
196
1758
1977
2249
252
486
1925
105
3938
2485
3984
3079
798
390
3413
107
2757
4000
1563
2399
3120
607
1881
1709
3122
2149
61
3564
209
2549
201
1502
3895
529
2324
805
3800
2029
1682
1103
491
2842
437
2311
2221
3792
2435
3112
742
3172
2255
2566
1073
3932
2426
3626
3379
275
2703
3517
1297
1764
2554
2814
858
3767
2917
391
836
631
1333
1744
2713
123
1974
2101
266
727
1365
2838
3210
3020
1445
1108
2398
3932
1759
3318
1411
2876
2012
1410
308
3544
984
719
318
3365
103
3747
169
2116
2273
2977
2067
1120
1669
414
750
3493
73
171
3081
3408
837
2116
1855
2521
255
404
3828
3055
2954
2515
3497
2975
3600
2827
3403
143
3339
1626
156
2879
2544
703
3104
1064
2831
1374
3515
3721
2269
134
3389
2303
3509
185
2994
776
1326
2319
1344
3931
379
934
1636
93
921
1854
3674
248
1170
3024
505
2067
829
32
864
3974
2421
3890
1609
2813
2426
1681
3282
1564
81
2951
474
2056
2583
2936
867
1333
1756
2540
2313
3120
2638
2601
3060
1796
67
2919
3301
283
3623
1518
3050
1158
284
2078
904
2656
849
2968
31
230
123
3563
3176
2866
3177
650
2433
3921
506
3287
3582
715
619
3978
1336
1546
183
3945
3324
3753
418
449
635
1362
2396
3574
1598
365
3411
3678
2003
973
1712
1985
69
391
3234
1577
525
3884
991
2192
3769
3891
2168
2234
1226
797
1972
786
2559
2414
1420
269
1505
410
3370
1581
3372
1809
2243
517
3947
163
2667
53
514
2040
970
410
3890
2001
2943
466
3602
1849
1364
530
1846
2383
793
1866
1967
1193
2274
1688
1506
1739
2074
1452
726
444
16
1431
284
1790
358
2407
1812
743
3345
2139
3165
1849
3617
313
1849
963
1306
3829
3307
1910
3041
3769
1207
3126
600
959
1155
1526
3174
685
2199
2398
1268
1137
1983
2985
1649
3084
250
1124
3526
2796
2402
1607
2099
2256
3814
2906
1201
495
3449
399
1730
2643
2929
3803
2485
1879
2112
2393
2026
1682
3697
1062
96
1
1571
1136
2809
3979
3710
3829
1111
2001
3374
2059
82
1475
2619
440
3528
2952
1707
320
3930
2630
732
2900
1590
138
2531
1288
2295
3101
1266
1633
261
2897
312
2614
369
289
3122
601
2551
3556
1628
1012
2061
73
950
1125
1527
3731
2708
2532
3958
373
1624
3437
1775
209
3248
1342
2175
3998
1146
3937
2590
3947
1654
1669
2209
2952
366
2560
3514
1490
955
1423
1323
3637
1837
2804
3845
816
3364
835
3816
3799
1620
556
1180
461
2388
409
1736
606
1490
481
2292
2965
3939
201
2314
2018
3174
448
2076
3140
1714
2446
2003
1291
1014
334
254
1719
655
222
3077
2584
958
188
970
83
1323
1222
2301
1021
3954
3585
18
1783
1470
2473
620
2186
762
3249
1534
2811
2325
805
1891
3242
240
1426
1704
1020
3492
1135
576
3645
1681
2648
3244
431
383
3112
77
3910
1612
993
547
2019
765
3736
1882
689
14
3114
1807
3360
3536
963
3067
1989
2939
1711
3403
167
2994
569
3932
2372
1669
552
1483
3756
3004
1053
3032
2672
2341
1452
2262
2974
1332
2010
2664
3215
3304
1412
683
1514
918
1138
3103
2361
356
1791
2430
735
2232
1416
3548
3064
3968
2754
2504
3563
1490
3161
812
3274
1496
655
2555
303
2332
761
2783
3328
358
894
2165
3655
1962
1769
3177
2674
3652
680
760
3151
752
382
2231
2904
168
2240
546
3924
545
1496
1040
639
2075
334
3875
1702
2493
1110
1221
3104
2581
1542
207
3724
2301
3596
1390
753
3938
16
1285
2832
1965
2434
167
79
2813
2253
477
2241
3352
1667
2426
3605
2486
1310
3698
1504
1280
3775
3225
2926
2134
2861
3733
847
1176
400
3153
1650
22
1556
1281
191
3925
2186
3926
644
387
3817
650
3016
632
1684
3326
2742
2412
2742
3981
1043
998
2652
2915
2394
1700
2994
3614
2640
235
1826
56
393
1083
368
2697
3074
459
218
543
2876
2054
3403
1028
1712
1278
2369
1989
2260
1360
2411
1578
2367
2526
3007
1834
1549
3682
617
928
3544
2601
3775
3165
789
3360
1331
3698
3523
618
3905
2534
787
748
1739
1928
1600
300
1637
2861
3513
2253
907
2786
174
574
1624
3667
2997
1845
3179
3160
3483
1622
2320
384
2328
2951
2631
2744
3398
3938
911
603
3996
1881
3024
3489
142
3422
3284
737
3696
2103
959
2250
2923
1667
2967
1764
2254
1027
3033
2193
1918
2823
442
2544
1914
406
2058
3523
2304
1555
2022
1824
1592
2474
2424
1137
1134
2914
957
1087
142
1041
3804
207
2839
3013
1523
1741
2026
746
105
1504
2297
1631
356
3996
2574
2673
1701
3786
906
1888
1178
757
2442
1718
902
2469
1011
1732
2630
3081
606
3425
1139
1858
1066
382
2462
1426
1977
2437
123
2300
4000
2771
71
3318
1402
3981
3973
3872
1113
2305
2830
992
3143
3300
1387
1013
161
344
3262
3211
3668
3644
734
2238
1800
3492
3598
2560
3775
442
429
1648
2060
2008
2783
2394
1556
1537
1388
1888
1034
1668
2849
866
2454
1097
2617
2167
2104
3980
1663
2292
1967
822
338
2746
3771
790
1301
1870
2488
1227
3436
1806
3465
2876
2688
1775
694
331
3243
1769
322
325
1073
2418
2501
3758
1273
555
2099
3439
1287
3022
409
1934
1632
1970
638
1224
1857
3561
784
3998
3711
2285
1435
454
2457
2100
999
859
1331
1984
1104
2178
2976
1176
1797
668
3534
3178
3405
441
2274
2972
2261
809
1745
1426
1628
2973
2101
3435
1048
1749
262
2147
3702
2817
903
234
2000
3325
171
932
3363
3478
1317
2104
136
3904
1729
3015
2172
1380
2030
878
3016
3044
1614
265
1315
3099
3652
3150
521
2457
1248
264
2929
1430
3999
2419
3581
2433
533
455
1286
1149
3870
1589
2980
113
3355
2260
576
3706
1762
166
1651
3162
123
1425
3016
3885
1017
2031
2501
1476
587
2844
2550
519
450
205
3196
1890
1778
2265
967
1995
629
1102
300
1291
1150
2102
1898
1706
738
1234
1032
3865
1934
365
2346
3424
3830
896
2925
1429
3805
1771
1068
3881
1158
82
3940
1439
2637
937
950
50
1451
267
812
3174
3097
2908
2543
1983
1683
3416
1803
3064
3556
1191
1044
1992
2728
3451
2841
1788
303
2369
3757
2328
3785
1077
584
2149
466
1154
2989
2990
2169
755
354
496
2359
1096
1887
1602
1658
3823
2591
1979
420
2823
3234
571
1075
638
974
288
2809
3678
3228
2294
1852
2954
2211
1700
1775
2125
2328
2020
3085
21
910
3067
2047
1742
490
1598
2613
101
3359
2544
1350
616
1663
101
2994
3549
2530
1907
2629
3371
1949
2224
2482
1988
2123
1069
27
35
2261
1409
894
3319
2774
2456
2438
468
45
3506
2591
2461
485
3127
3466
1615
413
652
3525
85
2068
3359
144
508
1377
3293
146
2393
3393
1694
1621
3701
2539
2808
817
165
1241
223
2047
1053
313
2334
2161
2429
1618
2321
1504
1920
3163
953
1265
1359
1390
1955
455
3677
2307
3315
3749
1588
1215
2860
1321
3609
1764
1662
2574
2632
3779
931
3146
1680
1490
3968
42
111
1677
1307
1057
3019
1850
934
2708
1468
3411
3401
3655
3631
2304
2588
2103
2034
814
2384
3333
316
688
1960
606
3178
3866
2133
234
906
2463
1224
1227
101
2571
1883
305
2892
2686
3371
1947
433
2609
430
450
696
850
710
1047
2196
2282
1289
1743
1912
1378
3561
189
2247
1126
3563
1003
439
3211
1734
673
80
970
1510
2986
3067
1770
2860
1217
1297
1780
3506
1979
2146
1042
1082
1166
1206
2606
246
1931
1879
3898
2373
648
2825
2419
1174
1735
357
2675
1257
677
453
140
1142
3244
3115
2744
2295
1088
310
516
1909
945
593
413
2968
3557
834
2016
1441
2547
1457
3505
2784
3021
23
3995
2984
1014
3535
386
836
3594
3583
544
2591
2593
3213
2486
3208
2492
2408
2961
91
636
66
2473
2381
1608
1271
3272
2594
3252
1089
3855
2745
1949
2043
3953
1482
2847
3949
1744
1944
462
2186
920
1937
1077
1500
1576
956
3181
1758
690
1461
2095
2439
1083
2
3138
2514
998
3874
1886
1944
2703
639
1530
3855
1117
1348
3804
1174
2935
2655
3616
2865
633
1966
3194
3854
1333
3411
1372
2624
3945
562
2704
2938
1275
2644
3758
1354
2700
1771
1881
1896
583
858
66
3050
1346
2039
2316
1695
3729
3839
319
3753
1008
2783
118
2302
3496
3509
794
1449
232
1002
3403
18
871
3106
508
2570
2133
1697
2328
1662
3676
2597
2101
914
304
669
3482
1432
1355
1318
3235
3048
2510
1888
120
1844
1616
1806
3481
1276
1247
1258
3518
557
3852
41
1412
2530
299
3280
752
3983
1501
2587
931
1093
3760
1604
3863
662
3195
1666
1986
2476
1843
2691
2933
433
2661
3297
2356
597
2510
3548
3734
3371
2977
2227
349
1657
2769
2512
2263
1486
2126
2230
2199
2011
2180
945
3324
3493
3272
441
2377
619
107
1415
938
1001
2493
3508
2523
1163
3351
1074
1353
2376
147
3474
1821
1388
1826
1034
183
1400
3330
1806
2126
3680
65
116
1907
2143
698
1201
3075
3217
2500
3598
1959
2068
2218
1426
1866
241
3931
1907
2977
2071
3618
1757
1766
29
2018
2346
854
2871
280
3647
456
1606
2160
621
77
649
1414
2016
2943
363
1646
935
3055
2612
2001
2813
1940
188
3816
3902
2243
2385
38
2582
1275
1226
1659
2143
1836
2918
3253
555
122
2868
3993
206
3820
649
905
3488
509
59
3489
1980
174
51
3726
2960
3803
1181
936
126
85
2199
1585
1226
1527
1668
1804
2858
3738
1487
1581
2487
537
3446
774
1287
3065
2856
1919
1296
3971
2900
3286
3315
3177
2121
1962
436
1965
1261
3698
3057
2763
826
1062
3273
3654
2070
822
2497
3780
90
2822
3240
3358
3608
1190
42
3422
3512
1760
2091
2174
505
296
1592
2337
1324
1721
2590
690
1453
2032
326
1065
2937
2865
3889
1583
1983
2158
2000
3339
1037
406
313
1174
2329
276
2291
2570
3495
1438
2705
3659
3518
606
3190
2550
1248
3261
3591
3528
3068
37
3560
2833
2874
1692
3091
350
978
1316
1795
1770
960
642
771
1589
1816
2893
3909
300
296
3015
1039
2424
3449
3882
3483
1647
3750
1227
311
3242
3760
635
3841
520
1259
1490
2035
1950
2202
1233
2805
1811
482
602
58
813
3454
3648
2894
2962
3440
2085
2342
1
1733
2116
1619
949
2332
2669
33
811
2353
2397
1281
3535
1127
4
998
1080
3227
802
1021
2488
2825
815
921
1762
982
2270
1352
935
2732
3834
650
2766
1439
1426
2265
3440
3144
3632
1173
3853
2368
2541
2439
1469
3397
2149
2855
2376
696
2867
906
1956
784
80
3399
3391
2251
1600
2680
2302
2023
1195
1508
2264
994
1910
1775
2881
255
3285
2715
25
738
810
1279
1092
2101
3021
1942
3599
3325
3010
3719
3907
1121
2539
786
2027
1598
1409
1718
2739
3332
582
1252
3525
2255
3695
1170
3416
711
3075
1798
2380
1711
1341
2331
3683
1807
1662
3578
2830
1738
3364
2738
2001
535
3673
1413
2801
172
2365
833
2870
2639
2888
1242
684
2134
3649
2694
791
2066
2284
3633
1954
978
3095
1915
3411
2845
2193
618
30
1201
1137
2007
2075
389
2916
2236
3569
3903
1932
184
3714
2406
3219
3999
3882
1900
1548
3145
107
1203
165
3349
983
500
126
3411
2404
1972
2033
2660
3949
1529
287
2180
64
648
1341
319
641
29
717
143
426
1663
2647
2530
1813
3546
1988
2710
327
476
204
989
1126
1399
251
2585
2824
3579
2052
645
1158
3411
646
2026
2694
548
1174
364
3399
210
994
2966
3509
1380
3824
3419
1257
76
206
2647
302
3278
521
1557
3588
2123
3814
1147
42
1729
1695
3766
2082
818
3365
2656
333
2718
2382
1730
166
1050
2744
1318
3144
315
2659
353
2060
1793
730
3513
871
1145
2045
80
3970
2828
2229
350
2557
2660
2065
726
293
387
1146
3988
731
1821
3425
3441
2466
1093
3746
2871
1348
2952
1101
1489
3223
3094
965
75
318
477
1448
3448
1725
1814
3103
3009
2217
3391
3641
3783
123
2133
3738
3438
1612
1613
3349
1618
1404
935
3316
2413
1237
647
530
868
3741
2924
2604
2616
3896
3648
445
2518
3130
3175
468
248
322
2481
37
3600
2785
3606
1789
555
425
799
1142
740
661
2926
1643
695
2133
3075
826
272
3934
1795
1057
2296
329
3962
1664
1551
3965
1056
3228
2566
1474
2968
1030
539
1047
2511
1516
2806
1019
734
2544
1322
2447
107
3977
2464
87
1363
2746
3208
3501
2326
1097
1649
3814
1081
2283
3524
1554
3513
1422
2036
3556
138
1147
2680
1313
3255
3260
2179
714
1750
56
1447
1975
3961
1667
2856
3643
1464
2815
752
3745
1411
833
3860
3738
3819
2999
3422
1229
1802
1804
1757
3292
3347
1388
2166
1616
3824
2320
1565
3162
1288
3595
1133
838
2722
1547
1309
1916
3812
3316
1856
739
1739
3795
2134
1778
2996
3103
868
3744
1735
3196
1747
3201
373
1005
3758
219
1397
156
2783
2945
357
3104
3839
3954
2222
1784
82
3852
1406
3288
1215
3
2948
3733
37
2682
3006
1143
1187
3372
356
3371
643
2271
2296
1749
1718
224
1836
1682
3546
2722
458
165
1005
159
556
3050
2176
83
2913
744
1084
246
3480
134
1482
1580
1632
1730
479
3085
3938
2324
1540
1163
1039
1678
3771
1629
1795
3183
370
3467
1840
2428
3588
2972
2512
1589
1509
1499
1082
338
1806
1353
1159
2540
1309
3778
842
1996
1795
1772
3170
479
3577
466
3409
16
1329
675
2559
81
1972
1252
2861
1200
3137
2774
162
155
1992
2514
1441
749
3786
3496
248
235
319
896
2952
2573
3483
2737
2439
2122
3083
1870
998
2
1908
3646
2307
330
1802
2637
3481
1601
330
2086
3422
817
3307
1379
196
1318
1304
1590
3767
1897
1877
742
1518
1732
1989
848
3723
384
1959
1089
2985
514
3586
3260
2919
1276
2157
3841
2112
1624
2932
2098
2912
77
1265
3532
1820
2988
1984
3201
2054
2753
3450
698
2539
3298
2162
3483
423
3636
3420
3889
1048
1942
3016
3777
1443
3617
3401
3489
2312
1059
403
558
2323
2039
2097
5
3548
1870
2928
2013
536
1948
3411
86
2843
1136
588
3613
3033
1204
2758
3397
1675
100
3221
2131
2753
3087
1554
3397
2450
1834
2642
662
1934
2905
2484
686
1684
2651
225
2425
738
1415
169
273
1795
521
2297
749
2636
1462
181
679
3086
3478
2624
1436
917
625
681
3906
696
2346
2482
1190
3855
1600
2214
292
74
2858
2977
646
2306
1650
773
1688
612
3759
2201
3408
1016
556
1575
802
3088
3060
2170
429
1352
2422
2900
546
1977
807
371
2329
485
2358
1389
100
2667
642
3308
2304
1507
188
252
3060
3566
2862
2197
518
2586
2841
2584
3465
3715
1507
876
3256
371
1189
1857
526
2379
405
2281
894
3435
1168
3870
1138
3070
2494
2139
799
1875
2577
1018
1616
640
3930
1789
276
3300
2552
2475
3788
1845
3232
2640
2674
3115
1450
3451
1216
2835
148
1331
1592
3433
3192
2528
3621
812
872
2378
496
944
3460
459
864
2975
1114
366
2620
582
1919
1546
163
171
3754
3183
1981
2663
1470
946
3846
954
2128
3394
119
3562
3597
1516
1079
3311
1804
3507
2512
2706
2339
3253
2832
1596
2733
455
563
3734
3205
984
1977
1535
3597
883
862
351
3757
3896
2706
2543
2214
2219
3961
2479
604
682
465
1812
1165
1849
3899
1100
1785
993
1006
157
555
2564
3333
2734
2900
2609
3160
3054
3307
1972
3614
1905
1975
2993
2856
133
2987
1314
2026
859
1091
1227
189
611
3002
2198
2783
2345
2774
3673
2905
1849
938
1675
196
2716
534
31
3201
1040
3560
830
1583
477
188
1172
3600
914
3507
1629
1045
1281
2268
1366
2244
2059
52
455
1635
1059
2563
582
851
2524
310
739
750
1151
2137
3609
1293
746
1056
3780
3296
3235
3601
1778
3554
585
1085
3686
421
2788
545
3142
1076
600
2915
133
1825
2986
208
1680
1077
1707
575
3728
72
2224
2962
1414
2429
1232
2335
3529
2462
1999
370
1046
1367
1427
2784
1573
1348
73
2833
1072
3031
1950
2997
2656
3495
3886
973
1124
2718
2635
2143
872
3393
2969
1821
1729
3333
2795
2646
2457
585
2288
2754
157
1968
3430
2029
1214
1405
2757
2035
3919
3786
385
2961
1794
1445
2907
2107
461
741
1252
2836
1408
2730
748
3205
3400
79
3941
633
1689
3854
70
3828
639
990
2102
3201
1931
2021
1255
731
3176
2119
1961
2835
3755
3490
2204
932
2582
3372
407
932
3601
2238
3344
129
3193
3827
1660
3617
70
7
3042
858
3696
108
1334
3173
991
530
3290
2970
2972
3599
425
3613
1182
2854
3121
3618
605
790
236
1429
283
1569
3962
235
2916
2793
2605
3203
642
2812
1725
1330
1772
1253
2180
2851
2091
3940
2748
1492
1408
1816
3509
2615
644
3290
1160
2136
3049
505
3783
1419
3155
1762
3500
3453
3196
2548
3913
1296
1118
31
2515
447
444
1395
2029
3857
984
541
2280
542
3197
1728
3409
2679
226
2848
294
3039
1757
3332
3666
3498
1038
1639
1378
1076
3048
3947
3157
2862
2062
1325
1699
525
2431
3548
3024
2438
2179
2979
1462
497
2457
2111
3915
1178
835
1919
1006
1088
460
547
2046
2560
34
769
1334
3991
3288
976
2995
1861
31
1958
2035
3976
1039
861
3293
2282
3114
870
3460
2214
3928
3213
2947
1911
88
820
747
1323
1748
487
217
659
2530
1307
2052
2838
2355
3008
862
248
3660
1705
846
1720
967
1681
3089
1319
1271
980
2002
2204
3055
309
58
2495
710
1436
1327
3720
1558
2827
365
2719
2798
481
1417
586
793
2933
3779
2474
3636
2801
3478
2162
1144
1103
257
2489
3103
2794
2892
2580
485
3838
2704
1078
48
3403
1695
3654
75
2727
1495
3999
109
3040
709
2803
3754
1264
2617
3486
1581
1263
1588
3710
1865
3552
3680
1513
1835
2306
1472
2412
39
23
2504
678
906
3240
2394
2168
3092
2266
2742
2039
2764
2621
3897
2030
589
3954
3355
3628
1979
1943
1394
7
1635
1217
1896
2021
3799
3495
2732
543
2504
1399
941
1167
2908
3380
2140
2171
2734
3336
553
3210
14
3189
1892
1917
797
419
834
309
1016
2380
2581
371
1695
2230
1109
2200
2956
1074
243
828
2435
3882
3948
2632
1890
2770
2218
1863
2903
1045
1579
2203
1474
214
966
3427
2092
3851
2152
1794
1803
2675
3136
1610
627
1748
41
2292
1437
409
3179
3071
1862
3510
703
3107
2085
1710
2179
2451
620
3759
2171
296
3267
3164
579
3215
12
2629
3669
174
3202
541
83
1288
1876
1756
198
2358
2724
2611
3172
2487
828
3798
417
854
1084
1681
1684
3244
650
1434
3649
2182
2408
890
2023
1925
3829
1909
1352
576
1468
1243
1224
3682
3912
765
846
3276
1933
927
500
2278
3479
64
1653
1425
679
3512
883
3015
1340
515
2692
391
3845
3007
2242
1566
1152
3340
752
203
1266
1647
589
1912
2270
3812
3872
3040
3223
1967
2688
718
2527
884
1884
3985
530
2534
508
3072
3610
3561
2562
937
3614
2240
64
3092
2694
2971
3562
432
3212
1075
430
3024
1965
1290
664
2548
3514
1167
616
1810
1103
2951
553
1076
1802
834
274
1204
1561
354
41
2719
2482
898
648
2233
23
476
2313
788
1695
3185
1710
1414
1347
3949
3431
3906
3961
1602
2668
2151
1278
2061
1984
1205
3298
2582
3364
3717
1440
2594
3924
1700
2946
3138
3499
402
2886
1537
1488
3481
2959
3130
1615
2789
2415
2044
3469
2487
2102
2591
3446
3995
3971
3975
2180
30
3141
2145
908
135
2995
2972
395
1190
642
3943
2040
1580
3161
1468
2484
2312
930
918
647
2576
1077
2917
1380
431
2749
223
2387
1330
2485
3574
199
556
3369
905
2489
1249
2166
3545
2916
986
1588
3021
1284
3488
2532
1247
2910
1991
1728
1826
1435
3344
3752
3075
708
2208
811
3836
902
678
909
2312
2780
1480
3723
2045
1016
2933
3728
1859
501
937
2249
3626
2308
2734
1547
2622
2747
3658
2872
2260
2953
2652
865
675
248
1258
1684
2159
2160
1429
1501
2780
913
990
1832
3370
85
2743
450
1672
2340
3628
1472
248
1598
3546
3638
755
3729
2081
3537
2935
3068
1428
2955
1743
3486
1276
247
1165
663
261
2487
3086
874
2805
3883
1352
2359
165
206
1516
2775
53
560
1011
503
2975
1188
2625
3354
744
222
1661
3729
2645
3929
1032
1173
3880
135
3510
1079
296
41
222
3930
806
964
2541
2093
975
2679
1123
1606
1685
2592
3652
1812
2717
3428
752
1328
1280
1218
2333
1396
673
2710
612
3431
3850
3695
2539
1094
805
3656
2459
2057
601
3662
2392
782
1206
1800
1738
1188
126
3351
329
3628
3941
517
580
3195
667
3859
1616
3286
776
1772
2557
400
535
1550
1817
195
2913
1541
3146
56
620
2970
3469
1546
1676
2199
3286
74
3897
2402
1894
173
547
3984
3223
2241
1521
2562
2298
3350
2123
3106
3386
1486
2194
2563
3225
591
1558
3178
2524
394
1888
3212
2450
554
1037
1970
491
2096
1570
665
3601
1610
1728
1013
306
1937
286
387
2784
295
1547
400
2819
793
3788
3563
1101
3487
2671
541
614
3447
2397
1461
1853
1944
2777
1490
1002
439
206
2836
2449
534
3406
3194
831
83
899
2694
2448
1608
1488
1859
124
1069
3797
3546
3949
3343
642
3472
801
864
517
1783
1955
820
3217
781
794
365
1940
1229
381
371
463
2519
235
3170
3408
2117
1297
3423
1243
2000
2553
2849
2952
2705
2737
2066
3836
2919
1761
933
1712
3056
3223
2324
1297
449
2697
1608
3362
3960
187
3995
3791
2999
3473
3058
3292
2501
3542
481
2068
3584
516
3243
99
2271
3984
1421
3023
1608
2427
47
3383
2229
3600
1687
2467
3117
2140
1314
298
569
2798
17
3358
623
2332
1784
3593
73
1977
1019
3299
3248
45
1522
992
2613
674
2450
2949
3511
3671
2142
2712
2834
3419
2118
711
3406
1411
3701
611
265
176
2724
2810
2852
697
3558
3993
528
3002
406
3411
1448
1012
516
835
1985
1960
1886
2827
1773
3678
3971
731
3115
630
3542
1770
403
378
1315
3603
3690
1639
1865
3129
2891
3505
3770
2355
888
1974
2122
3838
990
1736
407
2253
40
2756
795
1764
1066
1972
1874
1500
1382
375
1111
876
1962
2810
2436
2977
2467
2034
345
3747
1495
21
1241
3969
1820
3142
3781
2826
1717
2236
2917
3999
117
307
1147
3292
152
3577
444
2287
1069
2039
1325
3729
2362
2099
1160
2147
1997
1791
409
512
3384
2673
2729
711
1871
1808
354
43
3112
1896
848
3441
2797
2988
542
2730
1792
1290
3795
740
2195
2455
2062
3937
2008
1205
2956
2821
3979
1177
2490
2249
1101
2833
969
2115
2075
960
2995
571
1936
2431
1385
3273
2772
788
2775
184
1577
1957
3019
1324
1699
831
2761
3683
640
526
2588
3443
3766
2616
3388
1359
2054
1137
2994
1451
3021
2673
3971
904
793
3781
901
3090
1499
2399
1603
968
1556
1264
3372
3011
993
1835
1067
104
2897
3568
318
1422
414
3711
241
2180
3578
418
3353
3522
2482
2272
2282
57
685
2062
3956
1979
3136
100
3576
1244
2799
3783
2407
2758
1153
298
3742
1290
1963
3672
2652
2232
9
3551
499
2157
997
1221
3669
1786
259
1791
3897
2291
645
148
2235
1627
1751
3760
3224
1612
3976
1215
3540
3841
3955
2829
2506
1758
3715
3609
2007
436
2584
1439
2306
2778
657
1172
3011
1421
1983
2177
133
2473
2128
787
622
3871
945
3900
330
2404
2735
1008
859
2910
1791
1807
3291
1069
1142
343
1311
870
721
168
3899
1669
2574
1326
810
17
2930
3188
3890
2148
276
1177
2679
2068
1471
294
3049
453
3901
806
1592
3402
3868
292
3314
2418
978
2555
1674
1818
787
3638
3707
3012
1646
1666
3797
1564
2002
2757
1829
1633
2687
343
890
2223
87
1094
243
2827
1570
1025
2042
1907
2779
1588
2384
3219
2511
3580
2501
1856
3256
1254
2450
2842
1029
2547
1882
2993
1359
159
3411
3682
3888
3489
1049
3626
1363
28
2881
884
30
2103
2006
2293
948
2700
2397
259
3866
1341
1678
2023
2785
403
1520
926
2988
3399
900
2727
598
1123
2832
3127
23
1899
2203
2878
600
2748
3209
612
741
2042
2164
1306
1105
1666
1854
3928
59
2454
640
1513
1774
2218
1087
172
2095
1278
52
73
3592
494
2283
796
788
3122
99
149
797
509
499
1932
2927
1244
84
3152
1937
1421
1158
704
2247
2005
1838
2463
2145
2572
905
46
2503
2828
3829
3303
603
1229
488
319
1408
3984
3029
3582
588
3864
3970
1236
1566
1721
3269
2356
1903
2737
2555
653
3289
2392
3382
2909
1195
3601
3635
1947
2860
1518
3603
2520
3840
2999
3301
201
773
1587
2848
3004
1991
1711
3422
58
136
334
3571
2736
2016
1486
3196
521
3753
2350
3710
1524
3522
1440
2478
2402
1119
512
1416
2224
2552
2763
2200
260
903
300
508
3684
2431
2507
2521
2548
2732
2468
1032
1378
704
267
3384
2825
3959
3082
3377
3754
178
2422
228
3197
3961
774
3819
1595
1678
2290
747
521
2946
2819
2784
915
2884
2001
1082
3505
1703
698
2659
1056
3848
3343
3144
81
4
3789
2775
2591
3570
339
214
2401
3515
634
1485
3420
2082
2337
1859
62
2714
2751
1278
3278
2281
3299
2941
176
366
1205
3987
1184
2992
3158
179
546
3138
2154
1385
1070
1300
184
2777
3639
1491
2497
908
3307
3075
1048
2364
3875
3542
2463
3925
2939
2909
915
2890
1916
1879
552
3661
2192
2762
3555
2909
512
227
3286
2053
322
583
3971
2531
3944
2449
1576
3153
3952
142
552
1866
3800
1496
2937
2863
230
735
2585
2191
3522
2998
3966
1018
2597
3695
3938
2845
3716
1752
1804
2198
191
2455
1811
608
411
2995
1466
993
915
3036
3671
1379
3505
1215
925
2831
774
3171
3343
566
2619
218
1225
2795
2350
3519
1909
2517
689
561
3022
2226
3127
2381
388
3719
69
1299
2115
229
2106
2656
949
18
1570
593
3300
2903
3815
1608
1461
958
3237
3296
424
2970
968
3740
2174
473
3617
3019
3295
2279
1570
410
2867
605
772
2432
2015
2601
2143
3194
807
864
841
1994
3247
2919
631
2850
1266
3902
1062
472
3870
735
3741
1430
1629
1506
2063
704
3683
461
3688
3922
2646
3603
2628
2712
1963
3130
2571
32
3851
2380
466
667
3059
3862
2930
3
67
1722
2795
3140
1068
886
2170
3809
1566
2901
2220
811
3778
1077
3478
2904
2446
3761
3845
2021
3743
3631
141
461
1534
3012
740
1117
1004
502
2094
919
3797
1606
1260
3351
167
3173
2983
2738
3593
3431
2974
2388
389
7
3281
3606
153
3377
2583
1334
328
1080
3145
2975
576
3776
2144
1073
3459
481
2128
3742
3836
149
845
2178
712
3186
2840
3673
1711
370
2242
2956
701
3911
1032
2778
3918
1601
1
1338
3127
3958
1220
1249
3214
1859
2614
2827
2216
814
803
317
3726
1041
2887
3861
2063
3420
3986
3142
2526
2836
2522
2859
1623
1624
1939
3304
1396
2897
2732
588
632
2869
3340
3234
2607
1377
3581
3036
1085
3409
3590
322
2096
580
1776
3282
3821
888
601
3349
1508
213
127
3160
3933
3949
1909
2459
2574
2043
1323
2156
2644
1702
2906
1404
2376
691
405
865
3333
496
674
1035
233
1143
466
2940
1809
3915
3802
944
1030
1829
2474
2999
1281
438
3001
1785
3444
3021
2204
2777
2395
1723
3391
3562
1372
1601
1783
3686
1808
548
1332
1439
1922
3152
3526
1614
1244
1001
3931
886
2878
3759
1468
1273
2098
149
683
111
772
56
2831
2773
1074
2982
3964
3281
1698
3916
1274
362
3084
3752
3907
3592
3803
3134
2830
716
2096
1036
157
151
172
1270
2790
614
638
1987
148
3179
2895
502
3966
1726
2852
1129
3688
2669
804
2466
267
843
483
173
2932
256
295
3725
1030
895
343
1499
130
1503
1592
1411
1553
3428
1331
1607
2473
566
558
3514
156
1281
608
3838
3283
575
1499
1564
246
3495
455
3889
2668
1318
2538
1127
2566
2900
2204
2554
36
2083
2680
3000
524
980
3759
1135
927
3116
3191
3092
98
3494
3748
3756
3873
852
1198
720
1195
1354
3453
509
3630
145
1840
3895
1505
1503
2418
2659
3140
1979
582
1314
159
2605
1404
863
1419
2201
1496
3277
2962
535
1271
592
3790
3470
730
1021
3402
2771
3006
278
390
3186
335
3822
2225
3006
3020
3996
2166
70
1651
2919
1191
1618
2684
160
1097
386
1814
2134
2793
738
619
1341
3533
2238
2399
3153
2419
3884
2294
790
3186
2247
898
749
389
833
2290
37
1902
360
3242
20
3140
1723
183
1965
483
159
1448
3735
3360
1069
751
2376
3511
3462
3816
3837
3862
3276
14
3466
2419
2733
1025
3101
3305
1896
3540
1430
3605
1405
791
3785
3615
2039
2256
1294
1315
2158
248
2198
1600
1223
1103
3797
160
817
1362
2147
1977
733
1029
2806
3248
2616
1341
1996
2959
1274
2224
325
3774
545
121
2245
2785
3995
433
3023
25
1666
996
2375
1495
223
3948
1403
3810
230
94
2707
1123
1360
3451
503
3761
208
1018
3205
804
671
3822
1837
1634
2000
2619
2934
2610
680
837
3748
2766
558
650
1558
2438
167
2127
2718
3313
16
2693
1668
3337
230
2859
2670
3503
3324
1207
928
3639
723
1491
3095
672
1730
2615
2961
3053
3772
908
1086
3970
2188
3564
1032
1866
1742
894
1809
3055
2694
3698
1994
1866
2690
3317
2167
1175
1352
3094
1764
1150
2399
725
185
2993
3261
2903
1953
1960
1219
297
1245
2401
1157
1611
2547
2116
1134
1713
3496
1997
3927
1895
3062
1232
1179
2945
114
1416
1324
980
1198
2028
2495
336
2320
2553
1771
1304
1896
49
1148
3428
2024
1962
206
3904
2548
59
1308
1600
1740
940
2029
59
990
1743
3463
1741
1358
3006
2183
350
1818
642
340
1732
1879
182
1188
2997
3704
2574
1811
1165
3298
2145
2551
955
2110
303
1953
2704
171
537
2365
1941
3789
175
2963
3281
3356
639
3090
3935
1049
2970
1793
1983
1773
326
199
2732
2798
377
189
2115
1256
3426
3623
934
1291
2560
80
1494
487
1686
3387
1310
2201
1028
1649
649
1407
3383
664
1351
834
1048
2053
3844
2689
1218
2022
971
41
2936
598
2233
840
391
210
235
3788
269
2331
666
2093
753
1414
2568
718
1938
1332
415
461
3655
2526
3433
3249
1811
769
3814
2764
2453
1785
3126
2514
863
3282
477
1607
2383
520
2865
1396
1169
3532
618
2299
3522
2048
2351
3812
765
2037
2845
2911
967
3653
2996
3659
956
2503
3151
85
803
2413
2209
3546
137
213
3196
788
289
3416
73
530
109
1404
993
748
1420
110
1742
3828
865
2216
122
708
2512
807
3461
3813
1190
2955
3640
3049
1248
1381
3108
2285
835
1618
2536
1804
2799
608
3261
3976
109
2438
1490
1566
1304
3089
1839
1052
1632
1612
3448
3722
707
3312
3463
3881
3126
2826
929
1774
2330
2871
2599
1359
3029
952
683
3744
2835
289
22
276
1159
3846
2563
3621
2893
2374
2970
2436
1051
3330
2835
98
704
1448
454
1470
107
3362
2808
3639
571
1768
882
2872
462
809
1048
1478
3231
2259
2351
323
3771
3260
1653
1993
418
992
2544
50
1590
3887
3922
707
478
239
1393
1335
2317
2120
2177
1375
3039
2022
1577
2526
3892
2933
1367
1083
2084
926
2645
697
3421
2265
1645
525
478
536
85
1482
236
313
200
3663
915
1191
2626
1182
2772
3373
3253
50
2467
2137
2069
1627
527
98
1983
464
1428
2672
1740
1184
206
2283
140
1389
775
2072
1374
1357
1792
2417
3730
2349
3654
2936
1291
1851
894
3351
3669
154
3712
257
1803
391
864
1894
1619
175
1938
3530
2573
67
3609
3946
1731
31
1606
1881
3637
2284
1441
1551
1457
3625
3820
1295
739
2869
107
255
3706
2064
1575
3885
3684
227
63
1633
3907
2245
3624
809
3373
2862
411
3193
1413
1170
1133
2434
3499
2240
1313
3329
3564
1000
2157
2969
2032
455
1353
3973
548
2603
448
3577
1232
3114
1597
3940
3457
3106
3506
9
2699
1721
1970
3975
2150
2861
3995
77
1598
2946
1560
2125
1320
3663
3785
3399
1962
1019
1150
3087
1310
1381
1022
3474
327
638
1798
3200
3488
3765
3005
3476
1747
1860
3254
3153
2366
1871
3159
564
537
1524
2467
574
3197
598
44
1996
1903
2634
1172
3584
3522
135
2708
2680
2229
3528
407
2804
1225
967
2146
2655
2755
1164
3183
2867
1031
2108
2778
1677
1281
1125
2869
708
2144
3523
1318
296
3421
2992
88
1662
3499
1103
2201
598
32
1561
1013
1677
2181
1957
1123
2692
3502
2889
1856
3893
3517
3141
3888
2998
3197
3961
2955
3336
2884
1919
1856
1763
3154
357
3732
2645
1486
2709
2764
2077
1385
3325
2612
3899
1355
2964
1898
2805
2996
2200
1141
425
3174
114
3540
2968
1630
2168
883
2356
1714
2828
3290
3435
2356
8
2959
1757
1460
911
889
166
1620
3816
3575
2919
1316
3424
2943
1429
3304
664
2715
3968
2181
1570
587
642
2798
207
2274
62
405
177
919
2513
3278
81
3221
2751
878
1088
2876
3541
1319
744
3604
1066
3844
3842
1446
3464
1641
1569
1804
597
3370
128
3273
2041
1891
2671
788
400
1944
3747
2601
2329
2190
2657
3090
998
3908
3728
2233
1628
3754
2754
3524
673
3576
40
907
280
2090
3201
1395
2523
1486
1289
1573
799
2603
3945
1969
3456
3905
2411
2399
1120
2789
3850
2129
128
2631
1206
655
3903
2438
1749
2078
2618
631
1281
1880
2128
1503
664
1209
1930
606
2730
2450
1833
2943
1128
1650
3659
199
3308
2994
738
2351
2060
2757
1864
2139
2961
2
1139
1413
3317
3184
2540
3290
3338
3780
1862
1243
231
725
1279
2055
3661
2071
25
1018
883
3316
2398
1300
1613
2463
3776
2064
3647
3749
2767
3733
1677
3080
3186
1066
388
1939
3828
1193
3592
2611
33
3860
1333
707
3532
3439
1407
1251
540
2882
2293
2522
704
813
812
372
2241
2571
271
2147
1546
1515
2199
2235
3464
1265
1901
593
3369
2937
1120
1151
3206
526
2591
1798
1994
2737
404
3223
17
963
2420
1413
465
2736
1216
312
2904
1111
2299
84
973
2121
2853
647
2544
1225
454
3104
3040
495
2974
1034
3208
2338
3265
1612
3402
416
1819
2545
1301
2262
835
11
3939
906
2817
601
3852
955
1615
1020
943
2500
286
2926
864
2655
92
3242
3133
2521
175
1459
2727
2381
3577
290
1813
3517
1458
1059
2864
383
2439
2106
414
1481
2849
736
3491
1754
3933
3451
892
927
3027
1911
771
2346
993
931
3399
559
476
3718
1237
31
2003
2776
2385
184
2167
1856
3195
1964
736
1775
2097
2500
2659
2307
3642
2746
1966
690
117
415
1327
2843
3346
665
3282
246
1079
50
346
2906
657
133
2720
1260
3386
2581
1888
3292
2138
1674
2326
1566
2910
3961
3472
2532
2007
3203
1677
367
1425
3812
1331
3919
3760
630
1936
1794
1506
2345
3892
71
1785
170
3299
1210
2201
1793
3148
2149
3604
907
3136
2107
274
1555
3952
3347
2411
2503
2551
131
1506
389
2622
916
2069
2658
2399
3028
156
1661
2342
434
781
373
3799
3840
1292
961
3021
3320
69
966
1217
1298
331
1372
3562
2908
654
3637
1020
40
2689
3335
2891
2874
480
1471
2188
3176
907
3668
1272
3078
325
2675
491
1609
802
1185
1838
45
2140
2044
2789
3310
2961
2288
959
2864
3947
28
1086
3608
3407
400
1969
1360
2413
3068
859
3795
3203
573
1897
176
2295
897
3908
1849
1869
2843
219
1187
1793
1957
926
3326
565
3660
351
305
129
2645
3878
2223
526
2730
2539
1426
1975
2820
2748
1083
1885
1459
1025
801
966
3659
1041
1116
1475
3883
1271
1416
1975
2096
3658
1615
1723
1209
1413
1014
1717
1203
1090
292
2344
3808
1916
3570
3875
801
3987
1558
2273
3218
1691
3413
518
2327
2570
2521
1135
2778
2598
3945
2064
833
2424
3929
3337
1728
1375
58
3157
2461
161
3757
3632
1310
1472
1511
332
2706
2647
2958
681
3674
2452
2042
3945
2387
3255
1548
3841
2083
3071
1383
848
2897
2366
2481
2220
3640
1848
1680
3509
1017
246
1044
924
1828
3847
1385
1283
506
1882
1177
2022
2261
1571
3216
2551
23
3368
121
2468
314
3213
1904
2166
2815
2153
617
1532
1326
2528
3816
2600
200
366
1396
631
1159
3993
3058
2551
1638
151
221
2520
273
462
875
3404
3331
3102
3892
2875
2121
2981
3893
3545
1768
3837
1660
1892
3590
1233
359
478
3548
2107
2288
1636
2417
185
3327
3479
1809
2443
1423
3827
3785
3282
3009
3935
2002
1896
1840
3269
3778
2595
3588
2195
3159
544
2526
2058
1665
1513
1518
2378
3579
2774
1701
2562
3397
1620
3106
2923
396
190
3956
1687
3536
3439
3588
496
1823
360
1650
69
3035
3561
3408
267
3532
2769
568
1724
818
3649
1228
3468
2268
3376
1812
3042
1091
669
121
2021
1864
1754
2850
1052
697
1092
45
1369
2137
1933
2652
3883
419
2852
1794
973
3022
3920
3143
2793
320
2105
2610
3954
3218
160
2486
881
3504
3422
3342
3301
2083
3191
1433
3454
3821
619
1417
1795
1316
927
2259
812
712
380
421
3655
440
1231
848
1726
270
9
1707
3918
1459
907
2432
2423
322
527
1273
94
2660
3609
425
3398
968
3004
1616
2536
3249
1698
4
856
1228
412
275
2288
163
1763
1802
939
2402
2099
954
3820
362
3601
2920
1698
3148
1574
147
3241
988
596
529
2645
1760
3503
6
1463
1837
2543
2948
691
3631
456
3145
697
2795
2623
2532
1386
425
379
3324
1331
21
3918
1881
2543
3716
136
3479
459
3298
1746
2218
2551
3658
1364
2969
1095
2048
2770
1883
2308
1139
2639
2074
3165
1779
505
576
434
1154
3865
105
3329
1481
1365
3506
283
307
2420
1726
2138
680
3151
878
2298
2267
3828
375
3995
3522
1331
2625
3474
1184
2765
3877
2487
229
926
739
3343
3812
2040
2826
2534
337
2942
3999
1545
2068
3946
917
2361
897
2090
1437
2514
900
3812
1168
1875
515
690
1245
3958
3753
1983
944
2057
2912
3778
81
698
2689
1547
1887
1314
3622
214
2178
2853
2023
224
426
2375
3683
2756
2237
1464
3155
464
2643
2616
2331
1059
208
1942
2156
2896
431
544
3184
3506
1160
2463
1125
2036
170
1427
1597
1755
2224
570
3558
2671
3989
11
2311
847
2965
1499
3078
1450
344
347
455
2396
2896
2340
3648
3938
1378
1684
3252
2414
275
2131
2438
3004
3963
1449
3190
437
2887
1260
3296
1310
1217
1723
125
805
3324
1375
2152
3335
3193
1603
2558
3763
719
141
2434
3194
304
1671
1927
1389
2329
972
1520
792
3009
15
2130
3693
958
159
2543
1184
2648
179
3172
2663
1352
2541
2486
1677
88
1578
2915
1026
869
2253
1234
3774
2872
103
278
3933
3811
3664
2423
3339
2706
2446
3842
459
3328
229
598
3266
2404
2323
3551
3929
3727
3871
2891
2146
2706
1977
2787
2676
1865
2049
3439
1308
2987
1917
20
3361
1980
700
1088
2722
763
2898
269
2468
1991
3220
514
3773
3880
2152
3971
1339
89
2249
1885
1527
517
20
2364
155
525
332
2798
2307
2896
199
3613
2202
966
3046
3737
3885
2146
2522
3661
1807
869
7
1624
1416
3572
3995
1841
1029
3266
2259
1164
104
317
2087
3826
27
2482
3297
3007
3728
99
1777
2017
1119
897
3604
904
3122
3558
3484
3687
593
1736
2619
2758
1419
3126
2792
3237
1045
1650
2245
2621
557
1235
1674
1863
2970
1339
1893
3188
2979
330
2435
666
1608
1645
1513
184
675
3769
2593
2158
2690
2424
642
3719
411
1617
2420
965
2639
473
1622
3078
3425
2257
29
3253
831
444
1895
3770
1199
3308
3520
2549
3850
107
874
1961
1340
717
1653
3392
3372
2257
3908
2939
3953
3655
897
1026
3449
1860
248
2184
2877
1197
1935
2829
2134
3377
1284
1351
3618
1436
3892
2578
839
2813
3672
1919
3851
3382
1051
2009
2876
2197
524
2275
1559
3879
3421
873
192
3914
3480
2502
641
2223
3553
1749
3256
66
2366
2054
1238
1822
3613
2638
1593
2426
1338
511
1756
3088
3427
3742
3602
2733
1145
2275
2285
3950
3051
266
3770
3682
429
108
2997
3270
2046
2591
300
1590
1322
455
2288
870
1566
2197
557
702
2958
2278
683
3322
2766
2759
1249
617
415
2036
1794
2435
2355
124
2823
3341
2650
920
1104
3966
633
2934
1225
1750
1321
625
3826
3066
3953
3290
3828
106
2947
1630
1377
749
2793
793
139
252
602
884
1382
1214
2785
510
1468
3265
264
1170
2279
1150
1388
3577
1203
3036
1905
3608
712
1814
798
366
2158
3835
3504
522
2151
2254
741
3979
1497
3170
430
2726
3305
1759
488
1178
406
832
1249
3805
3806
2934
579
2073
2010
86
3016
1065
1965
208
2566
1575
744
2143
2512
1459
3720
1360
300
2274
293
613
3933
284
136
3995
1442
2537
2254
3324
3376
2459
217
1697
3183
3367
3100
888
472
2801
3697
3888
3402
3832
1681
2207
1904
3676
3725
1914
2462
1107
3181
1850
1738
2145
2361
3644
1226
1140
906
1955
3516
3485
1204
1931
2420
1129
1734
3475
3653
2675
2617
1619
1845
3774
1269
672
3044
2893
2254
3827
1127
563
1260
1750
2774
1250
1297
3134
1514
2311
2826
1778
1470
3545
3861
459
3258
3759
3494
2044
2920
2520
3333
3774
1458
1068
3581
3384
1151
1784
2138
19
1332
2083
3074
3787
3159
3520
2281
69
482
1970
2212
3669
810
864
2102
2638
3024
2809
1973
1982
3098
2752
3896
90
2923
3682
3732
3097
494
2552
1718
1736
2839
3067
3309
3920
3597
3919
2390
2921
1602
514
1953
3074
3301
270
776
841
1183
98
2907
1762
1239
3442
1733
1767
3779
2036
2372
1745
3163
125
3333
1287
3465
966
3876
3256
3629
3826
2845
1611
2814
2978
854
3324
2259
392
918
364
1985
1261
179
3299
3706
1879
31
2142
964
3967
2940
3220
3078
3396
68
3999
973
1092
3718
3870
295
48
1422
1524
3202
3247
2423
655
3634
930
3450
3846
2329
465
2450
3795
956
2972
150
2278
3586
542
549
74
681
2780
1516
2538
3620
626
3462
1505
1790
963
2738
1992
1745
2354
608
378
2683
2831
2444
1744
3105
1547
3658
3101
2588
3690
1346
209
746
2097
3767
3503
157
2513
2939
1678
2674
3697
3722
2669
2312
2064
1164
2951
3570
2791
2831
1653
806
2707
1647
342
1709
3427
638
414
2365
2962
2584
3174
1291
1693
1340
2372
339
2309
1793
134
3612
2376
339
3623
1675
882
1036
3311
224
994
1417
2982
3054
2851
2629
1349
3786
3051
1646
758
664
2630
998
1707
251
623
3323
2131
2393
2313
2677
2210
122
568
533
2043
2709
1916
92
568
1927
2124
424
1258
2718
1315
2383
828
1294
943
77
1255
3623
139
2777
3730
1441
2986
1462
821
1490
3758
1641
3743
2596
417
3552
3246
16
172
1565
1172
2361
1011
3533
2661
2789
2273
828
2602
3279
3843
2158
2382
3748
3789
2642
3363
376
12
1232
3631
2952
1802
590
2443
3400
1855
2461
1837
2865
3286
1063
658
1174
255
1247
964
3745
3420
104
3291
3073
1052
812
1820
3381
2852
3278
1097
2779
3437
1114
821
813
520
44
1056
2065
2090
3404
2656
2025
1279
1574
2513
3678
409
1476
702
1960
2456
2916
1244
2818
2654
1482
686
2021
943
377
910
1823
1974
2367
3378
2858
3643
3474
581
1731
1170
197
196
2821
1505
1314
1987
2795
2479
2820
427
2874
378
2485
3036
3790
2419
1063
723
2135
2498
3910
3502
3478
1051
1131
3159
2330
3057
3387
1241
1750
449
769
2422
415
2169
1229
2916
3739
530
3397
3105
1052
620
954
3462
3271
3030
2221
3383
3068
3482
1364
2399
3070
606
2004
3219
3444
810
1699
1258
2224
1250
354
1166
1394
369
1835
1088
3102
1513
2048
2410
2307
3770
563
3468
3767
873
317
372
2203
535
987
3417
1159
1308
996
366
907
886
249
1804
2916
1739
3632
13
3337
3870
3472
329
3823
1148
2144
691
889
1634
823
2447
350
3765
1745
2757
3669
2464
2703
238
2382
1823
779
636
1137
2289
1779
3533
880
2725
22
94
1850
1380
1281
2507
439
3554
1808
618
2406
499
1810
1706
2697
3581
492
2997
897
705
179
3300
3546
1797
2398
619
2275
755
3216
161
3616
1494
209
1777
487
804
2005
3575
2988
1364
2212
869
3504
554
143
934
1376
3287
2920
1927
1919
1839
3474
817
2034
783
1884
3559
2293
1587
3704
3524
2243
1114
2326
51
2093
2532
1159
675
2234
1387
278
1075
3611
1514
1790
3724
334
3233
739
2720
2987
232
3349
1691
408
3968
716
1031
509
1418
2758
1678
3696
2573
2869
888
3694
350
165
1753
3445
60
3684
1954
3237
3981
3917
924
2467
2550
3154
2994
44
1404
1710
3760
343
1974
709
990
730
2525
3289
3913
3966
3687
573
3376
402
275
2001
2421
753
94
3775
3118
3332
2834
2067
990
1219
1420
1138
2662
2155
883
2466
2817
151
688
3016
355
1128
3369
3856
2242
2334
3993
410
3705
3356
2046
2831
1982
2844
2789
2163
1531
3414
1823
205
2131
464
2918
1779
1872
1054
3950
3337
2719
2016
2026
3398
2425
3750
913
1185
3324
1905
3757
13
2304
193
3894
3639
619
1127
1740
749
2212
1027
1636
339
2428
1211
2529
1338
3945
3644
1825
3976
2164
1574
1282
3662
3005
3159
1414
3748
3453
2743
997
443
2897
3612
2448
312
2508
649
3752
3652
3803
1063
1873
2564
1955
2621
3092
2617
1458
2065
902
3040
2239
20
83
1010
310
1536
3571
3991
1561
3961
2807
1022
275
2543
2030
3801
3629
1666
2908
1845
886
2737
104
2655
419
449
2387
1123
3558
2998
3552
3147
1786
3456
3405
1572
1692
1507
2949
2317
2146
1782
2442
3409
643
952
278
2369
1620
58
213
1583
339
3049
1952
3601
25
1900
3212
524
3786
1627
3559
3682
1979
1916
3584
3884
764
532
2966
749
1901
541
988
1628
1672
1995
3082
2371
1402
1051
3420
1664
2687
3580
3972
3218
2793
708
741
75
871
2172
1850
3329
249
49
3903
1376
2240
1838
2526
2993
3028
3731
2284
3364
821
957
1516
2700
2814
352
2845
3358
3348
2752
408
86
1402
2096
1743
2471
2897
3059
2613
960
1610
3185
408
1941
1689
335
888
3983
3159
1236
2500
1192
1580
523
2109
2537
2229
1810
1616
744
3900
829
2240
2329
1388
185
1908
3899
1830
563
2520
2656
3229
683
1193
2413
3099
2009
677
51
3768
1763
124
2773
38
1426
2659
1066
3467
809
569
3324
3161
1283
1812
2113
2296
3520
1112
2490
585
253
3605
2671
663
537
2738
3505
3866
1228
2034
2770
2441
1327
1401
1326
3190
2186
2071
2092
1605
242
513
1629
2987
540
3603
2643
3769
872
1703
3230
2736
3666
3250
1558
1475
1275
3294
1952
588
930
2615
2732
1993
873
1352
811
1182
415
2814
3044
3178
1677
2524
2075
803
9
2482
873
2842
73
2391
1200
2083
3561
1528
545
2959
645
2116
1933
1705
1358
2663
3959
2542
1148
3206
3255
1082
1037
1340
353
1695
2259
1571
658
3594
481
1710
1406
1435
576
739
3856
3023
185
1689
391
1512
2909
3068
3116
1869
550
1969
3218
896
1327
1205
3093
3008
3721
3441
236
1422
1263
3316
3801
127
1506
1485
582
1437
2802
104
3125
11
1308
3803
28
4000
1627
2122
1398
3467
1274
817
1738
925
3506
2195
420
1659
3469
1445
3032
1372
1225
716
1922
467
2142
2992
1774
961
544
3552
2658
174
1403
587
438
2737
1180
598
1008
963
448
2265
3085
678
1316
3716
3120
891
3732
988
145
626
3046
3668
824
3395
3407
873
2800
3384
369
1686
2153
3795
3021
723
2021
2081
1967
3923
1407
275
3236
2273
1369
557
3954
384
710
1327
1255
3376
723
872
3190
75
1618
44
3726
3810
315
3533
361
1442
1843
1766
2022
925
2951
822
976
1465
3053
452
873
598
76
1829
2548
722
2598
2941
473
2254
3674
1038
48
2070
502
536
120
261
3045
1182
3272
3783
3656
697
2219
427
1172
146
98
3690
1101
3538
2174
1349
2098
1856
2630
2440
3266
2013
1102
1059
348
3618
2815
3051
1054
2070
2153
1620
3614
298
2528
158
1407
462
3912
2087
2229
3434
3978
1667
2653
1119
3601
988
3261
2617
1457
1183
484
3976
2299
847
3186
1254
2110
1982
2340
3113
3775
3168
2672
2292
1686
1898
3283
3252
3634
3700
2143
2144
1277
2487
1872
200
3625
3331
644
2269
491
2273
2724
851
1852
2720
2792
1986
101
1856
3727
1486
433
1319
509
194
2724
278
12
1984
2532
2946
3320
1808
65
1658
3369
2774
199
3213
1610
3958
2263
1742
638
2710
2812
3244
2613
2987
988
1227
3534
1511
1817
1632
3088
3956
3378
3298
850
1875
1857
1737
882
1613
1038
1094
3642
1329
2103
3194
875
743
334
1931
3874
1368
3816
3260
2378
2301
1188
1454
2227
3100
1710
1240
3205
3296
3918
1583
2679
3276
1101
1511
3627
2767
5
80
1484
451
2906
261
2009
248
344
339
2888
3654
2363
1955
1705
2516
3637
502
3487
1441
1775
1961
3106
539
632
491
334
795
2953
570
302
3890
1344
3228
665
232
1231
1085
2915
1361
202
2656
1044
2467
7
708
606
1173
2557
2899
3819
1810
1036
566
1872
270
120
1960
710
1968
1691
1581
1578
3736
19
3506
2354
3436
1017
510
553
3355
663
2849
3770
471
3717
997
3360
1145
3173
2402
52
2791
675
3649
3624
2193
1833
1092
1224
2340
2281
761
664
1464
1319
3677
3727
893
3532
536
3817
812
2812
1689
3109
5
587
572
944
510
2640
2819
1972
1122
3251
3383
1102
1601
2215
2625
3521
3352
1195
735
724
3545
3681
2678
3281
2847
1293
2531
494
1284
2298
280
2279
189
481
112
511
2984
3617
2055
2327
1097
1490
2772
2163
1548
598
2151
3500
1292
1278
3562
2894
810
419
2614
2566
1830
2243
1560
3664
2014
1916
1901
946
951
1422
3744
3016
1720
3306
494
3960
2154
3885
2730
2328
3486
78
1754
2160
209
98
762
3045
3185
2897
2411
2416
2766
3777
955
802
768
1141
3769
1404
993
2976
1266
1449
619
1723
2976
3125
1622
212
1894
2710
1827
1939
1025
1957
470
482
2782
2755
2062
833
3127
1816
1795
1665
4000
805
3230
1086
695
764
3530
2137
180
3307
4
559
1347
3431
376
2704
1273
1475
3236
797
186
647
114
718
2402
3583
3857
1789
695
1741
1282
2631
2112
1241
2597
3029
1363
2534
2950
1099
3215
1795
2021
2472
437
2080
913
744
3254
2132
1459
3633
707
2280
1819
3897
248
229
1474
2071
2478
153
3682
145
195
7
1178
2418
3656
534
3388
1453
2574
3494
3307
2676
743
1869
2174
904
3249
2008
2169
1276
1530
3209
3269
3190
2925
2471
2729
1598
1106
573
999
3098
3478
231
177
3541
3480
2489
1269
2455
678
787
2056
1736
3787
3092
314
1000
2721
1572
1464
637
2851
500
3145
2935
3636
3445
1466
3455
500
3738
58
1117
2284
1841
3932
2879
2789
1596
77
246
1258
928
1936
1127
1998
959
2926
3863
1451
3105
1720
2056
2648
2647
1802
229
2977
2518
2375
562
2773
2517
599
2020
3133
3854
3265
706
3002
1873
3237
2640
3240
2260
416
3717
1143
3463
3865
1696
1783
2545
609
1590
1756
3269
23
517
493
807
90
309
3784
203
1673
1671
2783
2777
1353
960
1172
2412
1041
736
3848
1331
1331
3140
2496
1854
3474
3296
177
999
843
3524
1970
3464
1301
1505
3029
188
943
827
2947
2561
441
3705
3257
2605
814
3345
3550
3471
910
3680
2797
1584
2361
2591
3498
229
2366
2512
510
3413
868
746
2835
468
2795
121
3197
1892
1381
393
3625
3746
3956
3866
3694
1170
209
3712
3484
1458
3041
70
2004
3023
1313
758
3366
2779
1613
532
145
1959
1883
2484
1713
658
2532
1065
2873
2795
3007
1041
630
1172
141
3215
1913
1714
3119
3639
3543
3213
226
1557
3609
2818
88
3481
2880
1055
69
479
1134
1598
460
62
2451
480
761
358
3693
2130
2826
247
3273
42
786
3971
557
3386
2869
91
1449
3697
3819
2982
2768
191
3887
2957
3300
1639
150
1998
3731
1779
427
1929
351
160
2713
75
3244
2470
1622
2596
2727
403
2079
642
1272
3889
1347
647
1367
841
1390
1256
2754
1142
1556
3213
2991
1170
469
3512
2859
2301
1490
1031
291
744
3502
1281
1086
753
1656
1170
2814
2265
848
2082
342
4
576
1716
1052
2570
1180
1226
2259
3612
3669
1059
3051
2211
1877
3936
1228
998
2000
2809
389
3208
1924
3674
2902
3963
2687
244
2444
2509
3899
1008
3462
262
2276
2648
2890
409
2861
995
3205
3905
2663
3077
2331
3945
3767
590
2526
3058
911
2456
234
3190
3534
3746
240
1330
817
847
495
3851
1686
3650
770
1450
2989
1372
3626
776
1381
1970
3259
3246
2315
1394
3744
679
1307
1958
3209
3629
2487
1966
1294
2245
1199
3204
2461
3942
3607
226
2606
3939
2280
3318
157
3763
26
2183
224
716
2310
2047
859
2323
416
3130
1427
2642
1340
1245
45
2147
3609
554
878
2263
372
372
1661
3012
3138
3378
1136
1525
2303
1674
3552
3096
1666
3658
2077
858
1363
2155
3994
1956
3542
2652
1707
3868
790
3178
865
3715
2904
1545
2324
885
3990
57
2455
2512
1348
3261
2594
1109
1417
2308
3913
549
1238
3702
2168
1826
2074
2650
727
3257
2498
1330
1487
2005
274
1775
2167
916
3133
792
2386
1694
3206
2589
1591
3063
1578
3463
977
2774
836
2820
1401
400
3767
1701
263
1291
21
490
219
135
3403
669
179
2727
1691
3889
2357
3831
2098
33
430
2899
2264
898
2183
1934
3554
2232
2048
3393
1339
3853
3254
1470
1019
2688
2465
1561
269
865
3581
631
1098
1604
3976
932
878
6
3678
1062
230
9
3640
386
2378
682
3332
2831
760
1139
3478
3185
437
2347
3658
3673
3178
1129
836
3272
2991
172
178
1320
575
70
2790
3856
2769
1551
655
1114
3272
1443
2026
1213
1734
923
3899
2287
2207
3793
949
3732
1474
1662
326
2354
1951
904
3101
3266
3741
2650
615
3112
1062
120
1244
13
27
1087
190
3326
2381
2540
3494
723
384
1149
759
648
2611
3698
2524
584
949
239
1325
2806
3087
978
2936
990
3294
442
382
2726
1569
530
3726
2908
3873
1987
2706
420
3286
2509
3505
2335
2305
2345
2829
3615
2957
146
3901
1546
3808
2047
2619
1599
1264
1795
918
3891
374
2349
1166
2310
3074
951
1934
3508
3917
2087
3794
1634
2899
2785
2045
2408
280
1237
1932
1512
1283
3411
1919
2137
1325
2129
1351
3174
2909
2699
268
3305
286
205
273
2627
1352
2620
171
2100
1980
3382
3729
3084
3674
2147
2059
53
3361
3210
2968
3361
2154
3660
3636
1773
2563
3758
1633
421
2002
148
1515
2328
2044
1202
1561
2091
1967
3033
2361
2916
228
2772
665
821