35682
21591
95865
41557
16195
70773
68987
74846
97348
15521
16595
66523
28660
56220
5063
41730
73
37442
11289
23837
17168
32180
85183
98384
57952
33127
35881
28992
37561
90178
65404
11205
41454
13213
32994
71985
65241
84820
81831
24042
33732
16346
1402
43670
79675
19719
58245
48313
46465
6071
43200
69542
20324
31511
55135
96300
40241
3785
102
40562
46944
64905
19321
481
16843
83114
73770
85343
91142
86396
55039
28
77895
89383
15524
22018
97351
15455
76727
75308
36891
58936
90916
97692
82937
51696
73112
58969
93249
92819
36383
84397
96970
56191
29001
96477
67410
67553
27164
83820
81751
10560
30111
94577
60110
1744
17734
94511
92448
37663
74838
28165
47554
42506
8567
62
172
78932
14002
14907
49592
78580
24248
50799
92161
69958
23758
74801
58875
4749
32616
35131
21523
91621
9449
35299
60595
60756
53373
44352
3377
47793
75186
47185
24671
25793
49398
64078
61240
52807
12291
67690
56512
90133
32604
32519
85663
722
37806
89075
95770
61344
55121
83256
52943
51164
43826
28770
73197
17412
12007
59901
73372
51959
95917
11953
95276
42882
1402
46818
56858
42726
85354
92072
31692
97466
3859
50720
41413
34481
86646
45452
48639
46992
92990
35572
928
32434
58642
72391
60954
79443
22182
16596
33482
69514
54738
61672
75584
69759
98609
38923
32835
78372
45955
23694
16388
6731
77694
87493
4217
59929
75613
8341
84788
21065
13046
59107
97054
23277
12573
98973
88742
70781
71152
45202
97033
95652
7543
11750
66303
46311
5804
45674
28439
17141
64726
66132
30933
62180
16020
1854
17065
79217
73024
8272
65970
72830
55102
6195
93794
53873
35717
1093
74645
29729
10310
19592
70453
11830
87854
37991
50159
68052
57162
39445
5947
76132
91876
19468
81500
71619
80562
76622
75486
59959
42894
85146
45165
11242
25098
44690
658
17543
18966
19250
84932
43484
48803
27106
94221
11162
75928
93314
34288
34384
27491
7387
60859
67761
63101
27511
79692
91731
94968
20354
68988
1621
8812
74473
84136
80947
22328
87458
33684
50990
1407
60328
33606
24549
79035
58929
44152
84839
38896
17674
59707
88439
84054
39894
46375
83195
73577
56380
64250
13146
13903
85850
50026
91938
35013
62080
88332
91947
3701
8755
64019
20334
62635
67224
95800
85330
54160
8776
8134
22703
52086
74651
18659
36814
47680
698
85611
19547
41673
35681
47318
28847
12649
55156
2547
13585
10653
48467
66945
90074
24980
27214
5323
60927
7896
58806
16675
54527
85249
87917
62634
62167
22009
72777
80986
50346
69904
50351
58232
20640
51045
63041
98774
23393
462
40647
42344
84100
82188
9888
77915
2382
2036
53392
79119
11570
396
47882
52844
96082
29075
77746
50822
38623
60795
52538
33244
6960
64244
14490
80410
56834
41765
23034
86022
61383
64525
32218
57935
75
45875
10762
50403
4885
78794
66440
28886
98553
16143
66911
33042
21396
31520
96310
67471
24612
18220
19719
6946
98321
40349
76245
69480
62771
15795
47865
76149
71649
85426
28648
59763
76688
60816
1664
42833
83319
80237
94796
82111
83667
83910
1722
75541
27564
80375
88898
56371
89073
80477
18364
42804
8755
32313
43082
52263
65158
57305
73560
61402
37459
67294
42743
65349
46549
23162
70586
16840
76072
24414
38918
99898
44178
46394
8248
10608
1648
73601
37485
11673
50887
90297
43098
96124
70308
93608
41421
86869
39654
1140
26281
3764
29946
94384
65531
64650
4846
38366
30581
94234
86744
40115
55994
76690
32278
13413
82429
55405
31775
41792
90661
46801
38861
69992
17080
62737
26377
24114
20237
54164
48167
31718
28518
10237
50713
31888
38347
70685
69900
86738
90790
50162
24330
28675
24653
40748
43380
50860
14105
50537
6910
26800
54699
37288
1263
96176
87572
18318
1701
82223
18256
59858
50521
14291
41548
33843
61365
8177
58409
60830
97428
67564
59037
62234
37397
1921
12494
35922
43398
22359
63470
742
74462
23320
19641
66130
58681
63349
85629
85024
26285
24643
49051
9330
37913
7632
69895
79622
92950
83090
80230
49496
39812
25359
30048
91394
5025
52535
27270
57855
20227
59572
66008
14141
23125
27089
2789
71775
38770
38584
62767
76208
86820
29703
58603
27471
56090
91264
60574
14413
23162
1759
32506
31581
15217
56339
58560
44698
7493
46474
84802
9318
41446
55742
87911
35550
52610
24619
69205
48812
35810
64409
53070
72329
32388
64292
66322
86493
54064
73959
83736
18720
3778
82227
6781
71504
23181
10232
45264
52754
41372
40417
93889
74338
1767
56592
76181
81570
64541
78599
37547
57206
32179
97207
82715
18748
99913
82248
30571
84503
2829
71743
43388
18149
67906
31316
79208
30246
23326
49690
39922
34502
40339
35781
99781
49540
45454
88597
76991
73733
85943
72144
50107
59809
81223
57321
25216
96021
69015
31478
14617
42049
18937
19982
91867
65320
6032
76213
53158
76677
68957
93521
84324
44151
25976
81611
97575
46780
75334
67927
42052
23931
92415
85437
2814
54086
58344
92451
55873
56368
37780
33587
39365
92184
95705
55660
48313
82821
56400
93818
68135
7177
62061
75429
91426
40452
7461
23701
3840
45112
8826
31607
78060
84003
771
21345
44561
9779
86240
22178
49519
34723
2014
31292
33857
29880
29568
978
19630
11125
41020
75967
83965
29148
37194
57716
21479
33456
74258
53435
3418
21419
58503
3863
13990
11981
99268
41493
66544
41101
79101
34185
74947
1264
27913
25326
52137
20539
97278
60404
20804
77916
12467
42049
42644
51339
99407
86477
48339
14944
98107
6725
3848
49673
66127
60682
4602
63306
85530
82767
85565
78388
29023
4436
21677
60591
52585
24429
71832
91837
2129
12776
59629
66268
3368
71873
12802
81339
13253
72984
23701
66692
31148
32908
34448
55245
75197
49990
81115
7041
14229
55349
58807
68648
23109
64217
73067
56219
46872
17397
44424
80928
95836
95259
16731
71938
67890
94328
48359
71639
95112
74473
86318
94677
33498
90266
757
13839
42038
7086
50134
84679
4590
37513
2297
73269
7582
60334
57072
14664
27522
57777
31940
41906
30881
50879
18957
36326
63550
30780
72331
15745
20235
19675
36936
13098
19617
11990
2861
43255
37622
90583
97310
91301
20148
90413
33755
97445
81902
61000
48373
52040
89997
53265
88502
4082
79744
48796
81505
24124
58591
67369
9177
44215
5574
14777
71084
78308
48570
33787
54950
3660
36951
5498
36405
80973
75392
75617
85349
98075
52922
26847
85482
73145
38694
4974
63005
4764
90055
12462
55343
27372
36038
22896
14870
69251
80525
64065
86389
68413
74727
86190
26555
88101
9407
91658
6997
55938
79275
94771
80593
78851
24087
43741
78741
64228
2665
50508
97106
13809
11041
30528
73685
37688
11579
74998
59142
54012
36894
68243
22933
39527
19888
31683
87860
76485
8486
97183
47844
26796
73561
10353
6154
94838
44849
32392
57483
98172
46722
82950
28506
29965
41179
64620
59068
45905
83324
60415
98329
53537
5935
84127
18969
18949
63464
10303
26395
33295
84653
94847
3253
83154
79559
3987
33011
79180
34539
76286
70668
57583
61912
57849
71985
69397
78262
22292
96586
43679
80411
83891
1197
6668
79764
47036
84745
26176
73880
15810
4391
28094
31948
68695
78116
37115
41776
63045
46038
16286
6143
1534
31853
40408
12315
12572
71809
21472
27052
20648
28337
18390
73928
37460
48104
93562
58970
54531
52571
16326
34434
17916
10027
41212
72218
64715
70479
2241
79269
2836
68444
87397
59496
11219
9037
26265
59391
91183
25850
60690
87017
81151
18808
98264
84091
27993
61492
82881
97716
41684
81612
92258
46739
24898
1447
52024
91075
94986
16620
53290
291
389
46146
79852
37299
44042
86296
74695
10625
93963
80234
83096
62844
28576
74857
76664
94880
8621
77578
54851
22960
85098
3085
90388
11983
97389
51890
52594
29622
17419
28411
12062
62751
26038
20923
69565
32139
96015
12238
39022
2596
57246
29283
49034
59124
8131
71432
97679
20945
84301
59487
18278
4922
90824
71247
53538
76647
49910
94804
77677
41980
7282
26818
11972
80619
72731
91528
62761
39650
98874
92236
4504
13771
62345
29516
80037
4623
82195
9815
95846
62100
88037
90385
7409
79914
30339
34863
91989
28093
2291
39139
99236
18610
8109
57719
15921
2404
58754
92419
74420
15321
66830
86365
15423
96978
90387
95034
39213
38352
17608
53233
88069
31380
58727
5274
52289
64307
48662
49357
77160
85487
28846
86064
78141
51560
61072
3459
40636
63922
30355
55966
38486
71285
87784
95565
57794
98997
15838
81902
30644
25065
9010
44250
97296
42798
81505
76257
54559
58716
18415
55173
89295
74530
90694
65716
83834
84497
22096
74677
5651
46494
40214
53813
11094
46402
83386
47368
2474
12174
10967
83069
2269
40739
55259
38015
71107
55749
41278
12933
93709
10316
95357
10438
6093
61260
15270
91930
57654
99991
88986
91331
21084
40999
54033
43415
79748
98081
54125
54779
31359
63999
72098
10011
64741
83702
84862
72618
79371
85709
65355
44827
39261
47954
73724
52818
73194
12813
15406
90729
55604
13895
89135
34665
83150
11697
2831
10107
46245
12445
67881
26702
98739
69359
77251
67955
91436
8320
53898
4484
81139
6644
59623
52303
38944
14937
49962
46526
52569
90814
36918
71318
74379
42021
22600
60456
6521
41769
53953
2580
94240
86033
76656
74043
83208
93178
79536
8974
90063
2060
62502
60584
33808
86579
56199
37779
40716
17549
28463
32476
96856
85468
5130
93619
30194
50423
34118
64501
66753
77799
69524
14950
77380
35675
34838
54420
38357
21373
29754
23298
37829
24633
92383
84653
81353
13823
28565
87617
36566
12971
40868
64670
78638
41931
57579
73575
21756
37679
15676
54905
27381
22697
58134
2188
71996
11582
71254
2573
55457
56151
71660
80547
80467
25275
40515
18082
61681
54724
34289
31564
61026
44635
40948
9524
26084
72754
2213
22741
58791
42490
86086
4083
48608
16424
31073
1086
78149
52140
19618
81733
67055
78691
65831
63045
43311
23596
64981
64006
33032
75274
98525
30181
79242
80183
83190
8754
97255
92975
68615
12923
24424
88056
17696
83440
59763
16517
19199
89852
29389
96582
14127
68397
50557
54947
54187
54151
7705
25868
62641
88624
64050
52350
64899
58093
89046
11581
76253
89181
82006
19680
27724
40026
9044
14775
12750
67385
6478
66371
30633
85675
1504
78629
49891
6285
14646
10728
80548
40313
64254
70423
28539
50780
12949
53183
74058
4153
36831
91442
82392
77611
90415
37182
84123
30067
23738
10647
4695
55149
3049
77195
16592
63520
46684
3191
41815
30405
3576
15965
25822
67581
149
38386
69704
32010
95293
91707
57562
42055
46202
27838
85578
94408
65066
33860
62471
55731
9694
89584
63333
92843
11824
62100
89229
29871
32689
50940
86460
8587
46389
60354
16688
11942
72923
12749
27773
90538
94955
35998
6992
70317
91834
84082
13361
88341
40954
88583
70666
60790
22705
79632
85969
27655
75473
25945
49216
67800
29948
69849
84721
71161
53436
41349
94432
40503
86065
77425
91174
44523
4102
6114
78681
93674
58894
29470
60464
7366
61665
27140
26590
72923
72897
86475
26513
15751
91243
91565
24009
77842
76203
66265
33630
90893
73161
39801
8754
99694
64871
29408
34643
9369
42054
40510
44120
45363
14542
79852
93902
30919
67193
19084
67321
62858
16876
69477
36729
32967
43213
46929
96852
93198
88897
75132
94323
19782
23586
98479
17793
20416
41927
25852
10408
45255
77014
67334
19359
7352
14305
86785
89059
52006
33749
76040
27138
26310
91834
4256
33198
23784
13861
60772
67672
98763
24160
69640
36679
98628
77268
36270
36969
69891
88571
80853
83657
30687
99282
90079
75250
5088
84012
17071
26543
52514
74184
8447
72955
92608
38904
71864
40427
87456
97278
22376
35261
70566
83244
77008
40751
13024
47560
39346
70639
59137
97122
28306
35393
9139
81131
71134
20151
36561
76962
31748
26935
80167
96818
12907
57863
45801
83400
90124
22443
86963
93900
45542
69812
95997
60125
32803
73199
44777
28403
80528
20751
6521
24754
19062
20509
17368
14735
15755
23310
15088
35168
4107
75250
88746
19258
70091
59724
8348
29270
73089
96966
80074
73457
7059
18132
38113
16558
90169
67527
20594
26419
96357
52524
64356
29905
51316
15692
24519
76940
69211
81051
2109
99075
65383
61884
74634
5016
75898
10849
94286
98837
89296
34922
12378
85995
26633
81312
93578
26576
13134
70648
54625
73610
38302
85692
32741
36071
82763
23740
29342
23000
90168
80407
77977
58554
6838
86906
55554
66766
95969
22861
59376
78156
22852
63807
97941
86779
66268
23448
40456
59432
27863
83128
49400
46677
24131
79802
55206
14131
82236
4082
11484
91749
43344
9253
69058
86001
98819
27972
93813
48844
94566
42578
39306
44607
43484
87551
77290
74904
27583
96390
61164
31479
26718
5287
78172
93876
9692
22481
90200
85276
88102
57470
3615
77227
15506
27424
24254
49455
42547
37718
78302
62880
65972
90521
80796
93945
19359
95632
70633
70783
84679
41204
76261
60293
90015
25066
87882
37049
22163
42377
73374
31794
74336
5845
85336
12178
37121
60772
43720
67098
47444
82909
71942
61506
10578
91351
64468
91887
5936
96038
24345
90626
8069
84700
65594
40136
77972
18843
24308
71741
25365
63853
36941
24085
59801
89702
24163
93691
32081
53337
21180
80964
25691
7054
54686
34884
7181
22075
20749
25000
61183
80120
75596
45841
12139
40565
72670
47267
91931
94983
14200
9756
55365
35757
40495
99484
57726
25341
66135
84869
5696
8237
37643
23325
58440
82481
89799
3260
8633
21367
70279
9500
35576
66339
30264
22460
87209
16386
95150
64300
29577
78668
12942
76521
26657
5688
10807
67614
28127
57603
27572
92754
41323
29537
5016
10227
56110
29010
29254
52334
13921
94682
18683
92979
57728
95920
82066
34620
80571
78496
37689
36838
73638
42518
58707
69603
75177
62287
3933
6127
80653
34257
38023
16156
92933
55500
38570
66485
41414
67592
9836
47790
72642
35932
13542
80377
99724
34396
16989
50897
25732
30192
18804
86443
82299
33320
25582
58327
73994
73302
23668
39579
68344
8602
86808
3708
61298
44998
37729
63939
99327
7395
49687
15963
51709
59940
90765
6305
38879
56859
94378
94309
74925
17852
80538
17609
33825
61367
62087
85542
48373
29472
69446
94462
71445
21170
25674
31586
59609
98473
28200
81673
30386
35592
18518
42505
38009
52705
59315
80681
50797
65767
32815
38136
78482
22141
47166
22006
10670
75297
31835
28410
36792
59745
51950
1045
32724
59868
19211
7608
78569
40608
91802
65972
11074
41125
93471
50901
79529
70935
98990
3717
84136
50994
85899
36565
48874
70554
97115
80527
70017
92525
90642
78354
77901
14163
54715
51685
60619
36628
29635
80910
57287
90983
71365
72387
56146
39456
39401
33372
71060
8250
35873
10499
64696
5446
1722
17569
24761
78890
65691
40604
39135
39089
42772
83925
85704
4724
44180
57297
49564
9105
73156
38856
67775
70147
32140
87243
94596
87850
53099
55510
90841
22655
28855
55399
3114
76557
87159
1111
64406
18192
80891
4299
63193
37975
17290
78441
19281
57041
6502
18993
57824
96086
66456
10896
22537
34818
27929
50962
22979
63837
14516
36173
99528
75955
68610
28914
13483
505
4073
22112
57071
52028
52667
49570
29673
19335
95672
69214
95963
39310
67605
71723
34527
9999
20639
89330
22755
81896
59508
96074
89956
90340
95016
82764
72103
88623
84311
18375
25770
4508
97877
15024
62180
73451
96089
51118
70
25815
25191
67502
32329
53975
31320
33793
62697
65201
8978
61905
96751
46284
78117
82543
65705
36432
5921
66128
44423
77499
41688
23469
70130
46779
44651
25164
40738
23251
28041
43645
24693
50366
72061
39352
71954
28647
58521
72651
36468
10687
40956
5927
23760
45238
49922
30144
76076
43968
7849
47694
13741
57703
44550
87438
81166
67039
26639
28464
52972
93520
87993
46604
58165
6877
8345
5144
31186
3118
79551
50349
28691
68155
68361
27494
35621
12005
82133
48251
95789
88974
81498
54752
18023
64840
27354
63200
30595
70735
79594
4696
11231
13974
24225
13268
54637
39999
10706
26913
57216
92767
39488
67562
77776
67715
10285
67906
32433
72006
89976
34984
89983
85139
48466
93401
394
74281
92167
57956
84649
85469
12352
334
60983
35462
26040
16659
54512
2028
90884
10255
77829
46779
76887
15211
38434
85568
18537
64672
51674
40337
13510
84342
56209
21256
61802
48155
95984
41831
55488
77642
4506
38163
87947
24622
36539
42817
33625
559
31845
17697
54410
52275
73619
89571
68439
99097
98188
88719
79657
19723
23488
52574
29598
75840
88078
9436
97736
40
2229
49408
66080
63815
43438
59990
62827
72970
6700
1843
43845
26148
60074
25547
68985
84311
3014
53623
16055
3422
34225
14936
89590
13543
63313
63592
34404
41371
44090
75958
83227
24434
90689
65228
23481
8624
8213
901
89512
63959
87529
3115
865
43544
1015
63121
74263
87506
10450
81378
16448
12359
31036
16953
94120
46933
24113
22328
19959
46893
13723
96866
90998
70402
30111
43625
99893
51155
50287
52267
1301
5933
72632
40311
25621
45356
39483
79664
71139
37005
58233
54922
79073
66916
47080
53887
56695
6896
78904
7281
24142
98031
27729
79182
22809
34783
12266
62208
11235
86210
74822
6215
37920
1651
61193
9198
75825
94870
73944
16332
28091
26281
64495
57675
36351
58228
8974
72635
54179
64718
37183
49100
36669
56621
3779
64148
86389
43110
9518
97736
62096
29489
79282
65696
30185
4478
87102
26807
61675
54600
62166
95096
72189
69531
42805
61168
19797
7884
81446
90331
53454
14583
93826
95929
46538
99271
79492
48576
83206
13402
84842
61252
85499
43845
79701
22730
2288
78072
17355
80594
65120
60777
41305
963
68975
90887
18624
9117
54943
26443
30926
83534
55297
35433
86350
39391
97119
58522
46893
28879
9178
70348
5248
9423
44650
41224
77794
32950
42121
54122
54660
95046
31649
99607
23766
90049
19247
55822
38560
52703
81194
9201
23789
60362
30274
27939
28636
17606
42841
57638
62671
1114
35900
84608
19873
6735
67949
3529
10487
4286
49872
8685
34256
69672
41512
35529
86334
33436
73130
33538
97726
5907
9865
78873
80129
11683
15348
41854
65275
52039
58489
4365
42049
60396
18423
88985
34249
75703
37538
48913
42078
88574
7118
15503
26699
88060
60882
33369
46247
93349
59846
48607
77692
94647
32262
73158
4115
85821
51609
963
58875
13693
436
24286
29850
91553
7333
11329
98008
77972
99911
23292
1208
48851
62477
71756
51906
88546
73767
41966
87241
81239
61427
6976
72902
81832
57904
97772
54097
53709
70388
18915
4029
39199
74734
67351
16133
86035
98616
98097
46216
50109
44303
24698
28594
71584
41673
69217
22215
5147
47375
18313
61095
23290
31327
7558
3108
21001
47913
60139
81916
423
50829
68037
29985
19547
34436
4531
46071
16180
80343
48341
10132
38799
81668
60225
73918
71785
38625
78172
10431
97876
32834
57160
34605
26704
49843
91301
34922
82785
24685
88838
51457
68125
88363
23209
44701
1667
87326
14151
43785
55763
72349
75031
54995
69563
72570
83531
80711
38315
89009
56293
76
44691
46695
49431
40780
18804
979
28045
82740
93542
25597
77038
33278
24651
85236
7278
73925
38642
21940
21604
4614
48819
30829
13414
74574
53799
56404
33793
95466
43761
57660
33847
36665
54464
83746
85663
41158
68073
86525
93014
72685
69468
96747
76652
6830
47051
99466
33279
89672
38880
13469
55966
87819
30089
33467
41911
87399
29004
30966
24371
90587
36437
11691
23854
19431
50050
60248
26916
92888
1577
56909
73456
44972
17362
49541
49359
77067
1820
79105
69225
30375
74763
61047
52490
9396
54825
61351
83211
73654
56690
5332
96694
45023
5423
33176
46039
71254
8987
34017
96296
6714
65138
97947
68477
19252
87175
45480
30548
15765
31638
31456
89767
89499
5777
52713
9037
47137
2339
448
26526
8876
31917
17805
52178
80962
48266
16203
54359
16793
6961
15157
89630
17146
90258
3132
96791
4094
76822
40525
24263
12729
36157
22314
59227
90729
72014
61578
98504
27874
96773
69874
64801
86066
25031
73238
33648
63931
2850
31719
55662
18765
52640
66220
71596
43950
75809
12536
85240
6975
14489
87306
46466
81522
12777
63404
67145
10440
44363
95871
23201
30382
49975
86450
26693
78320
60679
21557
20575
3320
17399
49959
80903
12963
63800
84461
47832
1192
62899
55501
61526
28716
22663
61313
58747
93089
36332
60199
2752
53032
71024
96364
43184
86063
99943
65917
93603
48570
99774
40444
68470
9044
37593
70646
29779
36076
79431
13452
68356
1214
10827
91616
71877
89788
36159
79960
99790
37600
76014
84858
53321
75365
92865
69333
7133
56692
96800
60553
99674
53430
81623
27799
140
37887
72719
46497
23399
89136
8413
41657
94180
1211
52285
81628
16620
82330
29930
93381
91700
52648
88949
87557
93460
72281
5454
56382
11651
48065
8305
66344
83109
37224
61312
2707
36969
99353
30381
3085
1064
24016
84408
91123
93386
97091
70969
96598
27096
75071
33474
65009
45939
13997
89283
8634
84586
23074
58347
24084
42763
98678
82643
24918
26859
6974
35756
5201
32293
95709
58749
25322
35290
69833
39048
5293
24158
20898
41538
43814
73563
27560
80956
33032
76250
17869
57539
60839
58782
95702
58160
3867
49980
35951
14390
40155
67431
50604
94135
73527
43130
80661
51903
65441
63975
51663
4797
75623
68778
33749
51525
2428
45172
28320
54638
14174
60391
86188
24523
5243
8889
22951
46802
41151
4433
23576
71222
89738
12460
17296
17276
43946
4280
13997
35851
52115
95316
97336
83787
54471
69767
79548
93926
39500
99912
12839
5519
69150
28484
18546
71722
87646
71370
25573
98338
87639
89218
50674
96121
83554
22531
16514
56669
80352
44273
90379
46302
73199
9119
70559
26246
42184
67747
51131
58808
7680
27026
59359
18990
58790
32173
82134
57328
56226
24714
92645
15553
10263
82670
80644
59209
84909
64792
56662
24090
82980
62574
34297
3776
91345
46517
47734
89468
17904
15569
62204
51083
61364
64602
42961
27511
75271
84586
23585
61206
37866
55028
27983
34162
46011
61722
58527
91344
61150
33911
59788
4077
73207
3985
13329
55240
22406
56922
37073
31435
17154
1250
56661
42331
46725
15814
54144
69976
59651
86185
62799
78899
16272
32410
73008
41021
7497
51605
49690
77199
94733
50160
85814
61457
27160
14000
37983
30029
77591
80970
50795
39382
64391
63842
40098
49542
82465
61936
39700
42427
38799
63316
80091
14860
33341
6781
72036
4966
51226
88821
93220
49303
91841
78747
3053
4196
5468
55475
29427
87279
36573
22699
46039
47014
28091
90719
63125
46309
28854
37820
81272
72589
8145
75100
89861
17349
84316
83211
72507
97586
81513
32056
88604
52571
89733
49179
1450
13685
39806
1665
32038
9953
83305
14222
32847
57594
2960
49314
7806
37960
85631
5177
16349
76846
68013
31761
52471
52458
35343
2886
87994
80889
65210
94856
50312
78407
26708
75593
44506
46779
70063
82483
85303
78636
49811
19549
46044
91690
66439
6373
73906
35494
20485
83198
81428
67523
72490
31388
75836
80743
91519
73428
98207
6193
5254
25864
23582
6600
53929
90826
13691
47446
69143
61979
47865
65503
78047
40603
57233
41051
7428
38582
7814
12405
72392
91094
39948
86360
53092
59427
49533
26286
91755
60269
58670
31065
22326
81293
15558
43733
68129
36369
24816
48507
39113
57337
387
74556
11333
66966
72629
51236
39167
77188
86169
81192
14093
14071
91137
31082
9811
62981
79909
83690
4371
75187
44685
2215
16073
16328
19118
19060
82901
46046
682
17804
81118
27868
80976
40880
5598
17326
2276
65519
36546
76604
45407
67432
56381
48544
98466
32020
25377
32833
3718
85380
71354
81488
45679
94295
47710
43684
66878
15110
79296
97942
62737
67103
21856
69652
47661
26245
88562
50389
74388
69758
44603
85911
5425
14254
1748
5154
14045
46876
51734
29397
70011
87665
15474
35821
52226
72469
21531
42741
62299
51306
68264
61660
48098
55226
86363
87815
31827
91874
82454
2503
96147
38484
4926
46042
20056
20982
3514
81175
22036
27893
81375
84947
81298
61249
35984
25691
10981
19427
39096
16241
97593
84745
84770
3996
68435
84673
59881
71407
85343
98097
61801
13808
75453
50786
28323
42879
17109
88254
42435
11182
97178
57438
1511
339
38467
92812
36093
7892
6668
48661
36622
7737
66688
77655
82697
56763
8558
44961
38172
78063
35156
86030
18264
20464
84583
3492
8763
79129
95963
52046
61942
13423
8587
32653
66552
5303
85127
7011
16024
52678
22038
59039
48980
93114
85383
79761
16635
8745
46270
58793
5534
17851
28352
67622
39911
23403
55222
64664
23767
59784
87108
70691
72869
35765
71177
8191
75358
40169
79035
68792
75193
70461
40819
2296
47791
44091
28407
15679
95509
16467
50262
46432
54110
41537
27859
19951
21551
93813
64641
66767
56424
40411
60184
19847
33019
68595
11882
28384
82062
27857
73616
68576
55349
19746
77695
27602
7664
82389
11961
78606
44022
8281
21742
78878
67689
93740
33561
51484
13220
24204
92482
91294
30937
86848
27252
62073
31332
41724
52171
54274
23174
27055
13394
83078
13427
22342
63289
70393
16750
99003
10763
7896
8928
91235
203
23616
54179
63487
97240
14503
9301
85023
16800
9476
53181
32837
523
33261
34665
67629
93567
421
59295
71304
97811
26928
85645
96523
1645
93279
26713
34347
57302
59114
73961
26690
34154
98368
98666
93480
72800
45727
53861
23313
15108
85751
19480
38453
3926
47503
65561
5396
95149
55959
58412
38234
25007
17368
39713
7219
24081
97670
35977
20095
47920
23546
6815
12828
33045
22185
24310
48952
50018
60293
22993
58552
69923
69726
67704
2346
10382
96429
58134
7939
82668
12930
20679
4089
84282
32027
8958
53299
7378
19726
6451
10298
21102
29951
11398
81335
42676
60359
35861
77572
56421
62392
37163
57051
68494
21001
53112
848
27362
52124
60942
85245
71846
28900
23539
33901
58409
73144
87733
20788
38744
62243
2332
50074
43831
67974
90714
79438
63809
98860
20084
86907
46046
62290
57072
63928
23731
73207
76914
64341
21268
6567
99548
11008
46139
45520
40381
35817
9169
49764
73365
48963
76662
31046
21222
17792
74589
59391
55678
85884
84965
49969
3768
43854
79702
37968
95691
5818
29000
68457
79869
34064
33635
81160
47951
46346
4171
43829
46859
70824
10353
84935
63440
20846
73842
1267
58725
3958
34951
44235
850
72326
46665
45953
90983
92293
92656
50449
43896
31981
48509
65354
93322
56679
93228
42750
59312
2871
55634
86364
7231
79706
15910
10926
80842
77308
56961
11135
91594
66164
65419
51696
86573
63409
91860
60446
94507
65967
5870
63348
93980
29215
45053
42019
29441
32670
42602
84744
5403
31774
76797
89437
39719
66141
47652
37144
28743
16162
43030
88414
43709
61453
95563
56073
12120
76794
16127
35298
21332
23487
68322
30273
40719
27950
38376
34522
85373
71435
96614
66715
21357
6125
85124
41963
73446
77441
37134
18217
45814
6423
13841
34549
41194
88062
98198
60662
24600
25856
74878
26812
43868
68093
97344
71481
40963
39407
52539
66039
2191
84417
74867
25988
75057
33763
52098
38751
27715
39150
25654
66658
17250
591
47592
53637
5992
80250
23230
21646
89458
89266
50171
34602
14773
39966
43588
14016
78576
30270
60368
3416
9644
80448
54078
93185
61745
2828
52675
59554
87046
95257
25042
21376
69122
21600
46372
62426
3895
27811
37706
91172
80595
44535
57904
36076
21690
90621
81885
35628
177
13254
17473
22302
14679
39055
10413
61113
75816
63944
28610
4751
8774
64075
89971
49648
64935
83710
81434
82168
74572
86881
94206
78581
78768
49530
6018
39027
36923
50725
58044
85059
38047
720
16493
4148
57613
3856
68821
26817
73748
98530
96751
76064
39031
79362
39988
21235
10299
35520
62308
16265
30343
27001
71344
90568
72897
93159
14876
5755
22686
8707
94153
56866
12975
1191
75471
3437
77590
44606
2607
4323
53169
36203
43337
16215
77563
80255
6804
45329
58373
96065
27154
98547
28051
75829
35781
80235
93381
7222
34627
34916
72566
63703
25836
74608
33544
25635
53817
47148
43721
78229
5363
68118
81228
34488
77099
56896
90583
11862
78579
52287
34149
63108
30026
12364
44805
45508
11672
94260
29583
8391
88616
26566
45214
24046
98926
76510
64217
28208
98026
86931
70501
40618
39009
97061
34134
52418
34002
78848
62800
11342
72742
11447
89793
41451
6981
81553
48686
41371
3910
621
31309
63831
60200
4348
48519
75348
33821
78867
98358
88916
77981
3820
94360
21806
79927
59145
58966
73876
23939
39913
52173
74408
23738
77083
33507
74707
23866
32387
64245
49157
41644
8956
12446
33896
76434
76255
16267
85379
9111
94599
70752
72136
50078
93230
62604
94197
90042
52860
31829
28333
68234
96214
70070
91846
79082
14542
21943
64150
98165
45824
23816
63025
80224
98152
86755
39340
33341
46983
88824
87413
38417
97306
55174
74223
20303
51565
74503
68637
86099
276
83121
75097
30801
10034
34760
30807
67645
16882
26915
38342
92078
59971
28746
33455
84731
44665
62812
72869
48917
91734
92434
33335
70011
74345
2601
49070
837
25728
34969
74710
4698
66135
65225
14890
72268
14201
49544
53901
93551
82805
22958
4444
75605
72841
97653
42788
72386
53851
89965
75577
50021
2228
22850
64190
19423
50873
9272
48094
60687
14696
16366
90951
36344
15642
86395
94037
30153
63987
74632
14975
20615
78123
99028
28682
34149
76714
62035
32575
53529
96079
74990
6068
51289
89821
64691
48311
39925
86264
98363
96487
47146
24007
88529
41507
63788
90707
32968
5071
73771
5550
27961
76017
12386
3213
3092
86333
42567
3829
4364
99792
82511
92964
56952
24207
34427
64930
38833
70951
34171
42087
86936
36378
25540
35651
60815
51047
8008
90751
7035
67868
34598
65644
34239
93466
71640
97578
22857
81925
73092
82965
6908
27888
69062
89226
28382
34182
64031
52126
88317
92261
91330
64729
30851
32833
57851
43359
2918
59002
52913
49598
3654
93552
41377
86678
23689
77680
56829
24128
33754
55674
1382
17337
84469
21683
1613
46508
23871
65563
35498
99373
89304
38360
14868
68681
89473
15510
76836
24490
97470
91976
26724
95948
7591
73806
86708
85564
84886
50477
65367
83030
63349
27143
44702
20696
24329
12215
80607
87946
56543
23210
35663
70059
48912
72341
77076
80896
48043
52160
42787
96721
56825
69139
58978
11992
5124
33245
75193
54067
64355
39409
92610
97970
49656
76350
35632
84356
9500
73528
9883
40197
36997
74387
4490
88314
48549
66800
67089
93234
42338
5853
98958
92207
2620
36546
39992
57374
34250
69914
51792
88110
96504
49642
99286
13225
15537
79513
4573
90834
81266
53088
47186
56185
89511
35222
4311
35138
20449
67079
15157
52873
78065
83380
59762
98122
68064
85837
71220
94726
44018
677
47421
51310
90638
95025
13409
93234
33183
13976
91053
43509
63367
11849
91759
80101
61153
27729
3266
652
69992
89659
19806
4938
92016
93982
42249
88024
6892
44293
66448
74088
64414
21431
54561
42539
84104
88765
43530
95974
86675
11656
70513
37198
18464
7097
43847
11433
56809
56789
44765
96781
37338
25653
51065
51974
23125
64126
73376
51422
76539
69891
32220
10687
1980
12240
53316
41376
8137
33133
60518
11858
15972
34257
16600
93083
54795
5708
16325
67431
41705
31713
31683
94996
82982
25320
98842
31
96447
12143
59829
93858
27113
97749
8086
97888
92675
86016
49161
10843
24147
60729
75498
46417
37290
39698
57967
69763
30997
1115
64203
87519
34556
43092
47198
36400
34491
13137
16253
22835
57349
55827
75333
70266
51418
24104
56241
7690
3440
29482
73846
35553
73007
30038
21075
29021
60639
17012
96182
41879
89877
83619
77500
58941
93923
55262
53968
75447
33937
17929
80181
87922
9640
82836
74311
87560
27812
28563
82912
18659
17251
1075
50286
44681
82916
99808
6518
11984
33829
68064
68591
6773
69218
2985
52922
11963
91307
45468
36127
8942
98753
42259
11843
34640
80414
97193
81718
57464
73984
88536
30449
57382
17415
81562
88465
68793
20369
80493
70136
40556
6640
86924
14084
62168
22417
30907
6986
37136
13810
56125
61021
93087
90138
38877
52940
80036
42198
95220
73922
29624
17577
28551
28985
81225
20897
88758
41740
45760
1991
64986
99760
89994
68199
9239
6472
44506
21102
71855
24683
65753
94926
85674
74266
8649
44303
59893
83648
19988
44609
39929
8696
29162
87546
87154
61233
72962
42698
95797
42790
50072
25378
81642
98407
39372
47324
32934
30501
92560
40860
56281
36980
99422
49791
41344
67153
95919
2177
52131
95263
73205
85181
30205
34347
31208
38232
46722
66931
15358
86318
82257
60771
80089
75392
31440
48316
46234
20931
45846
4740
56199
41035
94948
59900
63164
16569
35448
35529
80654
61923
92577
86527
98370
8929
91417
89846
37456
15357
66674
52363
51572
38261
69787
52732
14945
37272
54010
1286
95168
614
922
70365
91717
14108
96638
9513
97709
46617
33100
65159
34693
19216
56726
10603
27077
37201
87873
88437
10011
54710
60749
2105
52864
59402
97008
84838
94350
95433
73605
31802
37901
74839
96307
175
78483
1087
62161
46271
68313
6796
51060
52949
92105
45743
31572
20543
71325
99070
13873
72420
61319
32566
34292
68240
35553
68842
3791
42834
35758
8298
54995
69318
64215
15545
16492
79566
2730
28279
10155
90397
99445
13037
90587
31296
11704
84347
21559
40972
23866
63628
88435
10798
27103
23377
45558
99222
42871
41013
47802
55510
48289
19253
47156
96115
2429
93291
76717
39413
49097
10205
66309
23499
76160
37143
99685
44797
88139
20238
38884
43379
51728
70794
12570
60528
58503
75357
40347
85607
66559
82670
93432
31273
97776
54389
89109
60472
24983
6542
41517
84764
60480
5019
98477
50299
21646
79723
18781
93622
22240
39152
71606
54595
59241
45972
875
55200
58889
3842
48253
64734
11630
18586
89417
98558
6331
7338
99751
70991
67008
41762
55422
67219
63421
66921
52676
71452
39772
10530
17589
82889
96420
36617
46030
16674
83348
95817
39701
31439
99025
73396
96911
52166
56489
61710
75907
93222
78991
5778
1817
49127
2099
44937
76656
35301
21474
47756
527
67629
79142
5414
10523
18288
31922
68776
24589
17818
41081
5275
87395
85015
99012
19667
53402
2880
59998
69597
68022
48176
87748
53584
57261
39854
6764
62531
43177
38507
63528
49240
20436
27814
96335
77194
52380
63941
48012
2848
99059
62161
84249
90901
14451
33171
82287
15951
93182
49967
11988
73034
18558
60462
69765
60959
29512
89548
19212
30156
87351
61395
97615
44181
84493
75464
49826
34058
38093
4636
22327
14574
36698
85665
61905
28025
55137
44620
13590
27120
87512
12516
99536
5117
61633
57597
65202
86758
38713
38571
72854
62514
2270
20547
80062
27970
16217
42239
23839
94888
35238
98009
59518
54993
28233
49148
50300
73650
24268
61669
59484
39281
3278
98052
84305
23373
49104
59160
4016
77076
47230
78277
38554
85212
13036
80761
84592
58409
11567
57729
81919
30775
24842
80529
13874
12152
73988
22623
12792
6753
86119
93495
34728
68554
62019
72834
7741
81746
56202
81784
21511
57903
36997
59185
79779
39978
46428
97223
81806
20300
70446
93416
44243
37265
66019
22556
14079
40459
93934
72954
97593
62869
39177
36628
56600
6529
88040
3730
26970
71069
24744
5686
91447
89637
95728
33660
19911
94303
64836
18921
56137
18342
47643
79248
77634
31182
88074
58778
95418
86580
10627
86368
52526
11736
92215
94988
54006
3356
3966
26768
60737
23728
72389
5617
83357
80309
8516
73326
77840
6113
86318
22080
21934
99866
79019
52598
14578
6958
52792
84703
59608
88364
43969
17758
62110
72156
66138
63276
48084
46575
5260
42253
27651
4542
9983
32631
38961
59069
58402
44788
30751
15565
57848
16398
46135
96402
88759
53005
20671
20643
65434
51487
7094
60307
48058
81716
4882
43807
57812
45051
67512
77447
71225
98238
94394
50644
73805
36563
3171
51729
37730
4303
84329
17156
56605
18165
62985
27468
3028
4302
60041
72300
89337
73112
93750
91380
89507
70668
57796
55465
90976
71181
57646
80455
23430
50572
2122
61543
84413
31586
77567
66743
95470
25259
56042
7877
95464
75698
38283
25479
78632
17372
44392
27582
53075
5121
34560
94313
14799
7389
85102
21643
89597
98489
8951
85763
96902
92493
97070
86481
95273
31384
35941
74768
35779
63914
10734
75414
33814
62263
73449
94833
33286
66625
85812
9091
52091
23680
1878
24486
66199
68253
29759
71721
72301
63526
95455
68841
22793
15851
57370
73478
14593
90103
66482
93974
28695
21758
4652
59204
45947
81243
48163
80530
39831
2168
66457
23824
41562
87698
18097
93285
22982
95988
12497
18242
73387
8705
44185
68846
50001
71483
69398
32046
88558
62536
88440
37521
36469
65709
17176
84611
52999
49639
52944
77195
46179
26248
24303
46200
43551
40507
75945
92737
6679
27220
22036
49648
32686
25470
37511
24425
35932
83848
32526
2444
25890
74468
89964
87644
34571
10374
41534
84662
19914
9282
15729
49283
24268
55354
26716
45396
64436
6908
18992
62356
84909
5870
42832
11806
34612
90539
88472
86406
12035
91296
98852
19153
39465
2445
49414
68446
32857
28624
5946
18959
93831
98174
91725
41512
417
93113
65838
82700
99145
77480
14723
50985
89611
94035
75124
22095
67738
55432
60931
30476
13835
1993
17122
44972
59410
24775
94855
16906
38963
66941
92213
67233
3143
79907
50601
70487
21799
19323
55005
68624
90208
74406
89187
39396
14545
99816
86557
66744
13911
57227
25572
28329
86495
60394
67947
85560
30014
93745
89882
48610
45295
28591
59596
80906
82001
41619
80538
95052
76726
33741
17296
38362
23972
71136
63942
13001
57413
36483
91955
83116
38891
10249
89506
51580
1258
73549
63927
71012
18361
52441
34508
3021
90214
59900
15995
13459
65366
25906
73932
56017
854
99804
16569
75210
72120
36889
81261
53241
60541
32006
48208
31358
80655
26189
13985
54991
47812
99158
4061
38270
46278
69800
26694
74895
36209
71942
20116
29342
99141
1915
8887
70040
42039
78603
91439
61572
6723
85932
80439
5012
26168
73896
28818
57208
39897
78179
62961
88540
47676
96650
76450
13203
43869
20385
71762
2103
69724
630
78290
51045
37914
400
36005
36461
29232
52804
23197
11131
10955
70104
37286
58402
78442
13584
61834
83492
10622
84528
9828
29180
83867
86315
64578
63796
47487
49202
13762
77912
82477
84611
50978
10541
40534
5769
57332
31063
52888
23477
79317
71179
32048
99510
19404
41971
17918
56754
65935
10977
38665
57778
891
43574
29386
92800
53204
82047
70733
59884
23157
91226
83867
45725
7831
83121
90436
35521
38258
25722
69392
22066
18066
34177
66532
85220
1136
63079
46932
30133
99257
9682
84924
19692
91225
74652
3465
44329
86620
76060
12487
28329
79745
40661
7410
15578
54613
55051
25944
88004
77533
22433
84014
61565
4011
71111
24848
75663
11651
46896
59796
41719
55990
41010
47202
67109
66858
20480
90932
10026
62461
35789
40049
66537
35751
9422
27072
87854
41932
77884
54822
36373
77216
34293
21353
53293
12266
16563
39515
1549
65719
2723
70299
10440
47249
50327
29089
11925
65237
87072
18634
99657
67108
59622
21012
73794
66269
39941
54704
99866
36738
55574
90192
26165
5526
39719
53551
15519
20514
94509
86845
45092
76063
29588
47708
31370
95017
45833
63624
29943
71265
58331
36024
20989
12091
59628
95485
6607
32340
10028
58100
26145
21185
2530
69644
98719
94112
21039
8758
64117
32809
54986
797
88114
68828
14058
24994
5539
90611
6766
61382
24898
80252
3304
57373
30029
33560
50229
67076
53463
88841
27458
31653
3425
26145
5530
24770
56925
21448
74066
13051
62498
36169
74556
19159
71615
98114
54335
35062
99119
19698
23177
45867
71968
70754
65924
99302
55584
48027
24411
80736
32318
16224
51507
57551
72444
52041
72537
53914
49115
94779
50110
15087
89641
89548
50581
27070
2007
56773
46511
4912
97729
9488
59963
7498
54188
30964
53338
47465
38893
80989
65813
73675
92202
53544
62917
51096
25204
69560
39772
58705
35888
97906
29667
67659
93091
16365
570
93266
87439
58176
83753
73762
34105
43400
2030
12643
57558
11298
76713
27655
9548
73869
65689
98661
28830
8513
22690
52325
93980
67918
57962
8853
39727
95069
94193
40536
62059
42189
19590
61303
72585
37238
87864
3960
8332
90548
46369
55910
8379
11048
17837
25123
31456
71902
59207
80745
4113
80791
99675
87779
59589
15595
28875
76335
39991
2614
90949
65262
17949
32550
41334
27454
18978
62104
87293
89969
22053
55695
93607
60998
45782
26420
23778
60543
19370
8956
87316
58370
19156
8290
53539
12615
51673
44818
32794
34885
90123
21142
42572
22058
87826
35004
99052
19548
66874
48218
26329
28574
64480
69777
35284
8400
59186
36450
2349
67865
90942
69627
41907
11620
45761
46875
44464
94584
45973
34719
72392
51900
75312
57638
63312
26471
79088
74242
40878
33017
5834
62400
12962
31959
4832
89771
97381
54927
22936
81903
34922
34320
13759
98872
3198
39814
782
66760
85872
69463
71303
37449
3969
45310
19055
23326
85279
9116
64600
32904
74736
81410
60044
16542
14856
86329
17001
68466
28421
29682
82967
5976
76919
3695
90018
89904
72433
5701
5172
22193
14863
29366
25769
94654
96285
22589
11547
85371
98394
33282
78193
72397
75407
83609
42569
95942
43679
3486
8757
8565
16936
48708
45887
16449
81465
95489
79560
44555
55331
86817
43773
1838
79428
48405
64669
82679
53512
50148
63544
51883
50595
53315
16929
76687
57447
99852
99460
56985
8769
8904
65290
89798
53066
66202
94796
61397
20440
61194
5522
95830
72383
64018
78691
77376
77125
76462
60425
20293
35356
61259
46120
34521
39650
84366
66158
11760
34043
26641
24535
226
1627
14807
92436
63335
56061
3616
98790
57005
72200
83873
56908
61572
28970
80482
82690
29115
11916
35062
81046
66009
30337
13473
87079
62800
63408
82069
31619
25891
26362
35661
54643
96220
5086
62078
52591
56869
3267
54738
99553
68613
79200
84025
91432
25281
80329
51444
89258
12190
57548
14517
89269
96152
2270
44731
77004
21861
75397
28253
15332
58910
65296
76750
76127
48113
9067
76205
23060
14001
54494
33284
25281
15183
80739
80160
24555
1941
40907
41690
44058
12520
34902
79532
79704
25637
74903
16488
83091
83491
19097
24168
53647
53342
81307
59492
74651
52804
90913
79803
47357
94507
2648
72896
7704
90886
84238
10038
14825
54593
78570
64991
83709
17909
81370
57628
88272
38745
26560
88415
19877
63682
16488
90248
49604
58058
4489
31280
82864
93509
77641
28946
46807
67569
64665
43681
52216
67238
92132
41744
23340
67793
71203
19012
2433
13169
59744
50710
34322
91921
51066
66175
17307
9877
4678
75120
29020
45933
39331
30508
53742
46759
8826
18362
77524
68399
33667
31166
21100
83380
57477
42594
28612
51892
83399
72289
41110
56959
95231
85296
64793
139
81257
47796
11914
76578
30817
35629
78581
91553
23162
87788
62139
2559
32260
28182
91490
42090
37671
42733
37640
23835
21958
36206
23418
16906
68536
24587
37165
93714
10646
69499
10939
59271
19926
80679
41442
85726
57128
84394
90528
50842
49631
614
5389
12692
2989
40703
37396
76172
81480
64919
87165
8068
11907
28065
68602
40791
79668
44653
35941
50141
63354
35504
91341
72733
87324
20548
55429
99097
68787
20513
89354
23546
36233
77642
26410
85787
13607
79097
55461
45610
34472
59085
41322
38545
57588
52177
11009
31216
19358
18994
53248
18752
64547
15493
82243
97073
73904
60957
34818
47187
33749
19455
4475
14313
32458
1203
13750
54695
69951
95601
28184
94636
99551
80263
41243
99657
68376
92955
51677
15702
43941
78884
88955
57308
60366
30853
9363
35706
68457
29173
24981
95159
59249
95852
18326
48300
92602
20313
50504
81543
1867
18855
39542
54120
80719
93285
72391
81466
17949
95263
51328
6208
90236
49044
71010
4070
19075
79290
42124
77382
75981
39769
73147
88034
26422
49771
89688
54136
6117
83785
93930
48227
28863
60391
25478
81146
67085
9756
12946
82092
90812
79736
27884
55268
53721
74803
95285
68570
8385
44713
52606
48059
26223
38805
83790
72692
6310
99905
58132
93457
4487
97111
93663
68333
78396
78239
37014
75195
7076
34394
41495
49968
15871
32564
78981
3456
56775
75196
5814
32054
11452
65599
50521
25759
28119
11093
91863
78695
25076
981
11847
67611
56492
90256
43742
62888
68530
83244
13983
74253
4983
73491
23799
28150
1037
84729
76113
70800
45929
65712
51313
12481
4438
87082
47461
20865
39763
94707
5448
91631
18643
68198
28520
57535
20548
89124
67816
85037
19341
58132
53813
50987
15819
3587
27456
67660
44072
46565
77985
75543
50012
8772
11511
63221
22677
57547
59746
55068
44411
16086
43014
2626
35203
12238
96794
7670
17778
65793
14818
34455
3208
43709
34783
89924
28402
97878
88816
98549
5019
53291
45382
40209
32389
57826
68085
46827
96648
78523
53221
28809
31062
75172
52073
95806
7154
59091
30319
99538
83169
63544
2406
51412
29062
36865
96734
93298
14902
49680
76843
83827
18033
92018
69342
38916
43607
70955
11505
49414
96084
27516
55971
14542
17507
12150
15679
92994
33494
52930
92953
40813
24929
59878
39696
6119
39339
83210
92541
1967
66015
35009
67052
99964
42998
63500
19968
57354
65363
71572
72266
83554
76977
98660
19904
53980
67646
64129
11621
34673
9823
14597
54965
94390
35021
5134
10471
24439
15219
40074
55431
51633
91767
79282
24116
40490
91945
41622
10303
15569
28744
22821
87798
87923
17867
23024
31716
36155
1333
59736
73405
62153
96751
99056
88697
60824
98217
68690
57794
29326
70221
99176
79250
77005
5629
81746
10728
99941
79068
55699
14407
52877
40453
21827
92817
85023
12366
22409
62098
24972
46322
82088
25427
70226
85405
13991
88518
71136
43490
12782
25734
4587
30648
7546
43532
43555
5365
6745
1662
77578
78321
16990
84422
41869
64066
90321
76339
85787
31241
92331
85713
48687
69213
71158
82502
29818
40011
52292
97942
50285
9433
36415
89365
94708
39116
43090
39849
57058
57775
97980
76884
1653
35901
36909
31934
95231
55264
577
19656
16964
49209
10418
1080
72498
74483
66239
37178
41330
67476
13717
38468
15355
32184
98655
96921
90194
39924
77702
16540
20224
70771
17352
20910
82102
62570
85039
5414
6796
55790
90210
70403
36875
46864
97455
28482
40799
41436
69386
97308
5468
41403
91913
59895
3456
78061
95993
71435
34591
31456
33770
1285
90564
78114
43436
4758
37761
20608
42266
67395
75246
48897
97545
45865
7907
74006
3854
58729
12587
24321
22593
31142
78196
46564
3592
55119
21293
93208
59938
9981
62798
99722
37826
5732
86866
57029
90986
9993
10497
64949
64916
18474
11524
7646
21891
3749
70707
13826
69698
83391
33782
39623
36505
55529
37701
28823
46650
7954
46318
93454
88284
93177
52994
90912
55299
35464
19197
49982
93096
84284
91893
46356
77412
21337
32875
24137
45495
50525
60654
1382
11740
93125
63544
31732
54006
66001
84329
57365
70300
55902
99963
59934
95373
65706
10594
251
31055
44412
2053
31100
5700
72489
71390
21446
94452
7706
62614
50793
99682
92815
95692
64660
31260
54475
84627
67487
84024
1924
74879
7517
56662
10097
16581
1437
25638
41467
85453
97735
49461
44059
20241
7618
19880
17322
23793
40073
56858
86498
64764
96828
54170
91751
70055
28912
42896
36279
77392
42182
58844
53614
27531
14010
6889
92014
19980
10556
71467
75793
72433
87668
50023
38431
91797
42096
43163
89960
72104
81049
29555
52963
43709
93476
21385
95490
5191
30905
85816
43305
5927
94524
72017
97424
81283
40409
83622
88420
21420
35019
11454
40354
47025
57981
49228
94417
65254
73373
48423
52007
91952
71311
93258
59243
40604
70061
36756
46130
65898
1944
96907
41022
88503
37137
33440
85909
23619
88590
73139
48034
24505
28056
22645
38881
94544
95156
93464
35989
45304
53999
46864
16755
68523
66988
63495
1948
78084
12749
442
78314
79137
35107
40505
85345
11131
47154
30957
91149
18745
64912
58391
57499
87920
16396
9351
81058
85672
94568
74536
15800
27400
86173
22445
37245
35927
35992
39953
87503
11731
33611
52761
12213
22595
89043
49069
84656
18707
5528
11086
95065
99760
9666
90915
26924
98110
83661
65761
41635
27692
82146
1968
60453
32147
78059
46708
63124
42204
61369
85797
16778
44064
40632
48401
39091
47790
32255
92766
29423
4847
1161
74942
88635
58512
91262
59295
37988
35429
66018
56696
67566
13197
14487
98926
63534
54488
88755
65297
53644
23545
12289
47673
15955
16379
64445
92953
55180
57158
4232
64999
45434
51181
50021
93778
74717
80676
64911
19041
73202
54348
76956
54822
76484
38930
22724
63867
21771
25454
97605
75744
10637
14130
73069
3308
98672
44867
34205
46080
52780
29664
65925
55816
92280
9858
18670
8635
95413
62642
1535
94820
94888
14433
2254
70826
9646
16663
15987
62634
37996
78719
32132
78558
86841
78079
47706
15371
64781
36661
15905
84668
99370
46529
57847
68726
5484
91383
20549
41224
89070
250
86695
29430
34785
69717
33707
33155
25263
56575
6077
31922
62320
76358
82159
65427
72419
38458
23995
23389
46055
53142
61444
69051
97871
89741
90335
45376
14064
74553
98924
59887
4660
65939
91926
44954
78083
1089
51932
28639
77516
74678
90972
56632
86261
81375
25962
96872
6191
70646
97052
84733
84686
78343
90996
59120
70186
46005
96744
21828
76564
24146
2583
86991
51049
27305
77776
87450
61679
16522
84825
56264
13466
4851
37032
20616
15670
20649
19715
23882
5577
10197
66685
27173
6143
99682
7943
240
89564
83980
46362
35110
57886
36154
13782
16088
93454
41498
10797
15211
84280
67541
63457
55932
2838
45723
97379
48657
41718
54947
78280
61572
63571
62782
11529
73929
14014
77258
97850
56994
68257
94995
25453
11897
92960
81191
82092
66468
52885
11970
51395
6361
51650
77197
94876
33264
36402
8301
82729
87391
82720
60116
52764
38300
42901
70499
10421
74945
82353
63605
477
76023
38456
24101
83483
94241
67568
35740
90752
59627
97675
34298
75384
50026
22065
85494
3987
49178
51297
22568
1398
4281
84930
47942
10093
45774
90136
28499
65829
4041
22077
98512
52662
78024
50198
54168
35536
61515
30426
64133
99964
56979
11143
59968
71558
15527
3516
52220
20682
69064
54603
44609
19247
10605
61851
20643
75911
47591
95026
56358
2450
34336
18277
86594
45942
82406
95680
32746
95511
6168
81912
68051
25135
88506
30582
39494
14708
33283
64121
36024
53823
11822
12588
71071
63110
13696
66506
61021
17727
22570
99847
31975
78932
63677
95277
43719
90715
33035
58409
52713
71368
76702
72022
65034
93338
60535
7094
33687
11055
10254
48628
40967
25913
34088
76976
24945
89662
93563
98345
6848
79583
30937
17795
89543
45744
92425
17250
64739
22199
90506
17534
2099
96441
91661
60128
53868
17369
99728
90720
43573
9692
49849
95079
15407
688
74070
17607
47956
10898
85205
54708
49160
24627
75209
84232
43782
63377
4956
56665
39014
35817
33134
60600
51162
1879
62786
38459
19969
14075
71809
87077
87098
91890
66574
3602
90053
66015
62157
4987
2551
48031
10723
90182
16909
56629
95287
94728
37280
55696
6408
11611
59829
76736
77359
67016
41189
91613
49156
97986
44316
38510
90914
87614
77525
63805
87904
9741
30916
61208
9352
99266
7299
68956
89526
65590
47671
28099
65597
68564
96988
80575
59542
50042
21365
57684
16592
59437
31603
98451
11877
11731
33853
21760
67330
6085
26087
25543
82073
26047
51422
21303
34830
39841
10654
4490
11972
49622
49942
98997
85582
92533
47228
40374
80740
53066
44814
7356
80078
24259
58127
61891
14818
19491
15733
14024
62666
6666
31395
68181
51298
61729
30644
45381
58974
25016
39515
57864
92050
46080
17237
23540
8820
37458
98523
83991
90974
52819
11292
15472
58964
29567
17102
94050
42780
64451
65932
13984
66806
18796
78775
31853
54899
58439
667
10242
76559
27475
90913
24016
31318
95208
98665
58502
64227
68748
58686
42455
75951
47787
42582
66011
38225
5735
61614
97582
9574
78840
92393
36401
8386
78404
59436
21937
13431
92150
44900
43648
17554
92412
47982
2378
10264
90386
48734
43806
42764
13950
27123
54975
57805
33846
37674
5385
20201
9197
35907
21281
2528
37994
59010
4618
46755
7702
14885
67936
12349
70196
37255
9195
21288
2070
55694
23838
12463
41208
72797
85329
97758
31298
28355
51674
36049
78397
82884
79040
30072
35481
69643
65399
11641
39914
84039
77374
74363
57716
65112
53387
38922
12348
31701
49283
34001
71790
14093
97690
23068
91219
16307
32445
71491
29075
54807
54927
78723
46152
7598
99248
87179
92847
44645
87692
69413
66540
4859
94186
52121
47514
81340
66645
92727
28934
16683
22526
15463
99636
62068
91020
95410
67105
83312
90107
39263
31576
19744
73703
19468
86652
13949
79932
80227
49350
95250
50752
8046
87482
36319
15656
82450
74393
93555
33806
31080
18154
34249
39248
63253
63569
92086
93692
22992
72563
48916
78407
1465
22996
57535
8401
89167
5636
70696
91702
27848
39606
40782
94045
76467
13375
88377
15508
35558
70520
3283
43396
83531
6075
65227
63750
64353
40289
62791
75631
36719
50166
82343
63534
39230
92372
69990
28273
5540
85715
28259
7502
54223
34328
6761
12116
4787
12326
98398
41374
2721
82609
11958
219
32420
6055
46501
45607
57691
17250
68902
2266
33390
56728
90267
42114
11555
57703
26018
25269
80863
30609
90018
75185
71942
68572
68528
92335
95025
10751
75108
38548
96638
4508
19572
16167
7978
77490
64726
18131
19025
18549
96465
52103
96142
53626
13702
54455
61720
26729
66782
84501
69262
11991
12557
36724
2220
10248
99608
93946
50051
49411
25182
84292
26750
15778
6125
4229
36398
54169
88797
1317
31297
76440
44134
4653
30875
14655
30959
69325
24464
20912
14286
7419
42744
11884
74047
53832
91402
57374
35484
98666
70673
99169
31854
47015
52432
79692
25776
53688
14819
95840
16424
44462
49828
59256
31355
36082
87278
89739
62590
57425
27452
67346
13081
27417
54967
77866
37712
78718
43562
36855
18285
59415
85796
48264
65165
8311
39932
4871
82549
21056
30679
7183
22655
80475
99907
45739
72189
68988
36354
59779
84654
73383
44521
58016
73112
69454
34597
35297
24524
71125
74826
96626
28050
88791
57395
164
4384
11321
19209
11979
84653
76167
11984
13247
71162
9126
35143
94015
19106
10741
8752
35652
9547
83407
69316
96541
76892
81358
27431
37710
53087
4903
488
65149
50681
78340
25636
59277
56310
56552
51650
10037
44680
12581
67014
83129
74008
279
19644
95375
16736
12529
40929
10941
96695
52788
74513
72428
1769
21809
3157
95323
65765
3976
56517
90406
40930
42253
11179
78329
70202
43034
51702
7962
41428
22246
83538
64628
52972
71869
95821
91434
61303
21828
50765
68968
23870
481
40073
10796
87662
46953
88646
25155
56087
32499
15297
88046
11731
5059
24386
60939
78350
39257
3742
36412
43643
27879
63784
42581
71089
24448
79773
48570
63343
27393
58653
66681
49372
3565
98315
10967
18781
50189
89826
34563
20920
69162
55278
55897
82516
95177
31199
62511
10603
67527
99945
16368
19474
64181
69558
75721
35207
73367
22530
3402
89052
98754
57327
89752
3415
62992
97672
51113
60393
5550
31759
60804
95709
87263
57420
75337
98088
53033
50984
29419
95830
64954
67350
42259
58231
98050
35275
49556
44075
56153
40453
80978
50061
88676
27211
82099
4649
88346
27496
5512
57791
15727
89411
89031
1440
13563
24241
65454
94070
44904
26038
52848
5375
98665
52448
22650
17453
43875
14244
67072
68166
87935
88141
42900
62189
95423
70240
21393
29076
80672
31840
48150
43784
52587
42908
45282
56921
63187
28441
94551
1321
81580
94061
60303
36896
93663
44848
4560
38474
32595
64449
98852
4411
17195
55543
17000
52736
26897
65458
26486
71383
25664
17719
11540
46321
30993
63150
60192
30708
47050
82482
76492
50394
89132
13384
57815
38168
937
89889
726
88748
51231
65768
41395
99807
317
24166
584
20662
34933
54766
71980
68486
81779
21398
39809
62715
18724
2812
45595
87394
90
401
38456
74145
77769
4020
68469
81653
86107
19108
11131
15487
39734
3857
61514
24171
2664
85661
33385
10359
47471
39316
10530
14820
31066
49135
49015
4541
33976
78513
80065
58349
83283
43604
82324
55782
70043
2712
65268
16854
88873
15957
89257
39529
50680
50296
20086
2080
32269
18852
58149
7152
98383
84735
27297
50189
10570
12983
62971
38094
33025
98787
95604
76255
44040
76636
92736
68123
32827
90639
82591
6933
63933
2107
83720
31695
23486
45976
62103
55551
43376
45275
37255
9220
69645
43144
54979
56662
65914
16229
57124
14401
98510
31004
21291
13561
29047
35589
14036
10381
31112
1658
18441
44459
19398
69968
26759
6268
21885
584
79288
42971
52698
63060
26735
26291
83956
5586
81218
58736
52887
64592
85873
82316
25488
32720
23919
91714
87511
43306
26354
99261
70961
41554
57593
52825
44475
32535
40338
33197
58268
62142
58019
98299
450
51591
57717
98554
66097
44716
70270
45534
24037
35703
41309
26582
48897
70971
26294
77766
34721
65617
60240
94143
67878
34080
2224
33988
39078
60559
89754
46447
64614
23485
2385
91402
37781
5309
89953
32266
69026
60369
3047
90064
6315
42680
10626
40659
76443
62735
92914
82529
57899
42318
94766
10612
94224
88228
35996
11187
86797
33255
28356
73009
65498
13433
97669
58990
53821
32223
76697
58738
92637
18442
72705
34327
16385
38499
59735
89143
34154
11288
22721
65758
42804
82260
91229
20847
37779
84654
21034
41370
74661
61097
4384
13213
35587
85203
85871
44576
55923
4368
89235
57424
14700
40498
57665
60561
13933
66680
75899
78559
27449
72023
36000
99437
83234
29545
59230
54162
32471
47772
62985
26571
11587
54806
82235
33792
17553
38860
80682
92962
96675
90709
12478
48600
15446
78296
97958
14674
67926
11503
25717
56606
75615
75668
49615
25604
48059
20658
44312
9843
67725
23565
12839
31996
8408
22329
19004
60675
95766
9829
5001
75312
76158
37408
2408
53190
91568
92951
90187
61022
13600
97942
67311
44511
27548
50197
12243
60858
36527
87692
94603
5575
33815
40196
12704
88754
15943
6826
64347
11332
84013
58030
33663
7215
94191
86837
51340
52890
37201
96764
15536
91297
25416
11558
30231
44725
90766
8942
77522
39776
87705
70936
33311
86378
32401
32164
75142
56283
16081
25918
45527
90675
69965
58951
6659
51014
98677
21593
449
35010
18661
69225
77385
67256
38179
84737
13059
802
16276
61429
44475
5859
5429
60995
5959
49608
34405
81385
41549
98842
12519
75969
31288
91647
57736
94474
56184
48228
93934
75549
69954
91440
20941
60983
28269
89815
15361
57449
92432
45837
17961
59030
61578
38450
31554
30090
22880
15673
12743
54756
83001
27887
30484
72156
24281
62902
44063
73635
54179
97908
95579
61994
74625
75970
64576
25259
33028
26047
53905
22110
5447
12962
23535
84133
5328
94626
12609
78451
89256
8957
16431
13045
51857
89174
14561
11743
8025
92579
74910
43314
96972
57313
75752
97017
74611
93647
81901
20487
39833
37220
44146
22420
47283
39611
89690
92164
49192
6204
64053
10665
41496
18929
20863
7434
30114
36578
25907
60405
53225
18216
63868
34501
27625
55631
19106
94123
99857
37102
66806
5908
42351
48387
22252
14573
42751
11982
14251
73615
30882
19429
53708
59872
65357
59215
78241
87780
59888
93565
60738
96831
36058
52236
86698
24204
73741
35677
63049
78902
63467
78136
21291
43753
83205
63984
5155
80555
64231
10279
83752
8719
42043
9148
47548
59976
62426
87081
10582
4510
31975
26646
10259
93759
59049
71104
28703
83914
30490
50994
14521
93225
96860
27137
68192
47295
4704
45039
90005
40333
16393
94014
5025
28598
46793
96732
85940
31678
24122
15949
95371
44406
41205
32668
35632
10056
49694
65736
68885
32780
53466
51552
78261
35258
31673
46892
49474
57204
48652
77655
99965
83416
80577
88149
36949
32325
50877
42142
89772
61549
62914
40159
73032
55824
61602
85677
18376
96242
3019
75227
84407
97081
62003
19743
92059
51596
8530
76596
1639
24094
48398
80622
75209
83280
44337
26995
87
19795
28467
89066
41983
37687
66893
41800
85271
31427
92442
51384
78660
80710
81080
93704
43334
73263
73844
37111
18088
26964
15222
25816
77426
34984
20692
6261
93790
60483
90435
79380
72096
58119
82178
25011
70564
57607
23488
64870
30719
24769
98286
9842
33525
96920
59091
98548
58481
47606
34964
88403
22119
63153
6582
14685
74267
99600
98904
5454
26911
69838
97247
19413
3544
45160
57168
86972
88160
25214
51772
42474
45909
86288
3718
15977
61887
22856
20836
78068
13079
28657
78339
94441
20204
37205
52575
59590
77521
61791
67928
59895
73849
74309
5128
9404
7463
29938
96032
19344
69329
43064
82380
45419
35487
9795
53134
23200
54403
60023
1573
92510
46630
99362
3226
86146
16862
79856
72250
24962
90002
90336
33688
17207
72712
42196
42561
6810
48169
28791
91720
22673
28964
98791
4863
35559
3355
93189
10024
18155
98110
94827
57274
68865
5769
72214
43390
14932
44149
71726
75635
59492
37053
66033
92801
90259
11973
49021
17156
5030
87707
36468
26979
58893
96917
50234
32639
43121
12536
61883
61716
8358
25696
49401
51571
77899
45121
82782
23900
16508
76309
1415
10294
8552
62591
92697
93421
88146
72226
5785
49167
8978
37940
63464
97848
38157
68803
22436
99446
28636
5522
64936
32820
92932
65211
35943
77510
51493
436
23357
70629
22786
61048
98136
26151
19185
97590
49593
64507
26146
68874
48264
63805
76099
42103
88780
90176
67976
90100
38079
42919
78896
97272
92165
38656
34795
28628
29920
54387
72177
82687
36364
15641
64988
59089
3458
82258
81405
63383
51664
12703
83385
97761
89158
93370
93702
93062
69130
72306
64697
36209
67863
91838
2044
67649
75396
85092
99826
87490
85604
90128
63035
27169
54559
81655
27435
62436
82354
40305
29424
20691
99768
36754
82643
29658
45541
58902
23141
12990
11662
1789
1437
5367
32879
57452
86080
27174
49254
24462
83591
24362
19349
20521
87000
19963
97842
15506
67864
85163
55910
61308
55211
3030
9158
65321
16648
29538
54679
18505
96410
86829
4869
99631
21664
38004
86092
987
85781
39474
93641
74139
71067
62394
32842
60847
97296
66646
96033
77359
36269
40707
9119
25043
75172
6395
85990
90468
92493
1955
71215
26484
57397
39768
34367
12132
66430
54131
31921
57012
53093
49186
56446
39794
59354
41641
13166
43318
54371
24644
32675
74736
80157
89171
23974
45412
76497
93688
7633
94448
51647
62447
34225
9707
17824
88311
66872
81976
91774
82776
12345
45944
10427
60301
53202
74616
69697
66842
12379
34379
86296
32723
88970
22739
39346
76193
47632
52009
75806
30725
15953
77572
64842
96149
27784
27763
34113
74880
21589
65555
73965
43885
38952
20637
28940
49627
35137
7083
79818
77262
68240
1567
61004
94399
38715
64213
70368
48691
18451
47186
64040
72262
48446
38394
83882
44917
14800
11611
86600
2167
18270
29547
93119
36527
74031
54806
39526
66057
81513
68056
63834
53228
13361
84614
4914
40003
74143
9272
9304
12707
95133
6049
41715
70405
29222
57587
17723
44331
47767
52206
31894
63101
52157
23872
12965
28388
69020
8039
68639
81250
53298
29812
46867
20065
80732
54579
40201
64144
62152
74251
23086
80799
82152
41665
41820
26309
86235
84408
55066
52509
67518
20066
1647
62571
32307
60035
28707
84557
35603
90637
23511
93693
6501
78482
93106
70716
54316
52836
27970
4248
37768
82914
42504
11230
40282
4221
92406
69746
12204
17455
47631
22171
79889
62746
86848
73479
31061
68245
7414
53756
47150
90909
98572
83321
63175
86711
12221
97075
37071
45458
7991
82469
12827
68573
61453
85582
5631
46874
18847
54757
48535
59733
70992
13446
72571
71352
13944
24719
24007
71007
11563
13671
