500 2
209
335
167
437
834
103
908
711
861
868
189
609
765
392
947
900
516
353
536
406
404
60
503
89
938
345
697
210
339
517
657
628
530
808
344
287
909
792
802
230
872
709
123
162
408
558
382
21
467
376
438
525
159
217
851
594
407
699
387
356
231
548
277
640
485
151
173
226
796
443
543
22
408
278
132
260
161
43
809
33
264
797
89
276
172
698
989
655
296
421
736
628
425
125
654
972
186
578
490
215
669
570
563
257
181
569
551
487
217
365
551
862
147
969
709
440
141
14
677
886
216
291
934
746
444
238
461
864
407
306
839
369
248
996
146
597
204
122
963
722
816
815
934
760
759
584
789
237
253
581
902
526
959
554
538
163
547
959
100
579
813
184
560
627
82
993
802
517
976
622
219
401
496
342
678
532
77
11
272
966
446
295
856
753
902
977
674
933
722
552
545
440
643
238
549
98
912
102
563
292
398
889
751
807
71
224
841
363
992
999
837
571
850
338
686
730
127
287
130
605
614
517
278
627
613
794
162
375
996
912
364
775
455
265
407
565
880
499
646
814
477
435
28
866
974
893
287
583
981
250
227
62
550
108
920
507
463
767
699
415
496
879
684
177
301
150
176
970
694
799
910
544
489
45
706
410
388
30
392
519
458
299
121
453
894
505
785
654
250
588
437
332
948
577
149
162
650
230
319
939
795
634
212
622
996
949
416
417
73
88
76
30
415
998
131
252
470
876
193
400
745
652
385
744
977
129
361
36
40
790
168
104
928
165
208
583
736
349
924
74
350
621
96
752
505
851
320
187
485
71
324
783
663
795
461
291
478
577
735
479
114
701
672
996
244
803
440
967
680
966
268
642
490
242
578
429
122
602
45
497
662
732
62
406
732
352
704
442
755
623
709
949
229
592
960
200
804
983
261
732
494
601
268
184
540
553
196
805
698
580
638
879
109
778
849
779
575
530
548
467
21
338
738
709
772
566
706
175
569
578
253
214
921
869
473
898
518
607
519
810
506
203
462
899
450
440
675
454
686
990
716
841
865
955
49
858
343
765
878
215
565
41
715
369
544
434
56
607
896
126
200
163
789
317
30
974
117
430
619
141
552
504
54
811
677
436
26
435
980
525
940
838
126
936
416
362
405
180
842
645
