2023
9490
1132
3237
8529
6467
7377
4526
3775
1958
9549
8393
3876
2806
5171
2331
9751
1468
2394
4728
2092
4439
7538
9055
7124
8831
8520
907
6612
9845
2603
2276
9148
9414
8534
2105
7523
2983
1635
6441
3606
3573
8310
4575
4011
7001
6693
3051
9832
8372
9979
8189
2298
4111
3085
6731
8477
4680
3277
3500
559
9729
1468
5386
3657
1857
5215
3219
555
2933
2213
482
3627
9858
5022
1452
2771
3750
5356
8495
3492
5089
6006
4223
6361
3518
9364
7609
3594
2847
775
8583
7501
5766
215
8297
2777
8686
657
902
4326
769
9799
6778
2384
4152
2609
8304
6205
6191
7614
5339
6991
892
7469
1760
7635
8540
7691
8010
5007
282
5329
2396
4477
8168
3902
2343
8364
2489
705
5783
3771
3760
7376
6312
4730
453
8951
966
8134
1465
7468
6560
6401
8921
7421
2677
6136
4746
6611
4374
9225
237
1584
7303
8831
9117
9364
1063
853
6285
1755
5021
1985
7877
2869
1829
5220
4880
8219
1998
5653
3965
3941
2581
5940
6738
2776
7634
3348
8014
6507
3952
6424
846
4707
7547
2111
5001
693
7427
9891
8260
8273
6691
6861
4234
4803
2802
9904
4029
2024
7863
4942
406
1569
4501
2495
3387
9202
3939
9612
3142
1081
9704
4564
6726
885
1242
4367
8093
8301
788
9331
797
7399
7133
3301
2467
6158
3442
8066
5343
3303
8661
8551
3642
9569
428
2513
7373
1800
1401
4825
9530
9366
7808
6940
5784
1242
4782
5498
2048
7679
4261
1705
1291
9979
4327
2486
9328
7785
7828
5087
1068
4042
9707
8503
1007
2766
5009
6808
2270
1007
3352
8630
3959
6136
1740
5609
2348
1089
1025
486
1694
2440
7834
6086
7043
1763
2195
1917
6878
6286
4686
8025
2493
8874
2167
2264
627
8685
4939
1335
9074
2326
9399
7854
8864
522
1020
5383
518
2356
1470
5667
8690
2873
5933
9920
8530
2097
1784
1836
4641
7074
948
9907
8219
6959
5854
9590
4141
9932
7739
9780
8778
1331
6809
8255
4300
2533
8891
7407
5147
1677
4542
9795
1409
5195
9052
2940
4673
4595
3568
9804
4888
1577
8244
7940
9520
7797
3513
1599
8564
6722
6698
1044
7138
7158
2691
6856
555
4495
1369
7249
2125
4936
6977
7283
2815
3214
9508
3472
9338
1105
5674
2694
2470
4906
7357
6917
9208
2057
3228
4508
7152
4978
4304
7510
2237
2268
5535
9402
746
7313
9217
7545
6646
8238
1663
6023
6166
4454
8630
2306
6179
7514
6567
7018
6680
6631
8352
4324
2341
5035
7977
922
7405
9761
7800
4819
6193
2651
3645
6356
4845
6315
5241
5918
8274
5849
7621
9983
6964
3970
7935
9606
4561
3964
8547
9111
1811
4022
6018
6555
3785
2244
7826
4508
9116
7581
4081
4163
2309
7926
7751
7546
2319
6674
6622
5413
1016
6095
9682
8835
6560
3383
5154
9842
7176
627
5531
6843
6114
7325
567
277
7070
4685
9901
9959
6302
8297
5224
4116
9506
2044
3702
5278
4385
1906
6801
2290
1553
9977
5735
829
7351
9621
3469
6585
8306
8974
9262
8364
5197
5784
802
8690
3837
3163
1564
5940
8278
757
7404
8137
8799
2646
3946
9675
6763
4537
7727
5100
4213
2528
5895
6123
2518
250
695
887
1683
2916
7176
9757
6568
7677
2353
4546
3652
629
3302
4552
3959
3740
486
3044
2750
3655
6973
1105
5332
1010
8527
7286
3871
2517
5311
618
7042
7819
5760
4918
1620
5312
8169
3796
1286
9624
3901
4220
2927
672
9501
761
9715
3199
5223
349
1654
7969
5639
5508
577
1935
7353
2374
7328
5054
2561
3042
5745
625
1247
8924
9448
2343
6839
4057
5907
1983
1732
7418
3832
2527
1128
5011
4012
7670
8902
8904
5212
9633
9254
794
1441
2921
494
1498
6925
3977
6863
5730
7936
2393
434
7831
2402
5980
2130
7025
9684
2034
1348
6314
9578
8416
7772
8300
9267
784
6885
569
4057
6062
8165
2269
5376
9443
3576
5073
7231
6630
790
4781
1920
6304
8124
4076
8743
6081
3208
8478
6027
3261
4808
5598
1655
1691
8129
5928
3138
8882
7651
3187
3857
411
3367
2111
4751
3470
9815
8752
4824
8597
4110
1744
4627
6932
4682
7852
5859
1690
3071
588
6513
6359
1043
5468
7057
2851
6452
9071
5321
4815
6111
3815
7759
9594
373
2484
3376
9141
8339
2484
4859
9461
4758
1841
4625
6892
2281
5986
2017
7191
5550
7351
3445
4953
1496
3204
3167
6267
664
6183
5325
1726
463
2608
7163
7504
4316
7463
7300
3459
2512
2746
2878
2602
9224
8825
1966
3351
1251
610
369
449
9438
4674
1854
3136
1053
7754
903
9181
8189
4406
5794
428
7147
9413
5738
6472
9583
1427
6108
7483
2592
8915
8628
4001
7996
2275
203
6531
5493
3692
9918
1105
1828
5302
2919
7107
6694
4239
2701
3430
2047
8752
9664
7363
8407
4343
8061
8709
6240
4858
1342
3678
365
9002
3639
3321
6099
3935
812
9127
9986
9623
7696
6253
8705
1471
816
1267
7841
9091
1820
3139
2652
9664
3030
7661
6699
8434
375
621
9259
1499
6943
305
2552
9617
6573
5265
9413
2302
8808
371
624
3229
4352
1911
2729
8288
2652
8085
7283
9981
5127
3058
9727
281
8845
356
653
4733
2382
4637
8696
7549
7707
1211
6972
2264
7807
5423
9511
1228
4521
9706
9960
6387
2754
5115
4485
4843
8947
8909
384
2302
7207
1190
1191
3463
5579
1319
1798
1458
5773
9819
3371
8047
5134
3396
3635
4910
259
7010
7363
4942
4595
3060
2422
5671
1419
6812
4913
5104
4596
1362
6033
693
1312
3280
5783
2910
5030
3121
4869
9270
7057
471
1131
8925
5302
7692
8413
3489
4202
5374
9899
5026
5819
7321
1709
2587
3158
8250
6692
2163
1834
8985
8862
2194
5067
8601
5833
5575
4173
2604
7204
8442
7489
3817
8037
2729
9507
9403
5586
2304
813
3039
8122
3089
4283
6285
1282
3303
2049
3424
1647
1057
4777
9388
6952
6860
8679
5260
7683
7380
9571
7096
7500
5594
8883
4658
1526
3186
1858
703
5584
3469
9071
3233
900
6405
5459
1623
349
4539
9882
3866
7369
1478
8116
4174
6067
5672
6373
7842
8014
831
4176
5215
6575
9955
4031
7983
4276
8221
5378
9141
2447
315
2395
1007
6908
559
6286
5132
8282
6424
4944
4882
7186
2022
3547
9012
9897
8634
5503
1504
7569
1681
689
5357
1014
2158
4450
3441
1415
6232
7834
3371
6972
8828
2278
8297
9846
1745
8812
1701
9168
8120
4088
2241
1834
6955
8807
8983
6373
789
1026
911
6333
4521
6824
4541
7528
2232
5306
4571
1002
4302
5880
2145
5139
571
8823
1201
8769
2604
3310
756
227
1874
4600
6764
6467
8033
8502
7841
2695
8932
6076
8465
1532
6440
3853
8238
7069
4788
4021
4537
3819
795
5268
6632
9552
8657
9806
2914
3683
6627
2216
8697
4771
2547
6919
8917
8299
6294
4579
5277
1814
1460
4653
924
1763
5181
1622
1307
1824
7037
7672
8800
8126
7306
8714
6589
2311
8022
5466
9632
5927
311
1765
7135
1260
571
4151
7888
2043
7819
7743
1813
5514
2838
5891
3188
5361
7602
5836
8576
1546
2229
9465
7619
8869
1069
7617
4326
8178
5425
1680
7817
937
4561
2005
8054
9023
5587
2883
9999
2512
7674
1107
970
7491
1030
7582
8489
7401
2316
6695
757
594
4069
3494
9080
7601
5538
6037
6215
214
4769
5607
5918
8768
2267
3594
5337
1583
7716
7377
5321
4441
9421
9438
5208
4200
4958
6424
3656
9479
679
4533
8477
1920
458
3586
932
5476
4895
4417
4782
1020
1509
3942
2956
7465
6854
7476
1171
6019
4438
2091
6343
234
1203
8439
5235
2028
404
976
2822
3158
3558
1079
2271
2136
7956
585
5073
381
1617
5544
3864
3637
2747
5477
5327
6820
8643
6395
9837
836
7579
7276
1085
1399
9388
6620
8323
2742
4208
3413
2097
1499
6032
2069
5602
510
1185
3143
3897
8500
8186
4834
1615
829
4624
5894
9936
3774
1326
3402
9110
5661
3062
2857
4111
6664
9093
8084
5043
8001
9008
2271
6363
9334
3684
4445
3439
1244
2195
7612
1608
8214
5583
7544
4903
1926
257
2017
5472
5561
1479
1669
8225
1230
6566
6223
5214
9159
1118
8200
2583
7380
273
3182
6472
1411
5754
4161
579
5409
4908
2941
1790
3648
7471
6595
6024
2182
3515
9044
3116
7867
787
7138
5117
7544
1722
6589
4459
1080
5824
6123
5419
5906
3595
9590
7283
6365
9335
6807
9073
8749
1782
1686
2686
7322
7910
7036
8770
4343
1430
6219
7893
2950
3840
9268
729
2989
1938
8747
5464
9701
2042
2764
1861
7945
5005
9107
6778
5988
7861
971
545
3151
9548
2857
3434
399
8571
8193
4314
5667
4398
5488
702
242
9699
8991
2538
5833
6181
4826
3723
2351
5057
3062
1922
6179
8329
9584
2866
7745
1045
7727
7240
9501
616
2721
3000
1947
8546
1457
1147
5470
5792
6793
9779
7097
