3288
-9692
821
6493
-1513
9863
2043
-6592
-8719
2673
907
-5402
-8581
369
8411
-8338
6236
8841
210
4912
1488
-5984
3708
2826
5075
-6872
-3492
-8456
-1625
5443
7457
-460
-3297
9196
3831
3954
1741
-6109
5869
7237
-1407
7098
-8052
5068
9409
2839
6584
523
7030
1666
-3632
-806
7388
-5006
-874
-1453
5426
3807
-433
1996
-3059
-4346
6201
-9241
8076
589
757
-8117
3106
-1629
-7429
5797
7
9886
8775
6009
-4059
-6110
-4333
3790
-9955
1947
4167
9286
1926
-6434
2207
-5852
18
6699
-503
4594
-8737
-4364
546
-4454
-9936
-7067
4611
5610
2211
-8894
-8861
8759
7990
381
-2598
7455
-6258
5106
4275
-4986
-3966
-3507
5275
-1872
9398
7232
-5724
-9765
-8962
-1334
-6654
4805
1875
1915
-1553
-401
3297
-3985
-4999
-188
8348
-820
-1642
6937
5734
-9428
5198
979
-953
-9005
-4602
-6806
-6224
-3221
5143
8359
-1782
4945
4483
-3000
9671
-4640
605
-6128
5671
473
-1578
-1672
6271
9780
-3043
1648
-9594
-5280
-3908
-2777
4702
9712
-1341
-3008
-996
342
824
-1694
-8633
292
4876
-4105
-9392
669
6318
-1031
-3370
4867
8453
5383
4485
9948
-70
2712
1368
179
5181
2282
-3625
-687
-7643
-2428
9223
2484
-5996
-9529
5927
1085
-4729
7920
-9379
-9089
8081
3091
-8088
-704
-9890
8219
-4265
4517
5496
7353
9462
-966
-5368
-4462
1656
-4593
-2986
6948
-6727
1406
7663
-4873
-4227
-6298
-6839
-4978
4671
6211
-7052
-1017
6379
7572
-1562
9108
-4308
7959
-990
5879
9233
-4047
6486
-957
-8109
-2235
215
5902
-7953
-4161
3839
7268
-9516
1494
8194
3537
1479
7769
9594
261
-8815
-7169
-8357
7293
9608
-3665
7682
8677
-3063
6880
-2059
-5140
5404
4097
-8331
3871
-3542
-4991
4680
-8094
8438
-9037
9417
-8524
787
1227
-3123
5668
2801
9302
8583
-4905
-4824
7421
1754
3394
-101
-2742
-4148
5408
-6531
-5712
9622
-6529
6342
-2493
-4500
-9550
2522
-9719
9984
-6761
6085
9342
-5220
2021
8126
-5861
-6493
-6198
-124
2958
-9904
6190
-6234
-1291
6879
6276
7457
6543
8300
3818
8793
-1809
-9343
-3778
3925
-4209
-6232
1173
3759
-1466
-5538
-8832
9438
-8430
-6846
3085
1629
-6221
-8614
-2833
4143
-591
2436
669
7554
3049
5055
-2343
4555
-48
1658
-4966
9056
7431
3878
-4480
-6957
3146
8081
-699
6430
59
-1782
-3384
-4078
1187
-7450
-3142
-3883
5189
3217
9582
2291
-9851
-7006
3329
6233
6732
-4746
-24
-6628
7173
-7237
5542
-8590
6924
-4876
-157
-6044
7138
6356
-1051
-7481
-9734
8825
-8931
3615
3755
914
8554
-6036
56
-2015
3776
290
-707
5944
-2201
1763
-4676
-3116
-5766
-7590
8434
-7331
6854
8614
5820
-2416
1090
3938
9387
-1644
1405
1301
8743
-7112
-5190
-7023
6799
3482
607
-1256
-7378
5875
7702
2980
-8385
9088
-1744
7103
1669
5320
201
2925
-9191
3064
64
-4908
-9607
-2901
-7655
-5369
7726
-612
-6610
-7205
-8151
4829
9894
-8057
-9710
-5433
1775
5630
2161
-5337
-435
-6871
-4819
782
-6146
-1199
4137
8148
-9737
6964
-4012
4127
-1637
-9577
6246
-1168
5766
-6364
-6900
3090
-9300
-5638
-7182
-2964
3159
2405
-6055
-1790
-1978
-1520
-3579
-6197
-2790
-3322
-9298
5780
6575
7460
-8697
-7577
6186
-1830
-4879
-6377
-3664
-600
1731
9939
5993
-5050
5474
6113
29
-7000
9903
-1881
-9168
7955
7150
3945
-336
-4910
-2803
476
7655
-4057
2339
2236
9312
9662
9013
-262
3860
-9817
-7864
9169
2407
3115
3901
908
4666
9010
6320
-6271
2316
2620
-5449
4265
7552
403
4012
9656
3954
-6990
-756
-4626
-4577
2399
1638
9966
-9326
-9908
-7181
1292
5503
-1851
-4617
5451
-4390
-5492
2246
-8655
-1937
3159
-2900
8897
-5736
-4791
5346
-7213
-1151
-9540
-7698
1065
-8142
-5512
-4538
-4988
727
-4367
-7205
-2745
-8117
2734
-8319
8051
-497
3934
-5669
-1221
719
6908
2372
-9969
1714
1147
540
3425
908
6738
-6424
8730
7764
-6607
8340
7232
7487
-5355
888
2489
5910
9064
-8019
-5600
-8595
-572
8389
-212
3951
3216
-6911
-7048
9200
-7599
-8728
3917
2663
4644
-5725
1760
6090
5532
9849
7517
892
-8220
9052
-1557
-1663
-4901
-8068
-2545
-7292
3078
1840
7092
-1232
-762
8400
-8412
-2
4688
8698
-9724
-1940
-365
-2427
7817
4168
2505
-9134
3281
-8328
8167
9373
7945
-3894
8465
5226
6122
4738
-7618
-6594
8651
-6840
-3579
-5360
-1907
-8013
-8020
-2821
-2553
4950
-389
-5998
-9967
-863
-6493
-3369
7971
5681
-307
-3276
-1568
7265
-6918
-143
9654
4315
-4987
-8941
-8582
-906
7177
4389
-1618
-8866
8837
5296
-2642
8159
5420
-5715
8403
-4852
2966
-2438
6199
-7078
-2669
7902
-5961
-5677
8728
-1977
-8553
4074
3144
-1432
3496
-1638
2981
-628
1975
1529
-7764
5254
2871
6462
1096
-6189
-322
3028
4387
8409
7085
85
-745
5715
4196
358
9554
614
1032
66
-6690
2450
1874
9567
4880
-9175
-8614
-6619
-2415
1239
-7122
6855
6393
1065
4955
2183
7862
5640
-219
1948
-6805
69
-1386
8641
-1470
-5230
-2585
1402
4687
7501
4402
-8413
4169
-438
-2710
7475
-8847
-6726
3344
4360
-121
6406
6228
-6777
-3376
3020
1012
-5621
7575
5368
7781
9413
3006
1703
6017
-2745
-7209
-9902
-2849
9120
2756
-142
1985
9785
8754
1887
7031
-2372
9306
-6176
-3908
6196
-4273
-3754
7462
897
-8760
-5625
36
8540
4761
5214
-5897
5131
9228
-13
-5212
7193
4309
5818
1489
2299
1327
-9742
-9985
-2459
5504
6586
-3817
-8669
-9680
-8786
9122
8525
-1961
3621
9074
2937
-5887
-108
182
4260
6923
2435
-7186
-2325
4431
-5165
3853
-8260
-5461
6592
6494
-5928
2289
8072
-6533
4290
3934
6327
9686
5146
-9571
-4038
5749
-570
8721
7050
-9191
-7931
6007
-3313
429
3123
-7803
283
7817
1209
-568
9860
-3204
7214
-515
-8360
-6499
-6083
-1664
-8211
-2856
-3401
-6712
800
6930
-8502
3990
-8934
2400
485
4760
3938
5834
8851
364
8023
6668
8637
1235
6705
-9447
-5380
8130
-4319
3927
2113
8975
-9690
-8627
9992
957
-3308
8176
5894
2596
8797
9659
9799
9718
7524
-833
9693
7830
-4049
3179
-3329
7399
-2529
-1562
-8274
6303
4154
8901
-3480
-3443
-7807
8112
4941
3547
7630
-5690
-6159
9414
-8591
-4502
-5722
9981
8703
3697
-5987
6496
-5144
6747
778
4509
-3146
-3451
170
1981
9695
-7003
-9664
-5907
-840
-3313
-6831
362
-1985
-1786
-2556
1853
-4142
-4740
15
-9129
4760
7116
-5280
1851
4935
6441
-772
713
7922
7118
3477
5721
-8578
-8591
-802
5249
-6137
-8156
-6095
3699
-8498
873
-9548
6384
4917
-6205
9610
-134
-2832
2995
-52
8028
3421
-8644
-7079
4545
-7806
6274
2657
-8389
2031
9450
-8362
8708
1290
-139
6557
-7879
541
2198
-2691
2726
-2989
-264
6510
2195
3751
2373
-2951
3698
-9923
799
-5270
-2329
4517
4179
-8700
6383
-1311
-3770
-2905
-799
-345
-230
-834
6051
-1619
-8554
7403
-1501
4058
9610
-4434
6045
6488
5294
-7617
-3972
-6345
-5465
-9332
991
-2645
-3573
4603
-3876
-3171
-8379
-8610
-656
-8838
-6684
-2642
7515
-8438
3305
2191
2033
-4083
-4695
-2676
1973
-8114
-7482
-5454
-3055
1303
9257
6650
2882
1880
-4545
-445
7052
-9992
-5017
-3562
5660
2956
7956
9297
-167
5538
-5237
8849
2646
1396
-1107
9446
-4178
-8356
-1390
-5397
535
-2384
-5767
-7561
-7398
2104
-7222
-1909
3064
2493
8258
-3823
-7566
2502
-4042
-4100
-3935
-5999
3558
-9567
-4637
-7934
-456
2203
-7711
8839
1014
-9032
-4549
-4925
8383
-9313
-5215
-6641
-4691
3182
-2548
5362
5249
-5860
-9117
6517
-3705
-7191
8296
-741
-6497
-7324
-3100
2798
5693
5280
-5503
-1088
-8127
-7746
-8167
5866
125
-6547
7272
-6007
-4797
-1667
-7172
-4266
1193
-4670
8785
5254
-1191
-6294
5763
-7073
-5446
3212
-4957
6787
8709
-6140
9701
6155
7759
1952
9126
-2340
-7067
8080
3768
-2377
-7605
-1661
-8510
-9810
-5819
-486
720
-6743
-1417
-6661
-3321
2935
3408
2243
-8433
6436
-3019
-8289
6603
1117
-4574
-9303
2350
5031
5098
-4005
7849
7447
9377
-2821
4951
-1521
3714
-2352
-6978
163
4930
1163
-5882
730
1575
-5175
7839
6902
7310
-4613
7806
311
8713
2342
1808
431
9062
-1150
9461
3229
-4226
1648
-5746
3158
-6755
6346
8802
4790
803
4390
-5286
9449
9562
-8081
-8653
-8060
-4763
1860
-2291
6720
-7824
-345
4401
-3345
2346
-8495
-101
8331
-2762
-1833
2834
459
7712
8413
8842
-3302
-1194
811
-1674
1595
9788
-5798
6751
-7886
6630
-216
-1950
-2944
8162
-3824
7074
3417
3680
184
-8941
-8828
4530
9460
-2379
-9055
-4435
-2535
-8370
1743
6165
9738
5171
-5243
5702
-5136
-4938
-3163
3574
-9725
-474
3723
2665
2948
9683
-8727
3734
-9563
4081
-8705
3155
-5260
-9553
-3836
-3721
5092
311
3367
5340
9019
6959
-3084
-7176
-1278
-9766
7845
-4337
-3538
-4907
7823
2693
-4653
-5268
640
-5825
1647
-6211
4831
924
-2175
-3671
2718
-609
-9498
1518
-8561
-2962
4922
-9899
7799
1847
1147
8199
-356
-3894
357
-7237
2260
-8261
4330
4177
-7198
-8095
-913
8670
8206
8673
5156
43
-8423
1077
-2377
-1731
-7637
7749
-3362
-2761
-7415
-3219
8294
3130
2979
7279
-2596
6601
-5601
-9827
6054
6607
6200
-2558
-6651
-7778
-1545
-2874
7852
5710
-5163
1060
55
7460
9415
4378
-1995
-8698
-1142
-9420
-1000
-7585
-9606
-6976
-9059
4731
6459
7064
-1413
-4865
-5747
3459
3419
3378
-6276
1700
6360
4171
-4589
-7485
3397
4734
-8838
-9903
6722
2260
-1239
8410
-2543
-9346
8310
7850
-5853
-3019
-4547
9727
2508
2739
4427
6508
6956
-4718
3293
3895
-6405
8891
-7218
-4557
4264
-2987
1554
947
6006
1481
8331
-8977
-6788
4272
-2603
-4414
2795
1505
-9941
-2899
9150
-5011
1273
-3007
1481
7521
8905
-4382
-2377
1728
-7657
-7414
-7194
-4601
-2217
2270
-9137
3596
-7446
-5360
3594
-3763
-3944
-7760
-8088
-5030
-8259
6575
-8464
-7461
-699
-9155
-2650
-705
-3187
2451
-3373
-1117
-4359
-3829
3312
-6242
-346
-9555
8641
-5978
-6500
-9132
-6798
8623
-644
5780
9560
1360
-2744
-9062
4175
-4707
-9224
7818
-755
-9236
2982
-6489
675
-8292
6594
1630
-7859
5517
4482
-6355
1402
-4646
-8787
3932
4805
9923
-3816
4269
-6313
-1221
-719
-5268
1678
5748
-3034
6005
1805
9915
-9827
-1879
6559
-2573
-8453
937
8845
-6537
-1938
-328
-4780
-1554
-7558
8159
-3187
-8161
1010
-7618
-5398
3777
6231
-6717
1094
2296
7335
3687
-2440
-355
3472
6083
7251
-535
782
942
-5769
-9939
-5626
-9279
3333
8880
-9001
3696
-4353
-9476
-6340
-6857
-8386
3621
7476
-218
1263
35
813
5757
-5655
-2133
254
-7424
-5236
-8646
-5149
7555
-5646
8968
2455
1495
-2913
-4933
-3031
-3323
649
-11
-4359
-4347
-367
9418
-1614
4724
583
-592
5309
-1834
5483
-581
9956
4506
-9802
-2146
-4387
7950
-9707
2228
9359
3709
8058
-3201
6776
8125
1985
-3466
3577
1514
-1585
3547
-8768
-379
-5213
-7788
-3199
4518
-5554
2376
-7162
-698
2707
-6679
4241
8894
5645
2822
-6425
4978
6090
-9965
1120
3425
-8538
-8632
-3402
-487
-7278
5931
-6652
-8188
7075
2664
1231
-3181
-7252
969
-3850
-324
-2909
5251
-9471
1713
600
-8553
-2917
-3610
5865
-6057
9432
113
-1326
-4791
-1075
-8765
5999
-5872
7700
2060
6476
-3358
1326
-6641
-6351
6471
-9792
4032
-1644
-568
4834
-5136
-34
-3766
-8523
681
-5768
9429
-4323
-8613
8823
-3206
-8077
7294
-8738
9842
-3346
4542
3070
-7216
-6970
8424
-8740
-3152
-3955
3013
-7209
-3111
3670
-5850
99
2390
-6768
-345
4366
-3710
9863
-2802
4622
-2094
-7133
-5904
-9932
-4771
1655
6945
-6011
-7332
2913
1275
9083
9866
2235
-2322
1675
4123
3890
-3558
-793
-1779
7519
3175
-4545
9505
-1644
2393
-2789
9878
-4528
-500
4193
-9989
-7713
155
-8936
-1027
6135
8908
1143
8151
6145
-9291
-6032
-2295
-281
9407
5326
2215
8164
-9259
-1989
-2851
4124
5413
-6971
6040
3304
-3989
5763
-9242
-7779
2120
-1564
-7402
-4339
-7929
1079
2146
-5396
-5994
-5271
9303
8246
7942
-3980
761
-3565
7691
5433
-460
-9852
4250
6859
-885
8071
4429
7948
9125
-4037
-2880
2497
-4018
6945
3071
-7240
9728
8150
-7826
-3662
-3492
-1158
-3427
5212
-9769
-1594
9443
-10
4941
3125
-8461
3311
4746
8434
8370
5385
-6940
3495
7658
2092
-1557
-4963
1951
1743
-4985
3859
5306
-5430
-1364
-9399
-9455
-5254
7932
-608
4044
8994
-9316
177
-7033
-4370
3788
-3997
3611
-4061
-190
1750
-6895
4993
-6468
7572
-5550
-1097
-5563
-469
-4304
-1505
-9551
6352
-6693
-3277
4874
6333
1029
-3095
-7887
206
2630
-6853
-4604
-8924
-4074
-9505
5256
-3479
7035
-6482
-35
772
4702
6105
934
-2715
2909
9384
1255
9509
-1974
1346
-3366
-4253
4560
-8479
-5998
-6585
4152
-6440
7156
-7700
-3929
-6531
3373
1025
-7847
-8746
2153
5638
-9055
-3459
-5175
-827
-7514
7429
-4281
4009
-5933
2076
-9750
-715
1787
-4482
9521
-6193
-4428
-2715
-4014
8992
511
216
2424
8441
-3485
4653
333
-7323
-734
-7567
5848
3492
6860
-294
8949
8777
1449
-5433
-612
-1110
-8641
6496
1430
3301
-1257
1830
8534
-6394
-8363
5509
-16
-110
-2351
128
2098
-306
667
4398
7529
-1782
-349
741
1385
5186
-6744
5013
6529
9360
234
-6853
-8409
9377
-5270
-2228
8263
1151
-6584
-274
-4534
1025
6454
454
978
5994
1880
5183
-2773
-667
938
-7606
8374
4847
-9622
1250
5419
-5315
8769
-7408
-4356
1363
-9647
1781
-1986
2459
-4337
-4078
1479
-358
-4013
-8739
-9284
3543
-8011
1435
-3612
3396
2482
1534
-1364
-721
1184
-5610
7981
-1909
9750
6231
994
-372
4742
-9836
-1061
7266
-1175
5143
7670
-3298
269
9656
-2928
-2047
-6388
-471
4284
-3319
-4613
-866
4629
2918
-8853
-3320
6725
-2414
-4648
5021
6106
3311
4940
9130
-4908
121
-5090
9933
-3697
7209
8290
-6452
-7158
-5529
-1744
-708
1221
-4723
6133
209
4216
6363
-9920
-5229
1350
-9739
4465
-8978
-409
-4058
-2585
-1862
-9088
3372
7423
2749
-831
9332
6566
-2379
-5903
6104
5024
-6186
1142
-5864
-2489
-5236
-9915
4680
-9779
-5332
-6901
-5239
5382
-5763
4844
7373
5660
-9985
-2094
9565
-1421
3630
-2211
-138
-4828
-4540
1526
-1068
5608
8466
-9270
3485
4676
2722
-6239
350
-8748
186
-693
261
-9793
3475
-9059
3402
4286
1778
7592
1889
9228
2431
-6129
-7501
-280
-1859
6497
-6780
8294
7600
-1734
9306
-2641
7894
-8285
1058
-6819
7475
247
6491
2529
4690
-440
-6780
-3759
915
-7251
-5063
6526
-6827
5832
4556
3927
6531
-7527
5054
7727
-6838
7161
-954
3420
4209
693
-366
2974
-6642
6836
-7545
-3874
-636
3455
-477
-8596
9650
7458
-6799
7761
-5378
-9563
-1304
2689
-3181
6118
-7576
-5635
4085
3645
-7949
-3156
-3862
324
-1955
4762
3495
7124
-4828
2473
-9521
-8653
1142
-9732
-9460
2126
4469
-7593
-3194
-6604
-6754
-2355
-144
7261
-9565
8651
-3466
-2385
7602
-4092
8670
-4392
-3256
-2226
901
-1898
4787
6783
2690
-1940
8111
-6828
-3036
-7221
-2433
-4151
4270
5150
6782
-4263
5890
-912
1494
-8946
4684
7551
-2700
6346
1266
7736
5481
-9542
450
3884
9007
9915
8196
-9490
-8065
9292
4080
-2092
1529
-9040
1958
-9801
-5113
7509
630
453
-7229
-7142
4703
8289
-7661
-2390
-7111
-8920
-7855
2664
7413
-673
9605
3578
-2199
9305
4118
-1386
1219
8558
-5046
-8492
3671
9402
3635
5496
-337
-4210
38
2715
-6692
5461
-7042
-6912
571
8525
8439
-744
-1480
-2774
-9115
-9600
8885
-2751
7662
-6841
-1838
9258
-3387
673
-9312
1675
6798
438
-5385
7977
3811
-472
1379
-1226
2579
-4297
981
-8138
2845
-6106
144
1703
-1615
1777
-1442
1223
-4218
-3641
-2035
-3816
-198
-4855
-3201
444
6707
-4454
1939
6291
5037
6634
7365
-1457
4224
-2219
-5798
8329
-8113
-4399
5259
5963
-5289
982
5666
-7113
2871
-3244
2071
1940
6824
-8763
9870
-7283
8310
4355
4864
-7701
-6567
7661
819
5776
-2480
-8254
8664
-6686
-5347
5257
9888
-3312
-820
7104
-1768
8467
-8385
4086
6457
-5251
-2125
1033
7432
3585
-7186
551
2595
8128
8481
-300
-9938
5309
4777
-228
-6037
2527
-884
9083
-2626
3911
-8685
-3369
-4292
9584
-1082
-3482
807
-9533
6041
6783
-5723
3074
-7982
5538
-5858
-5167
-9062
5627
9256
4109
8304
226
-196
6306
1198
7757
-2163
851
-7945
5916
-162
-3937
-5449
8865
4305
3115
9974
-93
-8897
-1493
6836
4095
-4957
-7503
-2880
-8082
5080
-8239
-2789
-2757
4064
5689
-6865
-5431
-5829
-278
-7889
-3224
1089
4437
-6474
3413
7359
-2172
-5061
2485
9167
2395
4484
-7451
3344
-5765
-9813
-5835
-2670
1606
2121
3044
3948
9935
-4082
9427
-962
147
-1086
1736
79
3728
-4612
-3731
-2496
8735
4448
-2502
4571
-1891
-6637
-390
-9997
-8623
-8802
2522
-2131
-5399
918
2952
6208
-7189
-7747
-331
-1035
9113
-4066
1567
2260
1830
-5740
2840
9626
5141
-2395
-7583
-2800
-4476
8232
-2535
7420
1888
4159
7193
-605
1174
5342
5087
1319
8783
198
2539
-9887
-2122
-1963
3761
314
-947
-4786
-3827
314
2713
-1767
4487
-2299
6485
481
-235
4405
-6197
-1749
-9383
-6792
-6084
-3387
5138
-114
-4821
-1195
-7424
-1862
-8388
2452
4910
-9202
-231
-9084
9825
8064
-6327
-6065
1968
-4025
-6271
-3957
3497
-3180
6641
-7006
6461
5906
-8671
-4007
5034
6984
-9018
-8582
2871
-1505
-7983
-283
-4707
-7159
3598
-9636
9852
-5787
2700
821
3199
-7606
-462
-8880
1671
-7397
-5639
7854
2120
-1551
-4032
-6894
-3595
287
-7465
-5304
6440
6760
-4673
-275
-1068
5088
-9777
-4035
-990
4126
5834
-3496
3464
7733
1139
2856
8135
630
-8504
-2327
6860
-2141
9370
8104
-3037
-516
9969
-3128
7698
2898
-4570
-941
359
-152
9244
9154
-909
855
5282
699
-5992
-253
-6188
9172
-4928
2199
2686
9580
-5605
328
3482
6966
-9530
7786
6703
8154
4905
-4381
-7861
-6262
-6077
7987
-5165
2135
-5247
-8280
-4689
4161
-891
5235
4796
8873
-9155
2300
8386
-6956
-4113
599
-332
3730
8188
-5713
8668
2398
7236
-6818
2471
6097
8002
-6752
-7958
-1810
-7350
9797
9069
-3621
-4971
-3699
4862
3523
-4076
384
-9706
2290
-3941
-2942
1775
-9698
-4929
-3492
7209
2857
6459
214
4441
-7840
-5310
4070
8243
2307
-8874
3544
-3477
-597
-146
-2765
-2661
-7797
-120
3808
-3367
-3235
-9792
-8647
-1
7608
6770
-7719
7871
-3070
1191
9675
-8637
-3604
3380
-8715
3913
-2137
-8016
7527
5262
8530
1225
-873
-4610
8293
835
-5716
-1720
5636
-7682
5038
2333
-6078
2723
-4491
-4422
8003
-9935
-8023
-7479
2096
130
-4799
4724
-3322
1856
-2950
8682
-8873
-2871
-6435
832
-9240
-6097
2438
1381
5471
-3018
9693
46
8036
7356
5435
-1705
-4971
-5878
5198
2265
-8266
-2148
-1848
-451
-7276
-1221
-4850
8049
6061
6172
-9111
-4230
-5261
26
-7655
-6292
-5734
4567
-9914
-7137
-3317
4294
3926
3286
6417
3012
-9411
9091
1599
7682
549
2434
-7677
1755
-4819
3164
6188
-360
-8829
-7239
3990
1967
8254
1727
-3848
-5235
8714
-815
-3616
-9731
-6966
-3700
3751
-6480
1912
-1004
8971
-646
6727
-4974
-8872
2647
-6485
-4712
2850
8660
5511
9579
-8111
1447
7051
-1012
-902
8259
-3080
3318
8981
723
-1702
-7617
7453
5828
-5814
-2869
5026
4379
9762
3060
125
9920
-2470
-6550
3397
-7585
8104
6201
-5136
-7062
-1845
97
9769
-9577
-4302
4821
-7406
-4053
4004
-5183
8969
7346
-2348
3239
-8274
-8091
5223
-9301
7328
1998
-9085
1784
3387
2057
-2069
-4775
4551
-9687
-6605
-1367
-2292
-9161
-7669
5271
-226
-8757
-8613
-6528
9155
437
-5155
-4294
3674
7325
-7170
-6877
8225
-3214
-1514
-8713
5266
7503
7458
-8908
9711
-2750
1256
-9689
5942
-2916
7363
1282
9623
4726
-9360
3573
9133
5621
2590
-299
-5256
-920
5476
-3633
8474
-4246
3893
-9004
3978
5635
-7717
7846
-249
-5584
7836
-5008
9998
-3155
9303
1774
9345
1549
-4532
-5981
4218
972
-112
-3096
7244
-3892
-2708
-4061
-3750
-9213
-4760
-5897
6955
7409
-4383
-5115
-4019
5843
5237
4812
4002
-315
5891
3152
-1979
1411
3129
919
-3055
-4986
-7685
-8645
-7899
-9150
-3760
-4222
-74
-368
247
-7905
-7285
9400
111
8896
-2029
1927
6015
-7472
7090
6708
-2463
2599
3144
-548
-6764
2116
7554
-9685
-4413
2446
-2785
-1989
-6360
9187
4864
-1443
2748
-4314
-6783
8000
3829
-8960
-6075
360
-7270
-8381
-2702
8387
5223
-8573
1077
5503
-2014
2294
5366
6563
844
-6410
72
-867
-1740
-6565
5361
8735
9172
-4692
4886
-1304
-6607
8078
3560
-1181
9665
3211
9728
9289
8497
-2357
3644
1227
6927
5366
-856
4846
-528
5004
-6736
1608
-7499
-9375
-3752
908
-9553
871
-9965
7907
-7724
-7477
2549
1912
4841
-3346
-2665
-8554
-3970
5517
-2370
8094
-3799
8003
1255
-700
-5118
7393
-8117
-3329
-7952
455
-3138
-3625
62
-1870
1304
9070
1162
-9120
509
7406
8891
52
-583
-3380
-3667
-8957
1850
92
1675
1697
4396
1520
-9798
6522
3173
7011
-6259
-8595
1961
-5483
-4882
-1701
3761
8038
-2429
-6069
5108
-9761
5403
-2566
6448
-626
1603
-1425
1760
-1897
-6969
3878
-5172
8828
5038
-37
6203
7657
2372
-6165
3451
-2572
7195
-702
5887
8101
-1713
-8924
-1272
6935
-2167
2768
3333
2405
8941
7645
9168
4957
-875
-8291
-2692
-8625
-4679
5308
7064
253
3522
-1644
8219
7471
-7196
-3306
1104
5803
-9006
9675
1397
980
-1909
2795
3757
-7262
263
-769
-6133
-595
4932
2586
-5201
-7878
-1811
3773
8671
1736
-3140
-4339
-2958
6810
9294
-5438
8499
8000
-7759
-3522
-4575
9716
-2043
-7404
9592
-7754
8568
5949
-9174
-1385
8581
5026
2058
-4364
8065
-2063
-1447
-3750
-1951
-2444
-576
-2530
-6652
-7751
-1615
-5988
-3230
6322
8717
-5378
-406
102
3996
-7000
8593
1889
-2994
360
-6383
-7909
-1916
-8969
-3997
-5365
-6546
-8894
1651
-780
-315
6269
-4156
-8774
9633
5711
-5901
5672
-9419
-4771
-7651
7425
-1816
5446
-7036
-9848
1259
-936
496
8336
-9505
3179
-3785
632
6803
7008
1044
8739
7216
-1993
2536
-3753
1525
3071
2266
6408
-1820
7444
3366
-2849
9457
3522
-1515
159
-2658
3568
5627
7420
-1030
6683
7552
-9867
5033
-784
6721
9284
4500
-8285
3878
34
5763
6994
717
1425
-6768
-1177
3430
-415
-1369
-6192
3205
3504
6953
7423
-5598
-3358
1923
6429
-9971
8727
9954
-1005
-8532
-4130
-4255
3109
8295
2284
6824
-1181
4985
-6215
-4970
-7698
6501
-4841
-256
-610
6895
6189
-2536
-8761
1486
-7606
1309
6912
-6529
-1087
690
-815
-5833
-8650
6841
-7891
1851
-7825
-6688
-7585
8085
-5736
-3555
7365
5471
-2742
4333
-4771
9938
-3001
-2861
8991
-9117
9194
-7733
4663
7687
-7341
2372
-6851
9052
937
4569
1177
8696
1087
-9560
-7814
-3953
-6090
3559
7947
416
-5905
7067
-2465
1117
1782
3448
6265
4638
8305
-1825
-9173
-9310
260
7324
-3158
-4774
-7313
-9168
9530
3569
9757
9402
-266
-1943
-7246
6295
4332
-7316
-7889
6932
-2022
9538
-5761
-9015
6543
-4263
6172
8205
-9488
3614
995
2442
5310
-2562
-5162
7186
3298
-6836
1735
1387
5168
-5931
-5886
1478
-7809
-4568
6158
5420
5874
-8602
-9101
-869
8942
-6605
1330
-3615
4395
4579
-1582
8973
-6704
-6894
7383
5923
-4745
1167
8146
3410
8434
2103
552
-3992
-2827
5925
-8434
4668
9305
-8422
-5114
1657
-9871
2730
6638
-1405
6450
3086
-3324
-9520
-2485
8407
4303
-746
-7890
-4465
2522
8348
-6055
-571
-4150
-9171
-6604
-8473
5741
6865
7160
9634
1651
-4631
-8107
3441
-8962
5917
4108
-5809
9689
6950
-1066
4433
8422
-2602
126
-6360
4079
9913
9243
5988
3491
608
533
8678
-7384
5114
5056
3368
5902
-6627
8420
4745
-5355
-8971
802
7858
-3969
-5795
-689
-5072
-4002
7223
1468
3205
1100
1017
5047
-9670
-7582
4275
3870
-5723
8430
-7121
-3985
-6604
2668
-6594
-758
-4056
-7078
-3729
-8415
-7501
8419
-441
8940
4454
-1552
-7608
7408
9699
1986
-957
9381
-9249
612
-3055
-6000
-3755
5967
-2057
-2690
-1705
6707
-9672
-1090
9112
3260
9756
-1914
7165
5336
2522
7364
7593
8428
1446
8271
6798
2058
-2450
-5615
1466
5935
-3258
8552
6783
8182
8337
-551
3188
9188
-3346
434
7886
-7993
761
-3892
-5373
5403
-7413
-8445
-6325
-9033
4690
-5764
1408
4628
5398
2085
8591
2412
8126
7985
-9110
-8872
-6714
-2658
2524
-6683
597
4276
-3198
-2891
-8490
-7974
9127
3673
3128
9210
8488
8729
2227
623
-2570
4367
6279
1820
3790
-4358
-9585
6103
8174
-3012
-7014
9726
-2459
1423
2284
7952
-8497
-2538
9232
-7432
-1857
-6223
7000
1341
-9435
-5919
1956
-1803
-6662
-5067
-6110
-5982
8761
6979
2192
-9493
-3215
-9886
8935
8805
627
-5330
-7020
240
-5866
-9082
3781
-2225
717
-3172
1598
-7594
-558
-8449
-2578
2553
6491
-5050
-8282
-4744
-4611
7567
1314
-4362
-5754
-3510
7175
-8914
4202
-8505
1854
6266
-7682
4276
-9897
6644
-2464
2103
-5051
-592
5231
-5748
-6687
7426
-3156
7352
5267
-8385
4648
-5505
-4939
4643
-5298
6148
-9008
4903
-5628
-9762
150
5961
7278
-8621
7440
-4240
6961
2025
-7729
-7712
-5319
-2253
-3687
202
-2217
-9101
8984
-6173
1005
7965
5670
7730
9922
6052
8112
-3114
-1093
4191
3190
-1543
-3701
3113
-4150
1123
-2075
-8454
-277
-6482
8597
-620
-2364
6794
-794
-5324
-3132
5576
5302
-188
-8638
4463
-4302
7348
-5100
-7009
7148
-817
5403
5452
-7501
8220
3212
-1308
9191
1695
7862
-5382
-5045
-957
-6031
-9838
-8849
-2249
-7057
5192
7008
-1539
7400
-7096
1387
-4406
-3055
4744
7076
-8003
-7105
-1651
-7629
-4291
959
-3811
8139
-4942
-8314
-4747
3601
-4943
5208
-2805
6407
8397
-3485
8125
-4744
-2266
-3681
-5333
3975
-1431
-2355
-6445
578
-4099
6601
7959
-928
9360
4912
-6386
3244
2520
8365
6390
81
-4155
-6844
4819
1954
4534
-2305
2452
-3412
-643
8582
9699
-1083
8610
3441
6922
3175
-3640
-9410
3964
-7840
-9222
-4409
7199
5551
-2953
1915
-9759
-2177
-3001
-4637
-437
4071
9646
-584
-5946
8337
4755
-7811
9608
6632
2863
-5970
4204
-6331
9638
-7186
6051
-1187
2035
-6764
3113
-5591
-8498
-3160
-6529
-4224
6259
-6164
4313
9327
-241
-6798
-7332
-6308
2808
5799
5610
6125
7417
3689
4202
-1058
-6984
-8460
-2441
-6833
3010
695
4662
-5731
3980
-5279
-3918
3081
6769
-3807
-1080
-4515
8268
-1651
4092
-8832
-6697
6088
-4438
2521
9290
-233
2225
-4098
1072
6727
4195
5724
-39
-7697
-3441
-5970
812
-8347
5424
-7497
-6796
75
-4575
5515
-6365
-8924
6698
-198
-5817
-9247
1533
-8865
-9648
4981
1147
8474
8583
-5538
1627
9337
1780
3693
-8730
6741
-2147
4401
-9280
9989
-8841
-263
-9739
-9672
-7534
2578
-3130
-5713
-8384
6285
-6804
-2985
-8927
9619
-4725
-8310
8316
-3989
-387
-5517
-9974
-6237
-701
-9884
2037
-4695
-4182
-959
-64
1168
4305
817
1668
-7233
-5460
-6117
1597
-1026
7917
-2700
3
-8577
-3732
4600
6860
-1858
6766
5530
-794
2179
3543
8796
-1728
6658
-2058
-674
-9962
-8169
-2206
-7066
1729
1956
9113
900
-7905
-6991
8887
-8338
-1670
3777
5563
-3160
7726
-7613
-1553
5306
8984
-1102
-529
-1651
7289
5134
-3028
5761
4922
1828
7982
5133
6561
-7797
4762
-7551
-9510
-8135
89
818
-7616
-3566
-6899
5713
3865
1507
5786
-8836
-7331
2353
-6762
-4313
-1990
1977
226
6129
-5270
4256
-5724
-4239
-3179
-7173
-7581
4315
4260
6225
-7663
7643
1828
8068
-6046
-4356
-2401
-897
-6309
-2350
9709
-2638
496
3396
3596
354
8932
-642
2738
4830
-4432
2757
-4075
1152
-6171
-8707
-1949
-8064
8876
-405
2007
-6844
-2231
-4342
2061
-1152
-1183
-5068
-5733
-9852
7163
-269
-2695
6475
4281
6927
-3227
-1445
308
2212
-7011
6305
-8683
1075
-7638
-5313
-1412
5529
4866
3143
4409
-6807
-2659
-2263
6057
-8955
-5900
7465
7720
-3173
1224
-7926
-4607
4904
-6261
7923
1211
-5855
-2777
2462
-3614
4397
3751
7826
-1261
-6164
-7344
2856
-3583
-3340
-3636
2014
-6551
2178
-7813
-765
8752
-9767
-2913
3095
-6465
8489
9930
-4700
-409
-5121
1576
-2765
837
8725
8243
-8925
3239
-9663
7126
1673
-2162
-2082
3010
6524
-7539
2392
-1617
-260
-8120
8563
2351
-8096
6558
-2238
7963
-5179
1568
1805
8212
-2615
-3939
3800
-3084
-6260
7959
459
8488
2752
-5780
3372
-757
-3694
1284
1323
4017
-5443
5465
4313
295
-3951
2947
8059
6281
2668
4579
-1304
7891
4337
-4327
-9818
-1096
8232
6113
5640
5426
-8238
1702
-4850
-1051
4028
5034
2316
-5302
4610
-768
5192
-3102
-2600
-505
-6716
-398
-2964
53
-28
-7701
5122
-4035
-489
6824
-619
5095
-9686
-3467
-6787
8544
2560
4456
7766
-840
-2611
6690
3593
9291
-813
9831
12
-8188
-4209
-4602
-6125
9014
8173
-2369
7943
-997
6187
-4721
8059
-9165
-9887
3819
9049
-2985
8642
460
-3742
-6816
7420
-9925
7872
-7926
-541
-214
3516
2303
4006
3522
-2714
7714
-5760
1688
778
-6094
7398
1053
-7286
4262
4412
-932
7713
-2148
-7558
7663
6337
-7480
-2076
1323
-8062
8663
1120
-8844
-9011
9884
-9396
-1130
9719
-2879
-6270
-3685
9664
8013
-8452
-2747
2016
-8206
1036
8426
-7498
-6964
-7256
-2026
8072
-2105
-7809
6830
5595
4095
-448
-777
6194
8178
4293
4390
2483
-6262
11
3794
-6211
5932
1247
7210
6315
-3499
-9664
6517
-9592
-3262
6868
-7293
-1963
-2563
-9106
6044
4908
-2213
1113
5277
-8723
7069
-9347
4367
-5886
-9979
-1750
-8249
-2776
-2859
6121
-7443
2844
3670
-6130
-2941
-6571
-3865
-3095
2376
7141
-6923
-5268
-4491
7814
-1517
2393
1241
-1036
436
-9371
-3480
-7188
5332
4771
2517
3118
-9498
-2184
-6459
2088
-9827
-6603
-9877
1019
-3666
4400
5517
-8203
-7137
-5729
5939
1742
-5226
-446
-6731
2509
7416
5475
7749
-8609
7930
-3482
5252
-9270
5638
-855
-6389
2657
-5456
-7350
-1393
-4473
-2386
1398
8162
2666
-9871
2372
-3330
9955
4781
3036
-5649
8744
-5729
8293
-4130
9091
-4810
8384
-1355
4746
-3150
5280
2770
9062
-1008
-109
-2522
3207
-1049
-5603
4736
985
-5354
3016
2231
2902
966
-9223
3672
-6344
-3312
-1823
343
-3947
-2940
3169
-4917
4548
-5696
1061
-351
-8980
-6679
5033
3417
6827
-729
5391
4754
-3536
1645
-6306
6921
-2955
-8929
-3899
-4851
-6815
-9480
-2624
-9116
-9646
9301
3598
5607
-3521
9350
-7643
9600
-6897
-1590
-9959
4677
6134
-7862
-8747
7521
-5938
-6866
-7110
9817
2927
4722
-2864
-2306
-390
9153
-6640
-6104
-9264
-4029
1055
125
-158
7946
-2446
85
-590
-7874
1085
5066
4186
-3161
-8868
155
930
5015
5570
-9641
2321
-3217
-3069
4243
488
-5783
9195
-7325
-2310
-4280
7943
1398
-6532
5280
849
-3527
5172
413
-9509
2194
-5175
-5918
8095
-9489
2896
5903
4482
2749
2727
-3978
9913
2253
-1794
-7946
-5306
-5092
-7099
-9136
-2934
6943
-1742
-5813
-6951
2421
8102
-755
9824
-6755
-6606
-6982
-9917
-5959
2009
4432
9506
-5032
7483
-4211
-3226
-839
5948
-5738
3446
-7387
9366
-9475
7619
-2507
2503
-2968
-1764
186
4787
-4173
2447
-7306
2584
3400
1449
-3809
-1594
9073
4564
-2233
9855
-1519
-9714
-9547
-5709
-4227
4006
-3874
2863
-4367
-3214
-9296
5317
-6003
-9266
-1215
-9240
-512
3943
4710
-7401
313
-2135
-8738
-8049
7884
-6490
1939
9870
-2714
5690
4203
3740
4858
2197
-6057
-2279
-5300
-7246
-6077
-2931
7107
-398
-7809
-8971
2957
-7883
2049
-178
45
7431
5882
-5776
2969
-9534
-3711
-7258
-2536
3857
-9571
459
-1752
-3818
4440
4847
-1240
3232
-6473
3840
2667
-1382
-459
-2907
6361
-6095
-4553
9180
808
-3400
4223
-5827
6722
946
-4151
9043
5594
584
1309
604
-6755
-7755
699
-7064
8397
-4971
2393
6936
-309
9649
-7453
-1816
-2263
7112
-7842
-5984
9594
7413
5293
8666
8315
7366
-7291
6952
4466
2864
-1497
6326
-2635
-4233
-6018
5827
4404
645
-2307
-9857
6128
1650
6940
6138
-7994
6304
-5655
-1311
5778
356
-6099
5167
-8590
-1455
-7054
4023
5272
6674
-6488
-4543
-706
7491
7366
-5896
8304
-2085
-2673
-1437
-3680
-2036
-1463
2552
-2441
-2240
-5713
-5262
-8839
-8256
-456
-5229
7552
-6780
-1861
7097
1707
-1957
-5769
3119
1806
3098
-2769
8424
6458
6894
-9245
-8461
-3607
-6811
-9337
-7450
227
-3953
-5402
8421
5779
1827
-1313
-4566
8262
-6559
4519
2991
-1175
-2830
7771
4642
2116
8562
4401
7402
-1433
-5330
-5810
-2130
2431
-5340
-1596
4572
4692
-6432
2
5879
-227
7427
-1614
-7126
-9546
4028
-8885
8671
-7531
3418
6096
1653
5754
8003
1959
1294
-6965
-7133
-8350
2095
-358
-3025
4835
-2419
-7926
-1225
7996
-3781
-6548
-4747
1020
2356
7392
-6262
7630
8328
6375
-518
1941
-501
-4504
5283
3211
7252
9326
3240
7456
-534
-6265
8057
-962
2050
-5132
-5783
-5544
7134
-5753
6102
-6810
-8836
3177
4340
3509
-3095
-8321
9846
8655
3151
-2066
-392
2351
781
3606
-1058
-3434
-1481
-2783
-2099
9307
-8977
3032
-6951
5884
-3131
6616
-3961
139
-8154
1980
1631
-9926
-2649
6190
8546
7018
-3880
8992
-5110
5633
9114
-6725
6464
-9116
18
-4520
3946
373
8913
-6094
7515
-7780
5100
5288
1595
-5403
-7031
418
-1413
-9621
3203
-9211
7426
8406
-7699
-1842
-3777
-2512
-976
-2105
-4693
1046
-1927
-1932
-7220
-7231
-5705
-3504
8303
1945
8402
4891
-175
-4830
852
2896
-7505
6789
6827
5398
-3737
-9234
4863
-9827
-313
1377
1096
1536
-8265
5135
7979
-7230
-1812
-3607
5933
-2620
3207
-6321
2919
-485
-4605
-1842
338
9613
5579
-8998
-9886
6906
-9319
1205
6227
1813
-1209
2565
-8145
4843
5175
480
-2556
-4201
6006
6754
-7688
-6415
-6559
5537
2623
4681
-3870
-6705
-8719
5158
8707
-7434
4958
-6615
4614
4382
-5108
-1942
-8084
-1504
7114
-6032
6214
3392
-1122
-9590
5036
6461
-8682
-6175
-1403
-363
7719
7467
5112
2538
-5751
-5521
-3979
4677
-579
-5443
7977
-9322
490
-3519
-3758
-512
-1227
-6568
-775
2434
7225
-6075
-5946
-4707
-4506
-8797
3273
8047
-6861
9455
-9692
-4296
7362
2313
7784
-3647
-5025
-2405
-1744
5683
-3247
-7162
3042
-8989
-7050
-8312
-7396
9840
4651
4411
-1370
-4935
922
-6658
-1871
-9478
-8681
-6870
282
-362
-3785
-6867
-6385
-204
683
3866
-1322
5422
7151
-9476
-2852
8072
6671
-9733
891
-5727
5367
-482
5887
-627
4860
-9184
5607
-3372
-3470
6441
8574
2398
5965
-2207
4097
-5303
2786
-4009
-4054
-7074
-4324
-8315
-6200
-9865
-8334
3115
4810
6787
3552
-8469
9567
-8494
-5861
-3613
8178
8735
-8304
4055
-6901
9140
-1008
-5654
7280
3689
7734
2558
-6244
3324
5314
9733
9434
9282
6774
-7577
8731
3742
8719
64
614
-8818
8534
-8566
-2699
-5895
-9993
9973
58
9619
959
3502
-4068
-2635
6027
-9469
-8685
-4426
-4215
-3519
-9367
-6918
-955
8261
6436
1205
-1032
-4982
3944
-8771
1151
1655
-6849
-326
3354
-5495
5460
8621
4289
1299
-2545
932
-5256
4209
-3263
5012
5456
7918
-2813
7448
-5282
-3408
-2033
875
325
-8327
7237
-8528
-1200
-4579
-9484
-6666
9014
-1292
7501
-954
4446
-5634
-9538
6276
-6507
9880
9899
7006
-1353
4300
-3504
-764
8570
-3792
-849
-9993
1685
-3421
-3712
7573
8736
-712
9036
-3418
-6183
-3431
362
-4273
-4476
1757
3822
-3682
5796
7406
-420
-8094
-8985
-5284
3957
6108
-873
9694
-7122
-2922
-9146
-8558
-1057
7562
-9219
9913
1814
-9744
-3619
4013
-6443
-2332
1935
2142
8878
6240
9284
8423
-4951
-4069
1568
-1913
8575
-7167
-2534
-2562
-1903
-7139
482
-8629
-746
-9149
-7106
-5174
-5786
-1403
-2269
7248
5373
-2567
1128
6882
-1131
5182
-1412
-4614
-9776
-8869
1545
7469
2083
4267
-8243
6357
6393
7049
6204
-9242
-7118
-1925
176
-9996
-487
4886
6952
4184
3376
-852
-781
2047
7096
6867
-6646
-2403
-3776
7093
3211
5908
-4414
-7876
-330
4535
-6632
-7602
-7850
7272
-77
7399
-1759
6152
-4057
9826
9773
-1466
9302
2583
-9452
5465
4223
-3849
-2511
364
2467
9769
-9673
5077
5811
-9815
-7076
4520
3006
-6108
390
8451
-2191
-2036
1955
3349
-1819
-877
2897
-4815
4065
-4395
6044
8116
2839
-1559
-1548
9859
-7798
-9442
-9929
472
114
5039
-5424
-2867
-7787
-1717
-2936
-8027
8064
899
2380
5573
-3162
4983
-3943
-3470
9765
4865
-3756
472
-1450
7036
-7854
5469
-9794
9773
509
7683
-2124
-8913
-5112
2865
7702
-176
-3533
-3626
-3843
-2970
4754
-8607
1979
5734
-3382
9338
-7037
1717
-9037
3957
-5705
3760
3313
-456
9413
2121
218
2593
4157
8052
1551
-140
1058
1327
-6997
-5887
4734
-5594
2136
-900
-6804
-1230
725
-2784
-8945
5799
5661
9296
9857
7806
-3903
8413
6826
1105
-3274
8099
103
5672
-6780
-5859
-7157
6099
8519
-8976
7154
-4256
2069
-9982
4639
-7611
7393
-9
-4406
3366
-6770
6844
2590
-2989
1250
3345
3598
7896
-4804
3980
-5992
-9437
3053
1882
-2490
-5259
-658
5296
1196
-5456
-9499
-8124
-5515
-2452
-8335
2329
-1869
7542
4114
-4992
2765
8460
-5708
-1633
-50
-8920
-5568
-5499
4559
-5706
455
6216
5062
-410
-3560
9691
3621
-2646
8648
-8783
-1366
1171
3764
-7767
3625
-6899
-8700
-3347
6775
3453
8497
3612
-2933
-2706
1471
-4597
-1060
-1461
-4620
-6176
-7189
-5158
-5418
-8330
8955
-5375
5666
-8192
597
-8269
9366
3378
1350
4684
2294
-7006
-3845
2133
-1578
-3435
7799
7364
-6400
-9568
-1542
5470
3781
7471
3961
-9774
-934
1358
9146
3343
2782
-2209
-580
8236
-5775
-331
-1199
2867
2341
-6920
1823
-5932
9282
-6401
7805
-5763
-5086
-8294
8097
839
2093
8161
-7951
-8121
-8169
7435
5134
-4351
-620
-8150
4107
5033
5758
-4972
7559
3865
2751
-3491
953
-1728
368
-6603
-3246
6462
7793
5178
-2094
4774
7928
9483
9184
-9237
4112
5998
-8915
5143
1382
-2259
-546
-4942
2355
-4185
9081
8550
465
-463
5091
-6975
3884
-4988
6440
-5578
4150
-3906
406
7260
4025
8133
-3231
1524
442
4693
-9728
6775
-5505
3812
1190
-7166
-8003
1256
-1068
5534
-6243
3063
-8477
4634
5169
-5592
-1754
2527
-5597
4592
2279
3053
247
-9210
8496
-6013
-2867
44
9018
-7648
-3820
-8881
-103
4893
6047
1797
-9860
5450
-7802
-2933
2457
3832
-7966
-1388
-8650
2965
9089
-3070
7595
8985
-9114
5037
-3497
-2514
5973
-5654
-9056
1764
-8067
3850
9480
-5869
-4902
-9508
6445
8992
-1659
-2678
-8758
-6776
8257
-420
-57
2247
9359
-1135
-4320
3141
7772
-2507
-7595
4680
-6947
-3224
-3946
-5045
1647
6000
7763
-3426
3304
-2844
-8043
2756
-5065
1625
4769
2689
7481
-7749
-8357
-9547
9466
7136
-4847
-345
-7403
3869
-9158
-8579
860
8542
-6223
-3103
2940
-8680
788
-888
-7073
1209
-9240
4738
-5776
-2925
3074
9932
-4807
1546
5493
3057
6655
-9527
-9454
7515
4109
-4809
1585
3788
8817
-4632
396
7365
7798
-1674
-1865
5249
-9272
1404
5941
5739
1973
3001
-3038
-1201
-141
2919
5045
274
2660
81
1034
-4069
775
-6589
3890
-8073
2112
-6434
-337
-4227
-6796
-8715
4045
-5495
-3062
8160
3380
3859
-2505
-798
4784
-1094
-5549
2909
4776
-3662
7727
3800
3246
-802
5898
1699
8122
-6949
6413
-4545
-2388
4858
-2455
7195
508
-9438
8715
-3722
3087
8727
134
-1239
-5682
-4231
2934
-3886
9997
3344
6829
-4420
-6760
-6553
5718
-2915
-8689
8136
-145
2102
3887
2890
-2834
169
287
1707
-5785
-3844
6811
6141
8987
5985
-3076
-9904
1017
-3018
1099
5582
-6952
5258
-8918
1949
-6504
9274
4487
3245
2496
6839
-6506
9758
-4080
-3985
-9864
8912
6102
-8451
-6360
2175
-6247
-8664
-6159
-1983
-1698
6409
9800
5845
9415
3744
1143
-5545
-939
-2047
-4293
-1745
5694
7335
-5262
-5481
-8715
-5290
-1023
-2473
-3929
-3692
9687
5683
-1173
8473
7643
-967
-4640
-3373
-2986
-5987
4468
1962
1328
-1153
5429
7326
6949
-8223
-724
-5173
1232
8801
5542
6790
8420
-7223
7371
-1661
-8684
-3341
4600
9465
4677
2722
7390
-4773
9195
-6735
-6352
5459
-8892
-337
-2511
8365
9711
7800
7209
9417
2947
9778
-8748
4015
-5631
3630
-9505
1859
4162
8480
6834
-8589
4459
8806
729
-6354
-9323
3684
2990
6520
2207
-6064
8909
2206
4004
-4244
-1198
-5992
3383
-5880
138
1672
-1273
-7846
-8611
2599
5444
-7601
-9105
3282
845
9796
-6118
-1726
5116
9451
5064
885
-5649
-5228
8321
-838
-9065
4704
3036
-1212
7824
871
-2003
3479
-9968
-840
-4807
8840
-6404
-1274
6718
-3633
-3478
6151
6047
-4878
329
-1459
-436
6808
-4084
9738
-3893
-1550
770
5605
-7287
5602
-6021
8184
8463
-7197
6856
623
-4631
-5950
2060
-677
9212
-8160
-7232
-5591
5999
-9985
-5779
2949
-896
-2212
-5779
-9402
3159
-4565
-6163
-3358
-5511
395
-4547
2248
-6371
862
2609
-1743
5140
-9031
6435
6293
-5476
1003
8691
6888
1800
8009
4553
-862
-2149
4658
8044
-4564
6636
6971
190
1555
-6419
9182
9319
-4390
-1486
-9196
-1159
-3695
3292
-4917
-4195
9999
-3773
-5899
-3438
-7075
3284
-4915
3891
9342
743
-2946
1680
8699
-3569
-5387
-2782
-6628
-5958
1121
-1189
9813
-9522
9646
3180
-2039
9590
-735
2386
-5148
-1837
-5690
4859
-6966
2968
-324
412
-4959
2766
-8048
268
-1683
-8794
4470
9612
2763
-3370
-3490
4955
7428
-2867
3182
-7418
-9913
5434
842
-4595
-1388
4498
-8067
8271
8253
-5032
9945
-534
-3072
-5498
2850
-8667
5426
-9148
2684
2415
-6730
-4586
6039
-6929
562
4886
5400
8471
3109
243
-6444
-5234
4785
-4156
-5046
2349
-3970
-3748
4808
-7822
2186
147
9653
4155
-2843
-1721
3349
-3043
2323
2118
-2376
-1739
-9881
4774
-9388
-664
-7872
5825
9145
-3629
-2515
-9600
-527
-3819
1935
7921
741
761
-3418
-5735
7417
-6514
6823
-5601
-1616
8086
-3108
-254
-6252
9102
7075
8136
-4809
-4299
9938
-8649
-2447
-2480
1844
3668
-8718
5847
3339
-3330
-6084
8730
3804
-8100
6094
-7600
-8677
5526
-878
-9727
-8521
6037
-696
-2515
-507
-8671
-5036
-8853
3451
3588
-461
8175
-2864
-7476
-9127
7476
9926
-5420
-2509
-9149
6352
-2671
-3665
5336
6839
6482
-5191
-5343
583
-8052
-205
3520
7983
2987
8826
5089
8226
3324
-4062
-5707
6065
-5758
5137
5073
-790
4463
6678
2484
1771
6584
8801
1282
1268
-5908
-4173
3809
-1580
1320
3211
-7239
9137
-3523
9663
-5952
1869
5335
1332
-729
-9782
-5433
-3588
-4061
4121
5808
-6411
8889
640
5761
3940
5108
-2501
3866
5330
8884
8368
2763
-7413
-5112
4230
585
622
4150
8421
9353
8585
-8615
-7540
-6265
1278
-3052
4781
2812
-4802
3179
-282
-6619
983
-2830
-6689
-5785
1974
6033
7900
9525
-1571
7003
2379
-6238
-9553
608
-7226
2649
-4363
-3818
2705
-4987
5789
7123
-703
-988
7049
7868
-498
-1566
2611
-9900
-3814
-4078
-7953
6315
8881
-3651
-8164
9554
3064
-9655
9048
1835
5686
-9870
-4676
-9985
-3907
568
5514
4388
-5486
-3660
8664
-4310
9045
7124
-4889
2509
-7667
-3905
-4671
-56
-3364
3160
-167
7359
-9577
6593
3764
-4540
-9546
-7080
9237
-9308
2427
-6707
-4073
2
-3237
-7421
8752
2155
2317
-7758
-2473
6943
3152
7256
1717
-307
2291
3669
-7041
-1227
-1988
5755
-7085
-1209
-246
5444
3503
-9440
-302
3019
-2991
803
-855
7730
-4021
-2071
4680
4130
-4779
-6037
-9838
-2191
-4139
-6207
8443
-1760
-4906
8457
6785
-9829
-3955
-3988
-5983
-7020
-6071
6489
-8714
2229
-6406
9988
-359
-2375
-9238
846
7164
-7801
-9115
-1564
52
7815
2156
9734
-9455
9336
-863
-8240
-292
2864
5120
8803
5956
-2323
-3118
-2927
-2879
-3693
3421
5508
-4241
444
4122
9431
-9231
-8277
5548
-4195
5133
-4662
5965
9831
-2506
-6165
-9949
4524
3174
1429
-5916
9584
-5571
3886
6814
4112
1065
3817
3468
-9896
3259
5167
-3412
281
-1291
-4096
7983
-4429
-7008
-4427
-2634
-2257
8008
844
7927
942
2507
-9221
5481
4538
-4156
7387
-6124
-7225
-4715
-8574
-8170
2425
-3191
6898
8717
6483
-2242
3601
4239
1596
-481
-8659
2832
-9653
79
-5762
-5149
7957
1269
6001
4670
-4629
-5811
9911
-8788
306
4081
899
-3979
2812
2714
-5098
103
7742
-2281
197
-6424
8010
2449
3466
3759
-2845
9962
8232
1207
5300
-8348
8509
-3197
7078
3005
-8919
3193
7897
4465
-7585
-9342
5046
1824
-7647
6261
2858
-5064
5955
8092
-110
3302
9104
471
-3723
-1558
8449
-2167
-7579
7248
-6309
-4748
-8153
-2735
-7378
4635
-5202
-9667
-4549
-4825
6333
1964
-6292
8182
8593
9702
-4290
-7989
-2835
-2585
-1347
4082
-3500
5142
2560
-5210
7962
-3053
4007
3618
5322
5167
1598
9949
-1133
-8357
-2277
-1212
-9996
-2518
8335
-8209
-4940
-4061
-3
7805
-1406
3690
9917
360
-2056
-4060
-3272
6045
-4881
-5288
6262
8892
3352
-3994
6717
7624
6940
-9429
-1222
5986
-6850
8890
-3140
6822
-5304
-7113
4216
3337
-5987
1979
6223
7732
-3787
3293
2986
7956
-3075
5834
-6319
1597
-2438
-7118
-7454
-8654
9318
1451
-4736
8631
-2901
-7182
-5024
9721
4773
3007
3629
9927
-6186
-1379
-9909
-5003
9300
3458
-3303
4916
7270
8154
2910
-8933
-3909
-3842
-3828
8102
2670
8442
-9213
-4020
4704
-5647
664
1259
4069
-9850
-8897
-1273
5694
1310
-276
-1999
-4552
-714
9320
9537
-393
9896
-5958
-8829
405
-6282
1637
4159
-7176
1015
898
2265
4926
-9410
2812
-3439
4570
6589
4846
5149
4802
-613
-148
1326
-4961
-6521
-1146
-6669
-4051
-1311
-8803
-6170
-3628
-4203
5199
-1776
-2868
5481
4322
-5122
8377
9528
6571
-4751
-7828
2028
-4069
-7084
5692
6170
3389
9694
-4912
-1508
-4776
-9944
-9236
1181
-309
6866
-7031
2065
8798
-7513
-8848
8849
-7009
4100
-7995
-7793
-2662
1469
2406
-8096
5781
8341
9995
-3388
-9998
3237
471
2192
-6794
-721
1819
-1576
6041
4652
8773
-6326
-2078
-6260
114
-100
-8044
-1187
-5256
1886
6413
6486
3477
3703
-9923
-356
-2047
3240
1459
1916
110
-4403
1031
1824
5060
-2247
7620
-5742
1567
2065
-8949
8559
-9932
-7719
6681
-8036
-1316
-6039
-6215
-810
-7052
-8748
4182
1945
11
8746
-8659
952
-4231
8913
-6259
7098
-1362
-6030
-6897
8514
-9162
9343
-9357
-9570
-444
969
2840
8685
-4016
-4952
7085
-9048
-7021
9747
4096
-3845
-2164
9853
-2637
-796
9418
5343
3910
-5054
3596
9547
4403
2549
-2413
-4886
-5897
6043
-4621
-3908
-8259
5311
-3153
-4027
-4483
5121
-7934
-5140
8232
-9401
-9531
-9231
919
-166
-3515
9249
1028
5448
-6022
4965
-682
255
5578
-9853
-7161
967
8022
3541
1985
208
-9368
-6718
-7087
2854
-7968
7743
-8365
-7689
3982
8158
7221
-1533
-6716
5257
-9446
3063
-7246
7722
9990
3026
-4550
-6523
-4535
9702
-5373
4121
-1992
-5444
9665
-912
6576
-5336
-7278
-3541
861
-721
-8020
-4345
1126
2768
-6661
2744
-4368
9231
601
-8634
3518
4383
3445
-7879
-8731
-9273
-2090
3682
-5889
-371
-3971
-2787
-5895
4576
3199
8887
-5900
-6383
-6227
-4853
-713
-6786
80
9838
-4096
65
-8177
-1074
7818
-5519
3477
-8009
-8015
2469
3406
-8924
6477
-3915
6911
-4661
8348
-2197
-6965
-1699
2154
4647
8108
639
-1811
-2731
-5959
434
-87
5562
-1326
1778
-4865
507
6892
4126
-7059
-4241
7102
9757
-4010
-5063
1523
-9391
1712
6212
5299
-4680
9811
2469
-4516
4854
-994
5094
-7224
-8250
9565
6856
6250
-2287
-6203
1814
-5702
-5531
8230
-5233
-9508
-8024
-2293
8894
7954
1980
1877
-4357
-9390
-648
9979
-9206
3888
6784
4620
-9216
-7063
-3496
-5740
-4636
-2239
-9671
-8433
1811
-3818
9206
-2586
889
494
-1534
-4969
-8717
6224
-3990
6215
-6773
9669
2828
9034
9643
2354
-173
-7291
-7710
-2114
-3764
-5290
5083
-5677
5823
9740
4917
-758
9925
9448
6407
-5532
-6539
3150
-5807
-9109
5203
-2115
-687
7752
-3150
4682
267
4905
3443
-5034
-9733
1911
-9609
-5239
7950
-7205
-8644
-2374
7137
-5815
-7279
-2545
-6523
-4497
-5923
-6836
2235
6883
2210
-2936
-6358
1126
4180
9259
-6060
-9172
4677
4172
729
-6706
-1116
-5823
-744
-1471
-6945
-1765
3020
4067
6181
627
-6907
-5254
-2424
-6425
-7524
-1736
3549
1026
-1952
1054
-5779
-3973
-6635
6315
3967
-2350
3927
9793
4069
3818
-7736
-2963
1589
-8905
8543
-6443
43
2401
8125
2360
-6530
3905
-3235
1557
3177
-9946
9422
-6215
-4815
-4174
-1596
-8137
1280
7487
-2139
5698
-7269
5501
-1186
-1066
-7579
-566
5894
-2939
4238
2617
398
977
9697
9335
-1646
6298
-3049
-5560
-205
-1518
-4238
4549
-1179
-3433
-7497
-6269
3818
-4253
-7535
-1093
-4442
4025
8636
7188
-6928
2553
142
2401
-97
8827
-6541
-7609
8961
-297
4013
-3146
1046
-8510
8962
-8481
5480
-6881
-3762
1211
1839
-2444
6675
-2635
-3608
-5689
-2063
-2447
881
8445
-4238
-3678
3413
2732
-7747
-763
5421
-8169
-6319
4987
7072
-5727
-830
7156
7334
9441
-1264
2779
6340
2843
-8524
2180
4475
-6677
8572
8853
9022
-9746
-3412
7132
3199
3200
-3428
9664
9407
-4278
4518
-953
-5966
3382
1720
4219
-4031
-9943
8505
-1628
9145
-5114
-800
2264
134
1320
-6924
-3824
2744
3536
1168
6796
1322
9254
9721
-1943
-444
1222
-3871
-2694
563
4453
9876
1790
-8160
1508
-3015
7851
8118
721
844
-6367
7737
5129
5241
1488
7021
5849
3768
-5490
5279
-7651
-5701
-1579
9099
381
728
-9520
7454
-1065
5786
-3935
2587
7295
-9667
-494
3724
-4371
3097
-2733
9114
-3848
2164
-265
9378
8878
-8942
4552
9640
1847
-4332
-8835
-2231
-3090
6563
1739
-501
-8083
-3615
3074
63
-6221
4746
386
4933
6208
3792
598
-1334
-1360
-5635
-7196
-4724
-9712
4364
-2200
9467
-9907
-2767
-8294
-9010
2299
-9134
2480
-7824
9090
-1251
8417
7008
-1277
-5063
2366
-9747
5863
4553
-1949
3511
-4559
-65
842
-5130
6585
-47
-5461
-758
-6868
4051
5521
2030
-1816
-1343
-787
4671
3868
5656
7444
6428
3169
8099
7529
9078
1639
-9401
1525
-8301
-6744
1330
-6522
356
-1133
-8359
-2458
4329
8365
4404
611
515
-4530
-1609
-8425
-7196
-2870
-2630
-1805
6950
-9058
-1871
4321
4654
4171
3406
-425
2153
4152
7445
7656
942
7935
-1257
6544
9935
-7337
-2267
-1581
-6258
-8754
3435
-4301
6325
1592
7173
2278
9834
3561
-5369
-4514
-642
-2325
-7053
-1549
8137
-4447
-2358
-627
-8567
-4339
-4280
-1568
2032
6183
-5431
-5179
-6593
-7610
-9442
-3664
8313
-8200
8071
-2229
-5700
9322
4340
8376
-6297
-8826
-2446
-525
3724
3038
-3321
-4523
-1793
4150
-4795
8331
-5742
-5979
5631
-5468
3805
-9755
252
-8092
-1954
1360
-9015
-775
-3350
-1637
-1382
4578
8508
-7174
-3713
3059
-2298
3200
6936
3888
-3254
-2958
9239
167
-8860
-3910
5237
-8568
-1596
-7222
8311
4654
9058
-1614
-5295
2110
-414
1048
-6746
-6348
5096
-5172
1229
-4184
-5258
-3879
6776
-5599
5227
6060
-1554
1021
654
-7563
-3536
5947
1972
-7472
2447
-1870
-5959
-9583
4427
-4007
7484
3175
8389
2714
6557
-6287
-6881
2695
5202
-2973
9852
-5748
3584
2307
3444
121
7736
190
7644
4058
-7809
-1117
1192
-6297
-4262
5694
2745
-8624
-7851
-5509
6775
-8690
3368
3877
692
-2377
-638
958
4824
645
-7261
-8093
8010
1916
-8915
7343
-1002
-8983
-5724
724
-1274
-960
-7974
-6943
4225
689
-5409
7571
-2768
-4721
-2562
-6047
-232
1325
7136
3744
-1799
2992
-5053
-1608
3388
-8261
-1454
1648
2205
-2666
100
9595
-8651
782
98
-8255
-6338
4355
5816
-4840
3711
-2837
7898
8156
2620
-811
-620
4544
-1267
2014
2227
-6799
6093
2150
-592
327
-7899
5961
2368
-9345
-8700
9663
-8054
-8148
-9360
2069
7418
-4523
5007
6283
-8184
1685
-460
-6328
-2442
-9292
6808
-5158
9670
3577
287
-4666
5293
7898
-7233
3134
8590
991
9067
-5005
2968
-4154
-6959
799
-6866
5520
3930
1043
-8250
4510
5919
5163
-5
-3944
5483
-159
2397
7476
112
1208
-7007
3423
6085
7440
-7015
6992
2839
3033
8337
5049
4936
5185
7022
-1926
8094
3911
-1699
-360
-6327
1945
-6075
4876
-9962
-5910
9554
-6916
-3397
7036
2128
-4407
-9365
-3460
7599
7194
-4721
-161
297
1228
4716
6009
-530
-196
5493
-4747
488
5696
-4708
-2565
8642
9545
5762
7756
-8755
1723
-3246
-1710
196
8556
191
7314
5671
2286
6686
-902
2670
-5445
3226
-7632
-1626
2232
7211
-1392
-8760
-7738
2277
-3707
-2285
-9918
3180
-2768
-244
-7456
-97
-3826
-5288
-5333
740
-9425
9564
3586
1949
-182
-8339
-5538
-6276
-1519
-8907
614
-3534
-9093
-8090
8950
7116
5006
-9675
-7104
-8302
8651
-7773
4241
-4450
-9772
2563
-8520
-8155
-7146
-7623
-1451
-510
4269
723
2040
9608
4012
-2513
-6447
-7488
-9288
-7355
8682
-3016
-2276
631
-1404
8454
8650
2636
-8685
3198
-768
-4864
5249
1898
29
-6666
-7675
-1589
5569
-1013
-9736
6401
-5316
9469
-2704
-7269
-5501
3637
3976
-629
-9047
2376
-7198
8685
-3673
-5848
6976
-2632
-8493
4123
-2863
-5793
-9133
-2004
-2342
6348
-8641
-5213
-8779
-64
500
2342
6534
-3923
2735
7813
4154
7078
-527
5793
1820
4476
4486
1532
3692
-3274
3554
34
-6518
965
-993
5130
-7601
-3879
-7924
3813
-3535
-4464
1160
-8392
-9716
1506
-259
-3355
1284
7726
6766
9360
-1680
-2248
-9956
8373
-3221
-4078
6121
9503
-5039
9756
-8651
2751
-9914
-663
9166
-5182
6812
1120
811
205
1294
3027
6442
6812
8341
4379
-9929
5014
-7458
5145
9370
-3592
-7224
5333
6696
-2362
-8025
3029
8071
6262
8587
7759
-9997
8810
9892
497
2660
-3405
-5180
-9710
-1644
-5077
1620
3694
5026
5432
9994
-5388
752
-4631
-6298
-4552
-5795
-2843
-7360
-1848
-4874
-8149
-9388
-9404
985
4228
4190
-2317
429
5881
316
9395
223
945
-9797
656
2624
4926
-8177
-9713
9492
8026
2999
6602
579
-2729
7505
518
-4267
-9040
-2147
-6711
6047
-737
-7584
-7697
-4630
-87
-6098
914
703
-5943
-6501
-7733
-2941
2801
-4718
-6699
5819
-2464
-8918
38
-2801
-2559
-5084
-612
-2012
-1295
-5518
2459
-835
9387
-6322
9876
-3891
2421
2809
3515
-9806
9546
749
1106
-7353
-9391
6873
-7017
4219
-860
8941
-9722
1417
9207
-7577
3884
7976
-3350
776
-2804
9800
-4141
6285
-9614
-2030
6910
-714
-1129
7503
9526
2678
-4589
-3840
-2481
4001
6706
-9706
6446
277
-8330
2780
758
682
9714
-7942
-4820
8161
492
9751
2731
5448
480
3248
-1070
-9543
-2171
-221
-93
640
7898
-9524
7224
9727
-9394
-4023
8723
-2611
1496
-7074
1225
7994
-1729
1863
3753
-7078
-826
-2394
4709
-7852
-6282
6962
-9330
1390
3084
5352
6283
-4064
109
4283
9157
8265
-4766
8300
-3258
-2390
1630
-5307
54
-557
5902
8153
8283
-8322
-3049
-469
-4401
-9008
7681
3937
703
8997
-695
9185
-9803
7013
-644
5759
-6060
3493
-7638
-139
8487
-9574
2098
738
9606
-3379
958
7283
9523
-8523
3426
-6391
-1280
-5738
9543
-4517
-7534
7906
-6937
-798
6367
9430
-3694
-3060
-4892
8867
4904
6589
-2618
9348
483
5235
8705
1118
1176
3891
9781
7897
-4261
9688
9784
6435
2043
3067
-609
4124
-5032
5035
4120
7303
-2642
-4165
7650
-3250
-8853
-2889
9616
3111
-2919
6213
9036
9267
-4005
8563
8523
-6345
9170
6291
-8637
8835
246
4314
7836
-1158
950
-4602
-509
3904
-6226
-3232
5193
-2131
-7983
8477
-4498
-2102
-2989
-1619
3888
-1360
6340
-9923
-2127
4923
5273
1725
-3372
977
8719
-1599
6789
6927
6665
-4111
-2543
-1370
-4712
-223
2988
-4664
4901
2559
-5480
-2135
6647
-7780
-4198
5408
-6752
-7947
9361
-3626
-2052
-2018
4844
8176
1443
-8719
-2001
-3578
7790
8530
-8155
8813
9264
-3704
3891
-4861
7068
2520
171
838
5981
-7515
9151
-9864
-8832
827
6132
3221
-1449
-6903
-8790
5819
6047
1042
-5553
-1727
361
2222
5118
-4943
-1870
-5967
6919
4185
-762
3023
-4803
-4539
-77
-5330
-6057
3469
374
1001
8957
-4594
9218
-6466
-226
-6335
-9134
-8425
-8856
-8149
798
2669
-4328
4370
-3245
6060
-7788
2193
-4307
-5145
-185
-4516
-1976
6944
-6632
-6426
4680
-1572
-1535
2544
-1305
-314
7305
-1998
3607
-1659
2018
-5274
-4226
-2196
-2827
-760
-9340
-6747
-854
3012
-5180
-954
5790
7312
-9143
2689
9942
-2976
-1069
-5225
-9750
-9556
5265
9105
-7799
-8604
760
1006
8686
3063
9762
2630
-2224
-4522
-2795
154
-5661
669
101
2929
5488
-3731
-4009
2398
-2797
-2221
-8745
9941
5646
616
-9108
-2378
5115
4868
-3857
-5907
-1982
-7805
-171
8771
-5336
-7539
4675
-592
-6110
-9231
-1213
9592
4044
-8614
-7060
2704
-8073
-6189
-6600
2035
2534
-8796
-7212
7093
1378
-6148
-7780
9503
-6592
-6414
155
-7169
3414
-5059
2237
-8902
-1734
3617
4209
2968
-2842
-2402
8125
8564
2091
-4905
1957
6663
2070
-7405
581
-1188
-9723
-1673
8409
2185
8059
-1920
3003
-2988
8437
-987
8409
-8786
-4177
3960
3390
-9628
-1376
7844
229
631
2883
-1753
-5634
2685
-8293
140
4546
3855
-8015
-6338
-7841
1222
2861
689
-787
-1506
-5178
-8744
-3638
7071
-8432
-1517
-8089
9418
819
-6057
9660
-3919
2091
855
845
-9890
-2932
-2443
-4738
-9480
2192
6531
-4338
5080
5738
5029
-8936
-4721
6549
6040
6900
4030
-856
-686
-4814
-8913
4504
-9779
190
7003
6920
-7909
4257
7431
5796
-9762
-9181
-2592
5013
6731
2367
6485
2558
3163
7144
6204
-9393
-2469
-1441
2036
4387
-5833
9111
-6401
1574
2112
5153
5956
-645
-3193
9758
7597
-2401
-350
8137
-948
-1300
-9930
-6370
-7254
-1081
7528
7438
-2324
9113
-3723
2877
9070
606
7915
4599
-3584
9975
-28
1573
-4393
-6181
776
-267
3807
6968
6901
336
9632
-4275
8626
3707
5946
4937
1626
6721
4921
9536
4891
6213
3264
-9741
-5320
-2157
2351
4268
186
4124
8644
3838
7289
4872
-7163
6787
9305
6270
977
5399
-6148
-4669
8151
-8425
-9659
-4348
-9102
-9143
-5365
-4955
-1573
-8818
9741
-7330
-8548
2780
-5254
2773
207
2521
-6897
-466
8585
5552
7114
4964
2299
-7724
7276
5153
8704
6877
9214
-2750
8387
8432
-7856
-2437
-165
-1718
-199
2338
-4833
9558
8588
7774
-284
4858
8095
3016
8582
9582
-3920
2578
-2532
1881
4875
5435
-9199
-8696
-9118
-7840
-3635
-3597
-9427
-7855
8609
-7805
-5135
-5433
-7393
-168
8513
-8963
7737
9983
8041
8029
-8458
-6169
107
-4975
2037
5111
8548
7690
6603
4325
-8828
-8129
5873
9913
-2292
-4634
-7180
-9730
6561
5435
1329
-9726
-5431
3435
-9451
9031
1411
-2455
-2866
-8206
9967
-4054
-9745
3324
-2495
3959
787
2877
4423
466
7346
8747
2311
-2022
3150
9089
-8308
-1179
-5971
2060
-5059
-6801
2965
2120
-1104
-8997
-4620
2040
7603
4136
-4679
-4360
7564
8979
-5785
6140
944
5586
-4104
2246
5093
8298
2244
1806
5662
9004
-1671
-2893
2901
-1971
9104
9375
998
-5573
2602
6673
1403
-7955
-6097
5375
3986
8725
7810
9412
-4571
7534
4174
5863
-4415
-5841
-1655
-6095
-2206
520
-1188
-1561
-1401
8733
6532
-5114
8010
2327
4013
-5150
-6792
-8764
6237
-3334
-1871
4085
-1497
5890
6195
1405
-6660
5912
4643
-8921
1609
-5004
-3651
-2413
-4016
9546
9455
830
4049
-5589
4510
-8395
7987
115
-7163
-8108
-5017
-3128
-4244
-190
-7924
7139
-5385
6938
7604
5462
-5347
-6777
5812
-4096
-1092
-3761
-6187
-2643
3603
1266
-741
-313
-679
4544
-5666
1821
-6861
-4257
-5975
6500
9840
4209
-42
-1229
-249
3366
-7756
-7335
3446
6633
6313
1728
-8086
-4723
2768
2421
-7182
3782
-9690
-9057
3249
5745
6957
-1571
-2920
-8358
-6921
-6360
-8507
5861
4625
6072
-7611
430
-5419
1557
-6967
8593
-9977
-3554
-9405
-1591
-1676
4270
5009
-3335
-1948
-8011
5227
-1243
4622
6350
-7050
-4479
2182
-223
-7852
6459
5728
-3713
-4145
2351
9710
-598
-9174
7993
4992
3676
2163
5407
3997
1784
1954
-6877
-4000
1653
3783
-4748
-1330
-4187
960
-4762
-2982
7874
-9646
-4473
2384
2991
-7502
632
9451
-5114
-3073
-5523
-8121
-8895
3024
-6495
-342
7999
2097
-3318
5063
5775
7543
-8868
-224
4023
-3697
9838
-950
-7474
8678
-1469
-4624
-837
984
-4255
-1054
-4161
3972
4198
3040
-9362
-5679
6123
-2435
-8257
4091
-3907
-1472
-411
7749
923
2485
-4562
-3255
-1205
4850
-3401
7948
-5553
3304
9450
-677
-9190
3733
-5794
5581
-2942
-1212
-2690
-8356
-139
6583
-1411
5560
6855
-9752
-6371
-8922
8653
2971
8535
-7524
-3624
3238
-3527
-4662
2582
4811
-1607
281
4503
-7500
-1096
-5970
4080
-3059
-3996
3052
6150
-8004
6481
-7205
7426
6854
-4140
-745
-8161
-9219
7593
-2053
1413
3441
-7758
-9601
6671
-5691
-3798
9081
-8065
-8750
5199
-3331
2505
-306
202
7973
-3277
9463
9727
2736
-5923
4413
4551
137
-6351
-10000
2401
5223
-1916
1104
3936
1498
-4496
6551
8989
8766
8929
7156
9465
-652
-4819
-7028
-8781
-2067
9217
4404
-1289
9081
8378
-7835
-776
2515
-6126
6601
3535
-3699
-1520
3564
-6025
-1976
4497
8690
2278
-8250
-5509
-9524
5304
4069
-8305
940
-887
8723
1065
1450
-6031
3937
-240
-1143
-883
-6005
-3559
3190
-4807
7886
-7480
-3539
-234
-263
9525
5376
1350
-92
4631
6474
2000
7585
-6434
-6798
-4969
7936
5371
2915
-202
-6812
-5442
-976
-1121
7893
-4020
1890
9522
-8949
7094
-3016
2249
-5439
-5764
-9385
9957
7815
1671
5055
6004
1884
7046
-5329
-448
-4455
-557
6335
5144
-7374
307
4324
396
-5338
-5913
-158
8077
2215
-1095
587
2086
-6083
-9934
-2572
1461
592
-4841
-141
-7922
3618
-7783
3013
-6178
-4939
-2284
7516
7542
8906
3162
4436
-9390
-9565
-1853
-8849
9083
6868
6457
-5521
-3545
-4672
-3783
-713
-9737
-2077
-1890
-4397
-4082
6548
