883
4369
5409
5507
6012
9532
7204
7353
9762
6434
8253
9718
4892
1779
3923
8288
2660
5699
1262
6825
1219
8086
9116
7838
1125
4229
9074
3836
5028
3545
8230
5716
3976
3553
2755
7873
1855
8459
922
6977
1738
6300
8229
9451
4569
5906
3189
7881
8524
3788
5068
4554
3209
4550
9769
462
7373
8486
7442
9807
1397
594
996
2817
6758
1783
3763
3144
3311
2416
5247
7086
4489
3901
6229
5093
229
6732
7905
7284
3705
6412
8300
3537
2351
1419
8957
891
729
4489
3880
5101
1725
7131
336
851
351
1774
408
448
3698
4929
2665
3834
7938
9653
511
4798
3736
115
4514
8377
813
4732
8456
9192
7161
3208
8473
8846
1865
9015
1835
9034
9213
4204
6827
2690
4237
8295
8740
1233
9519
9937
4108
6992
7200
1293
4315
4212
9111
8808
4556
1430
4077
2042
7024
8382
4098
2091
2270
7790
2850
5528
9996
5551
9090
850
461
389
1466
1006
2665
3246
8332
5127
5735
5187
7136
6274
3482
3535
2679
1257
580
6210
8413
1885
68
8930
4199
1542
1520
9200
9638
2195
5684
6229
3441
6572
2720
8660
7760
171
7173
5341
4812
3356
7198
7183
7074
2624
7191
4012
3273
2648
2301
4123
2291
4119
8862
9104
8408
4750
5834
1283
8484
9426
8678
755
4430
8981
8111
2151
7894
9503
9516
750
7429
637
838
5723
2444
2954
1575
6600
6263
3444
6432
5650
6565
6841
5258
6579
4183
3050
2406
7348
9770
4982
6557
8467
1818
271
8071
738
3594
838
796
6649
6819
553
1504
6868
3790
5459
1328
1753
6864
2829
5613
6327
7987
229
4611
9466
3426
3940
1964
9049
1227
3892
1867
7526
5410
4303
4363
2821
9438
4628
1098
5095
458
595
3349
9062
1142
6762
1200
2599
3034
3995
9806
452
6019
3139
3535
5056
6898
2457
9549
1380
6293
8023
5140
5777
7570
6444
7646
7714
7075
1426
4611
4701
3454
3801
6725
5491
1981
8989
5445
9923
3031
484
1299
9819
4257
5232
8827
6309
319
591
6710
9175
46
4677
3543
8987
2226
1749
5525
9220
8089
7876
683
9996
9641
6241
7069
7498
3648
6689
9839
3643
6519
8062
9069
4798
8310
7434
6815
2260
1585
9674
7622
6519
673
3622
3780
8631
818
1456
2995
452
7565
2795
3665
1312
7608
6273
5720
2232
9087
9237
2561
7917
4217
8089
7916
9396
4469
6749
5608
9332
9756
1657
3653
707
3153
7898
7583
3525
434
3289
9128
5149
3854
3278
4439
8698
5430
9440
5877
889
488
1972
7789
7578
5861
4641
3957
652
4049
4226
4408
4221
9273
7763
3720
1447
7947
495
4061
7293
3828
9254
5836
8373
3061
2354
6594
9797
1966
9480
8389
2824
9703
962
9940
2660
5246
137
7250
3790
9728
209
2962
9820
9893
7875
5502
9375
8777
2488
6772
5600
6791
6443
9849
8315
8379
527
5982
4873
3708
5186
2738
9978
4003
5700
1239
6710
9009
8464
435
4705
96
9531
1697
3582
5105
6197
631
2188
7930
6167
1595
1858
8734
5638
5631
2028
6207
4311
8744
985
251
5388
4891
3601
8523
541
4928
7989
8042
1518
8878
147
763
2368
3899
8815
19
5599
5108
5536
9845
2675
9134
5722
6587
581
7596
4781
7101
2693
9540
2183
7687
1706
4192
5146
1600
8564
1442
2162
6736
2341
8311
3234
5883
3652
8966
6506
3701
9578
9099
3726
682
5899
6454
5139
4671
2813
8661
7473
895
1841
1081
8075
7499
931
6873
1282
5998
5015
6105
6566
6464
1541
3770
3361
7359
6504
8032
2274
6444
9672
2351
7945
5112
8382
2199
6561
5162
9430
9915
397
8021
265
6358
6152
464
6318
9308
1789
1918
8495
2522
7609
1362
2830
12
1419
1925
5949
3669
1906
4316
8973
7433
2678
3867
870
9253
9500
5052
9578
9782
1175
4920
1530
8000
8678
4018
4
3702
6500
1285
2876
3372
5727
2311
1975
7883
8019
1438
6288
7693
5599
7737
67
17
5257
7887
2247
5289
3480
2313
1608
9603
4024
428
1816
8636
3422
8712
465
9274
1674
5826
222
1721
4119
5244
4381
1782
9333
945
5273
5821
8848
8157
8242
7385
2600
3648
4950
4572
3982
2772
9234
1174
400
2356
2945
9793
9221
438
8764
8433
9379
7428
3102
1381
2449
1828
6784
6593
1211
9029
2439
7271
4667
2064
7610
3020
9816
4315
8836
3857
3935
8449
292
7788
4249
3858
2462
8151
4593
2301
2011
1991
7292
3663
3776
6898
4447
7673
9157
7241
9012
6567
9156
5225
2562
4932
823
2967
3423
9019
6332
1570
3561
2108
1364
4506
982
5590
3080
1565
8279
5066
7654
5614
573
6285
6531
6958
4618
7984
1652
1870
8904
7466
6181
9554
5250
7456
3661
7287
7307
9698
4201
9529
2579
8698
7742
7
4803
9993
6123
8059
1022
7815
9841
434
5503
1659
2198
8943
866
8395
4961
8589
1233
529
4725
9894
290
4814
1391
2858
3301
9585
2111
3420
1610
6128
8810
7183
1060
4584
8748
9567
4572
656
3031
5337
8059
1672
6619
6943
2631
47
4646
5908
570
9845
4366
4624
8895
5457
7997
7262
7489
8516
8744
8721
7581
9888
903
9554
3120
7803
5798
7136
5304
7797
3034
4705
984
8224
8527
5476
608
9723
150
9868
608
2985
975
3542
9184
4784
1504
3233
7152
8455
8302
5279
9225
6940
4235
52
584
4191
9378
531
5234
7739
7846
7990
8883
9890
2615
8995
4100
465
1043
2346
2557
4136
2005
2570
3363
1641
7704
5382
1238
5024
5935
737
8275
517
7136
3213
8466
5624
5475
8360
4088
8408
9629
8822
4547
3344
3770
5121
1617
2025
6560
7783
9775
2942
2116
1981
8449
6068
3675
1948
5734
7309
7876
7793
2380
8498
6568
1269
5238
4476
7663
9915
3695
3667
7961
5435
3866
987
2736
2566
3944
4960
8250
806
2352
8591
6971
5911
1195
5532
5086
4609
3404
4572
9297
8416
2182
8951
6556
4494
9190
1286
8137
294
3881
8770
6259
9584
8046
3944
6923
7601
1054
6143
9679
207
6241
2586
5782
9364
2565
676
4438
5617
8744
2889
6232
8380
9705
3301
7850
7567
3327
6129
6533
5083
7798
2001
1726
5777
26
1226
8336
1236
3145
7219
8694
8478
3944
4302
6584
7146
3667
6242
3491
8119
2115
8812
5317
100
7620
2298
7351
8245
9355
1579
7082
3286
7263
7834
9385
4752
937
3032
4339
2345
9433
8797
4716
9700
2668
6317
2396
5005
7703
1751
6249
6307
945
1655
1581
6507
5357
4704
9291
3935
5751
2810
8479
9616
2204
8155
1007
5714
9532
9933
1809
4413
3404
8667
1595
4931
9703
2283
6259
620
9124
9870
6785
7995
3951
927
9106
9439
4430
8231
3542
1296
8521
6020
2484
2591
1350
2712
7984
5707
8153
1899
5135
7931
1455
3606
5593
8326
155
2341
3091
2565
5802
5435
1947
1446
5336
5494
6915
3023
3886
5392
1732
916
9081
8226
6662
752
2881
1938
4327
9983
1041
1349
3934
782
718
8631
2301
293
9871
4352
8562
2790
7475
433
3423
904
4238
3461
3514
163
5549
6115
7241
9434
6095
5601
317
899
8141
9138
2120
8052
5494
9232
2442
5428
8715
4660
8614
1441
1090
9449
9080
7903
6555
2338
5303
5981
7959
845
3256
6941
8868
836
8193
7378
9334
295
6657
9205
4031
5426
7273
8010
7647
2784
6698
6563
7604
362
1180
7564
9272
7523
3539
7920
3752
1364
9090
1116
6181
3063
9925
3552
9046
7807
6059
9882
4201
7665
6088
5109
4945
5708
3099
2229
3808
4136
6099
9585
9013
5232
793
7751
3026
2370
7289
5086
1192
1198
3526
7696
9709
5839
4301
4644
3081
8556
7267
1588
4916
7749
6886
8529
7692
2014
5300
788
7479
4961
1332
6442
9523
6974
1404
2357
71
2022
3515
6397
9105
2803
3355
8944
3941
5958
9274
3688
554
5713
2065
9087
1052
7584
8006
9458
7616
527
9714
277
551
5933
9288
6648
6411
6202
1309
3804
865
7804
1151
9454
2358
4614
9341
8317
1775
5482
3860
3307
9468
333
129
8140
8394
4080
1126
8202
2777
195
1300
9293
8627
2181
5196
5061
5725
5971
486
116
3616
7757
9976
8535
8950
131
9194
595
5723
6971
2814
8863
9108
8882
2223
6113
3524
5028
6945
8812
2588
1596
6828
3829
7780
7634
5042
1937
7560
6159
8494
4660
2246
4204
2675
4473
2971
6408
5893
8077
4706
5113
9228
8776
9944
2216
7776
4768
797
512
7623
4576
9302
3153
9834
7614
1106
8118
3247
812
8224
2531
5461
4811
4888
9531
2519
6680
5929
2632
2497
8681
2427
1420
3736
9975
2572
82
1997
4635
7525
7149
6020
274
9744
9211
4942
1019
3353
5168
16
5450
1429
5985
1210
5093
7609
3583
8083
395
5719
1603
4649
7192
8991
5076
9511
187
7176
5802
511
509
4510
8307
6991
1002
2712
3171
8694
2657
6219
2885
2071
2051
9990
8566
6947
3307
2044
9067
6310
1105
3710
4387
4682
7331
7702
5659
9548
1407
4459
1817
7273
3056
2499
9291
8959
7059
297
9356
2102
225
9648
2556
9758
5829
9351
1295
3852
9369
3870
2920
8968
236
6843
716
4762
5441
3496
4794
7516
2683
3121
8428
8819
1468
7349
8244
3906
9068
8929
2036
9632
6332
7683
3442
2706
7519
6142
9240
2735
2496
3378
4376
2996
442
3118
3613
4062
1203
9984
1565
6193
749
1259
6637
4838
280
1446
2210
7150
9289
7336
3221
732
7421
6859
7541
7361
1983
3185
7235
9491
703
7221
7881
8279
4281
8225
217
844
8475
9340
8928
2401
7052
7168
2005
9732
106
372
6177
8054
7163
2438
9788
7998
2880
1259
4617
5172
1846
1950
5234
4328
7849
7018
2182
8399
2850
9
1496
5619
175
268
8931
5529
2316
8565
8986
8917
9166
8744
4239
9692
8782
8666
4595
6629
4297
2563
1391
1001
9733
7854
6692
6803
1591
6445
1090
6082
6938
1138
7047
1423
1969
3712
5271
2013
1770
9132
5300
2983
769
2280
9647
694
8750
1769
9510
9510
3809
6675
5484
5059
9940
5372
9848
6950
8429
1174
7454
7771
4779
6512
1809
541
1030
2707
3454
6595
594
8099
3607
4998
3634
5494
8682
8128
4056
182
9526
9130
9819
8482
1473
6003
9003
4401
1017
6970
7448
9668
6699
3938
4545
6381
5209
2875
5526
122
6615
9160
8769
2891
311
1278
2248
319
6332
1801
5268
9425
9176
9303
8877
6795
7148
3143
8220
901
6979
6006
9475
6689
7300
4118
4123
1395
5888
4297
4975
889
1588
6068
7378
3641
2899
5758
4829
374
3545
5149
6786
7954
8740
8375
8832
1633
1770
3080
6651
804
245
1303
856
4308
4285
2728
3368
6854
4429
5271
6799
953
8712
7703
5406
4459
7885
2344
8297
4638
3491
7831
5360
769
6403
2029
8124
2476
301
4404
4888
3512
2930
7689
9299
9762
4027
2009
3253
900
7824
4911
4885
3666
3431
959
2918
2472
788
5919
1022
809
4822
3156
8054
9261
2965
2716
5290
9559
9935
9192
1151
5056
1945
3336
8577
2874
4455
1068
2449
7297
4861
6042
4637
9477
9212
9756
6562
4898
2027
748
7988
982
5802
1154
1876
1526
4417
2635
7436
1963
3045
4052
8405
2698
2630
2155
2785
5060
1197
1624
4449
8699
2824
4619
1785
973
5110
1428
9697
3349
9622
9359
1063
7211
8061
4431
7226
3143
8118
8682
9648
2300
4095
2083
5065
7822
5188
7443
3469
7759
6939
6388
949
3815
2477
2857
7093
9525
8035
2720
9509
5354
6198
7411
4261
9185
4303
6803
6700
8193
1441
4302
1643
4590
7921
5876
9154
7665
9277
3614
8671
6355
5023
7483
690
670
213
9568
8979
182
5722
2049
6004
3067
4872
2781
7602
1395
4565
5159
1405
9268
5761
7811
5320
4255
2247
3090
2497
3022
1185
4347
2365
6365
2126
6473
996
1981
501
7980
1616
7979
2975
7136
4455
5768
3510
6947
820
8604
3769
2086
6672
4070
8265
7992
7594
9110
3014
3898
1464
4396
921
6673
4839
2191
8473
5456
4972
8513
8233
7905
3593
3714
8537
5544
4549
3400
5579
6341
8332
5884
2204
8008
4144
929
1180
1106
9254
4853
4329
5372
4006
5474
5046
7016
4157
7432
6734
7741
3700
5769
320
3704
8917
2636
9497
8905
242
9665
4883
5084
8348
3396
9592
5305
7996
3299
5010
473
7349
6516
4375
3635
5634
6889
526
1455
1073
5396
8910
7794
6931
7123
4591
213
6950
3535
6561
4531
9766
4023
3813
1847
6541
3032
9093
7062
9234
5282
6552
9843
6666
2309
3530
3819
1477
4439
9403
5257
7954
9155
5223
3585
4401
2143
8183
32
2579
1223
6958
2845
1121
8843
5725
3591
1296
1148
4678
8947
5577
1578
1970
7567
6551
451
7069
2874
587
7964
7451
4473
2654
4907
2084
9335
3434
9273
4781
6501
3042
4527
1589
9641
9201
802
7311
4714
28
8246
4847
9491
6643
8318
1322
3585
8380
9234
6029
5034
2431
6709
9616
1091
4910
5209
9753
475
3344
6469
4361
8218
3915
6006
446
2775
1823
4573
7914
4608
7128
8694
130
1928
7593
984
7618
7209
3530
3525
3665
2459
1481
3318
2582
3885
2000
6213
5050
8078
9483
3802
2745
3242
598
4020
4776
1624
3614
738
9976
3479
8456
2164
8314
1254
2258
7914
3214
5284
7006
8217
3386
778
1356
9779
8323
883
3447
3571
1195
457
229
7781
8275
3074
2576
5494
8939
2356
5857
9170
9546
2721
2505
160
6518
3919
3086
79
6365
6686
930
9148
2297
1232
5735
2543
6485
6896
2382
9294
24
9466
6887
2121
7812
5033
9335
6226
1796
9122
4384
5413
5148
2084
3080
5952
407
8419
792
7086
9252
4714
1315
7294
1323
2971
383
2355
6543
3982
6080
7121
9370
5599
3989
8404
1677
8939
9067
8581
7044
6947
2979
2741
9149
6223
7633
7985
2200
5519
4996
2722
2778
5767
8160
9965
1419
5075
2629
6349
538
6917
2807
3320
1935
7261
8153
4876
507
1823
5587
3816
8522
9285
4686
3131
9383
2399
7013
8827
7435
140
6440
9216
8912
5259
1780
2134
8935
5581
8445
4807
399
7938
9230
4394
6225
8418
5391
8563
2946
7664
9310
259
7578
3750
4899
9280
6346
4665
1553
4057
5881
1446
9869
3454
4019
3781
1541
8751
4838
4547
6190
1058
6768
4423
3401
5939
8215
7221
4016
3493
4521
1236
4203
7581
9807
2026
5637
1541
2392
2957
4398
5444
8896
9731
1861
2582
3390
233
3866
2446
4484
5099
9566
6645
9447
3218
4348
6403
6367
8681
5843
3056
8386
9151
3419
9469
8539
5743
6456
2239
789
7551
1964
7379
4921
458
6656
1815
6318
7602
8982
5292
9222
6094
9781
5269
1707
4202
3314
2028
2550
8570
6180
8019
161
5885
5322
5401
42
6727
9600
8137
2140
5450
4695
756
4331
850
2234
5961
6120
210
2238
1031
8602
8766
1787
5450
4987
6727
1113
905
6414
35
2828
5426
7793
8708
1105
8724
2002
6765
1087
8934
7015
386
7424
8394
3556
4210
6895
8939
7671
9207
7124
1411
2894
4738
5319
8318
9589
5695
8716
1565
8016
338
435
6521
7723
861
260
5856
9963
7793
9866
6471
7579
6377
3770
3739
7076
1709
7047
3514
6480
3900
7814
7951
768
2326
7825
8993
1601
5240
3397
2858
9876
2177
3609
6161
5349
5412
3937
867
359
5857
8389
1497
5762
4796
1605
9021
7290
5460
9395
3446
1660
9741
5306
9969
8518
4102
9120
1065
8340
4426
8799
360
4499
6714
7573
1247
7782
7150
6291
5216
2798
1272
1660
4992
9430
235
8080
8814
7314
6946
1433
8536
8108
2996
2057
5541
4535
5479
9792
1796
8482
320
9472
2475
6459
1610
5047
5892
8407
5051
6825
72
5683
3894
2162
3148
1672
4997
3545
4156
6678
689
249
7863
8895
2586
1044
6916
3602
488
1314
7320
4508
315
5583
4833
4166
6261
8161
3778
3489
401
3906
4345
7608
4521
9490
7812
8093
7007
7843
8444
3168
237
4264
275
3568
9357
5118
9015
6698
6544
747
3117
2909
2597
3849
109
3543
4293
3551
9102
5992
1362
3604
7512
3686
9561
8951
3848
4630
2063
5561
824
4835
3835
6292
3422
4018
2861
5598
6795
5007
8103
7857
9263
3086
3930
9727
4904
9892
2893
7968
1525
2495
9818
1007
3221
9366
1939
4216
9437
9225
7441
6724
1910
8633
7742
1844
1929
7945
6156
2824
1872
3854
7943
1564
1360
7420
9911
5681
2851
95
4908
3801
8877
3072
6826
3403
2896
9401
1095
7972
7951
262
1450
5822
438
1131
5960
3064
6599
4725
3462
3312
8085
399
588
1934
1876
4391
4335
5974
176
9319
5461
1064
7639
1112
1441
1868
6304
3603
324
7556
6137
474
996
3855
1040
8207
1961
9362
1040
5365
6860
5011
9186
8266
2775
218
8366
4523
9611
846
6723
6173
785
3025
6913
8778
308
2329
9247
2560
2363
7264
6586
8123
6134
3160
8464
2643
1161
8512
4538
3575
4050
9899
3374
571
5313
3799
2805
9257
3696
1485
3218
6824
7362
6666
1133
7030
6740
740
6072
571
8137
2851
7005
1503
7450
5898
770
1804
2210
3637
6459
245
9558
8591
6481
3617
4078
1388
327
7273
9546
833
9358
6945
6137
1141
4380
5028
629
7583
4700
608
1296
7711
7720
8159
3530
4109
9564
976
3604
353
3868
6550
3828
9050
7014
6644
8143
8233
843
8040
2625
8787
4175
8554
1632
5349
9449
8799
4169
4802
461
878
7882
5524
7807
6189
2142
6619
9570
3345
7714
9616
3209
292
9986
6859
2103
9418
6471
1163
3320
2454
1374
2352
8875
9984
824
1894
5601
3563
516
8598
4802
566
7020
4179
6945
9016
521
6830
8540
8263
2557
3095
2560
3421
6035
2407
1486
1313
3505
74
5681
3836
6539
9188
6021
4608
168
4800
7483
7750
1223
9973
128
9813
6279
4752
1182
3597
1366
8980
5590
3112
7828
2517
8929
6081
6422
4141
2631
9705
6872
5886
7071
5428
1679
5355
2606
7102
4076
4773
6972
8459
5129
986
4607
4329
9296
1788
2406
261
9004
8164
1579
5635
311
8598
8252
6423
5983
8574
9695
2373
3575
9114
2770
8031
8884
4020
8974
616
6486
4474
4323
3211
1189
4276
9697
4018
4472
2597
5347
4362
2300
8572
8031
9903
5252
4386
5159
7699
7012
7698
9118
1938
5264
5123
2492
8881
4332
5512
5352
1097
6909
8449
4020
348
7175
539
1405
4609
6919
8901
6145
116
8427
905
9719
1870
4976
5393
8008
9292
7938
5680
1398
3096
2279
341
5367
2605
5454
2075
3116
3209
7038
6545
7572
8732
9881
2784
1851
985
6990
1567
6844
619
820
798
9511
5418
8758
5891
4350
7852
7980
5159
3817
5158
7870
1087
8502
1274
8528
5452
983
1509
6987
6713
4541
3063
6390
4229
8394
7762
4872
943
6744
7737
640
5267
1823
4810
8830
1466
9880
806
3743
8565
7810
6466
5217
4794
3530
661
1248
6337
1743
9277
5932
2979
9351
9633
7608
5709
4987
7451
2726
4880
1199
135
884
8015
3650
3419
4822
2088
9044
648
9463
9293
3457
7531
849
8004
2980
6183
2590
6861
7477
4300
9299
5242
9717
4868
8752
2533
8307
6971
8997
4263
4194
7863
7963
8715
280
2796
9551
5517
1516
5858
957
94
9603
6814
4407
2047
3215
5896
2623
2191
2295
3323
2800
2361
8151
5559
3591
1798
5685
1717
2128
1768
659
6967
6550
2964
939
1583
8608
5083
83
2370
2283
8343
7284
4952
4482
6537
31
6633
8645
8647
929
4017
1161
6878
2712
6647
442
314
6320
1880
5735
6408
941
2590
1010
1113
1197
172
3502
9126
4561
3022
6855
9376
5211
3338
1419
7272
3752
5256
7892
8668
7822
12
7584
124
1303
2772
4022
1615
5661
6542
6876
3850
6588
3137
7956
8490
3492
5967
1598
394
4302
9671
6376
6209
2544
7507
5680
1950
868
5890
6945
9374
5545
9466
4177
6746
54
1555
9598
3
6559
5214
9945
7916
7595
4272
5756
4407
6900
3605
8144
4456
535
4422
9460
2229
5946
1979
540
4237
5843
1881
3049
6294
4646
2393
5414
8256
1407
7683
6143
6564
3692
5566
2963
8667
3588
349
1140
4809
4817
2434
7981
1239
8937
338
3608
8089
5555
8598
5808
2634
4762
6880
7919
6752
9373
1269
1398
8972
9630
5875
954
5355
9798
9714
6671
6828
7775
6565
7637
9142
9837
8357
9994
4809
739
5346
5605
146
4163
1400
6638
1927
1695
2995
1804
8754
612
145
7994
7344
9930
8204
2527
6204
5467
4289
9773
9068
5085
7853
4275
5440
8457
6677
5016
1245
5731
4302
9787
2732
7478
1178
2493
5642
6686
3269
5817
8875
548
401
8446
9045
9672
678
8368
9520
7976
8507
742
8483
8790
416
4632
4785
3245
9197
4766
4117
4110
906
5105
7324
3100
6432
2775
3297
6782
3355
7281
7257
302
5794
7830
4703
1392
4170
2160
4959
4867
7341
3216
2835
9143
9267
2590
1404
5008
7733
1441
5024
8011
143
9464
7624
3216
5524
4951
4895
3413
1443
4680
4192
7841
6698
8923
7887
5781
5082
3555
6550
2229
690
2759
4548
992
943
7129
3733
2372
8541
9800
7720
2449
5593
2618
3779
6943
3313
6218
494
4466
4744
2614
7159
4828
5219
8757
2073
2140
8963
8071
5130
743
90
9872
6850
6798
4284
9414
799
9348
771
240
4855
1604
7505
6002
4782
7272
5821
4718
9949
8143
4566
9066
2134
1633
3920
429
6294
5493
5063
2345
8130
2975
6599
1714
5509
7516
8325
9733
1852
7062
9485
7321
915
4212
2765
3886
7038
455
3407
2799
3997
3716
476
4457
3960
948
6925
711
2569
2466
8905
8276
2002
5336
6472
950
5458
418
3066
8991
5465
5073
1816
5687
5439
1352
8536
5249
557
1367
9833
5256
6407
461
744
1329
6632
2810
8287
425
1759
1644
765
9222
5480
6700
2299
7271
3012
3724
6584
7413
2059
1924
9984
737
2661
2663
7845
8669
5407
3444
6765
1014
2119
2488
3807
7914
8449
6295
4746
6323
6116
9008
7554
6715
4388
6802
4535
2734
41
4912
2599
6463
2063
300
6238
7183
5958
3918
1405
6120
5932
4349
4491
2178
413
6805
8616
9797
9926
9236
9109
5601
7494
7290
147
9259
1425
9604
8201
1677
3280
2333
1891
7054
6457
1193
839
8592
3241
4687
3877
5305
6410
9895
9132
6283
2830
6115
8543
927
5177
1004
9925
2964
582
8878
3032
3376
5446
896
5725
6771
5995
6870
6484
354
3771
1433
1788
9896
6148
1309
7558
3487
4136
765
7724
5795
6107
6097
469
9000
3571
6689
9987
8297
620
4890
795
1554
6451
1207
3819
8515
7703
7349
7033
6598
7888
9230
9358
4429
1818
8241
9453
3235
1052
9816
6427
7940
9411
7500
6462
3480
6452
5040
9969
1062
5395
3581
6918
4056
9469
1862
3914
6378
3470
1269
87
9186
3623
156
2449
7203
1197
2325
5166
8742
8565
5011
9597
6114
8673
8174
5731
6810
4926
7411
1456
9631
842
8620
2840
5126
4324
642
5656
1406
4162
216
5272
331
6978
1081
9726
9731
314
8042
402
9315
7406
9669
188
7517
246
4062
7429
6549
4100
2023
8175
4326
4699
8226
8327
1152
5589
5449
4853
8798
2694
9281
1505
9588
8365
6645
3519
5382
3132
6742
7350
4015
1513
2039
492
1648
9958
6452
3400
5808
7728
4987
4360
7577
5690
4719
2804
3417
9008
2486
2636
8258
6308
767
6862
9734
7690
4312
7354
6357
356
1066
5185
6868
135
3194
2035
3078
9576
8021
117
8368
3632
3552
3715
2192
8797
6793
2060
6568
2913
4848
6444
3527
7585
2884
6178
7233
7394
1893
1340
9554
441
874
8109
5162
8175
2092
3322
1882
143
2643
8889
1549
8223
7334
5724
9556
6836
4924
420
2947
9624
1627
7905
3891
6739
3218
8931
9469
3936
5391
1147
2605
2641
5904
702
3234
8106
3228
7889
1734
3684
5820
874
6647
5829
750
957
7222
7584
2582
9303
8189
9720
9136
2141
7083
9364
4692
8944
5797
4347
4820
716
9176
3933
5641
4464
9473
2436
9138
3919
3212
7695
4813
2370
5459
9897
9480
5521
6726
3023
1733
7670
6223
8692
408
7328
4848
6886
508
4917
8407
1013
200
3609
7064
5542
4680
8537
2024
8855
5998
6001
4133
7422
9791
6221
2110
8476
6444
3732
32
5527
7150
8063
5484
4306
1198
126
294
1961
9557
2979
8481
945
2820
2784
7144
1414
698
6677
2304
9386
3443
677
1042
8352
4997
922
7751
148
1075
8935
9806
9446
1341
384
3791
1453
4400
4223
2777
4854
4215
7686
8827
2800
575
2793
7174
7678
9481
7298
4768
2679
6480
4032
7648
4964
4598
101
8764
8243
5760
9472
5323
3794
8491
4882
5137
3185
9126
7913
427
3073
8967
256
8388
3705
8289
8785
9296
6661
7400
3751
8638
3284
8744
5843
9605
9247
876
239
9311
1784
8245
2473
8617
6653
7987
990
3600
6532
3238
7392
1464
4224
2889
8631
8303
9734
320
2496
171
7842
6840
9416
8992
9852
4901
9900
3549
7402
6680
4879
7666
7904
4454
5703
839
242
9940
1372
4920
4871
1073
5635
4584
7166
110
4210
2302
4636
3107
8666
4942
8578
4803
7014
8919
7307
1876
6350
3551
9981
339
7967
646
4707
1870
8426
7559
4072
7246
3976
5342
7573
1582
1755
8595
8042
9322
9925
5947
4250
8958
5482
4815
1741
1208
9585
9489
1239
9379
4609
5368
2926
4027
5339
4365
3088
132
5243
6888
7600
5340
6089
9415
1178
2644
4827
3271
1189
9656
9574
3294
4343
9365
9450
5057
4229
1421
6444
9992
707
4353
5296
4431
8294
5154
8523
4455
1406
755
7413
1509
2902
4803
7802
19
2031
9224
8892
9769
2954
779
6049
1707
776
8403
3745
7638
7268
1969
4942
6576
1917
785
1773
1415
784
1909
9199
7186
6666
1192
8541
1456
7947
1900
9460
609
1302
5254
1992
6220
179
9223
5987
3461
529
8448
32
9026
8162
9101
7510
6666
5933
7564
85
2893
2664
8978
8255
1496
9866
2256
3669
9179
9417
2485
2700
1897
4573
2389
8391
3020
4372
357
7509
333
7783
5831
6240
8153
1468
3122
1987
6457
400
7990
6904
1609
6584
6609
325
873
8735
6460
6386
1923
5086
6883
5164
8886
6825
1629
3999
8483
6507
4679
2044
9447
963
6996
4281
2175
4540
9693
6020
5167
1669
7245
2031
1334
347
2965
5821
5781
9527
1444
3045
1779
4360
3031
79
6836
1719
7757
5557
810
6220
577
1803
8812
1584
8771
343
2208
42
5905
3911
2916
6263
377
3526
7235
4069
985
9057
6450
2384
8348
213
8532
1950
2424
5506
6698
125
686
888
6557
1403
8659
5432
3583
5294
9228
2326
9583
6420
7267
507
7035
7594
2707
7012
9598
5525
5102
5645
1129
499
2345
8662
6150
3798
5714
2784
7219
2038
3537
6176
3570
7019
1775
8276
5695
3698
9715
159
8764
4762
5849
2492
8765
9323
3955
4072
836
7642
1955
8632
8573
3562
9235
6945
785
9144
6694
44
6550
6763
8797
8657
8282
7706
413
475
1736
6109
428
4502
3242
7073
4387
9379
1447
9932
9366
4265
3228
7971
6244
8180
6838
2050
6109
1926
1818
6504
2223
4306
5307
2240
485
4667
4388
2934
5929
3065
31
4587
9906
4321
759
8800
9603
5263
2490
1866
7981
7967
35
1931
6820
3019
8697
3364
4247
1891
9707
403
1398
9754
5426
774
3792
9769
9371
9383
3072
5169
8567
8073
2899
8785
5439
748
952
2475
9024
6972
2774
9045
1969
1320
4957
1069
5167
1383
2630
8675
4075
7333
7222
665
7401
7798
6344
3426
3044
5006
9485
9760
9469
1643
4426
1866
9448
519
6836
1219
2055
8964
5714
8332
4017
5766
7973
9994
8862
7097
9331
6128
1665
4283
4980
3998
1623
3868
5860
9614
8257
4918
9829
6611
2297
980
5561
5589
6101
1501
4938
533
5874
7804
6352
8567
9780
8060
5688
5307
7835
4201
7593
6751
8298
2595
1250
3000
8930
3094
9362
1160
6189
6955
2676
5343
5459
5297
5974
5678
7852
2748
7880
1460
1999
8744
4951
966
737
5762
3674
7982
4932
55
4871
5832
9439
4090
8126
8940
6848
9635
4799
8943
4592
571
7135
1110
2381
2077
5513
2028
7968
9567
5007
8637
4732
8191
4280
8861
6851
5704
9339
1870
7846
4748
6998
7424
2882
1756
5210
566
751
3281
9753
2381
7972
6597
5974
4082
5628
3635
9429
7066
8047
7837
5444
8109
818
499
4986
3988
1854
6990
6597
6622
1019
1896
1085
9634
7538
3368
9641
5446
481
9750
2084
1381
4107
2955
1474
5326
6148
4821
977
4093
6033
9770
3696
8137
9559
5784
1995
4006
6943
7072
7283
4686
6529
6643
9970
3727
1624
4412
9198
8312
5373
9957
410
6805
5739
534
6180
7707
4505
723
9590
1211
9047
8821
2103
7222
4595
2885
3412
1339
7241
9602
3080
9598
4297
7002
3082
9736
350
731
7403
4132
627
4232
5240
9124
2500
5102
332
7025
6696
9226
3414
1801
956
1859
2908
3521
6893
3354
5690
2064
9731
2566
4555
5913
8920
7161
7136
9641
6703
9099
9954
1626
6185
1532
2455
864
6861
4513
6803
1226
3117
581
1527
6632
335
436
148
1030
5872
5373
5950
590
175
1318
7042
9437
5626
2425
4093
8402
2604
9652
9767
8405
1748
2218
9395
3256
9080
4514
8404
2772
7745
9915
2864
7078
6837
967
2880
9112
39
41
8805
8205
4257
1098
6481
1842
4148
8771
4319
902
5399
8310
9681
6704
5903
7412
7446
7029
9149
2021
3695
5256
4365
2074
999
4381
7936
5586
1210
3573
6492
6793
9545
6224
2819
2451
2404
8315
5902
5785
1704
7320
7605
4954
2012
8499
1630
8471
7686
3247
5610
7235
1870
9584
5853
1205
8478
2209
4693
5607
4990
238
8366
5368
4105
3399
9517
8882
4988
4150
7244
5530
5972
2563
7968
8438
6194
2067
8637
4317
3402
5317
5615
2346
5708
3819
666
5375
8950
3568
3769
1296
5497
84
4960
1448
2197
9451
4921
7183
3145
3683
6070
8950
5514
5015
9064
5968
7057
3833
8462
3508
1268
3968
8285
828
3889
7188
369
9769
3760
9137
1377
5275
9504
3248
1352
3219
562
4635
4706
3536
8236
3872
8656
8196
6333
368
1406
8632
6307
3918
2048
9654
8859
2430
6537
8491
7053
7595
8285
6635
8609
6394
2123
5535
6798
2322
6169
4365
3086
2760
1648
9615
5053
9598
3174
5002
7893
3600
7263
2454
5309
6865
8835
7460
8996
1929
7357
2873
6135
6867
2886
3748
7746
1103
3630
4832
9033
3482
3520
917
9916
6066
9150
1018
2655
1677
9353
657
6594
7943
6552
3129
8067
9260
4881
8128
9322
9594
2133
2247
8316
5617
7216
8170
6221
5363
6628
5371
2551
7650
7941
4217
6591
6767
4083
3992
812
1583
9596
8564
2444
872
1216
6274
633
9167
7969
346
7100
3486
1433
4548
1279
2454
3945
7218
5778
2660
944
2460
2593
2366
4234
2794
3066
3596
734
1174
1743
1128
929
421
92
7430
5280
9224
2139
728
7987
9948
8495
9975
3221
4530
2503
4123
158
1894
6007
3639
4815
9941
8668
6984
2702
7744
6680
4562
2780
2456
2072
5631
3975
3404
5137
5611
6323
1098
1449
5667
9443
9879
567
3125
3820
3346
5293
5081
9633
21
2517
1458
527
8477
401
6003
8392
4025
8512
2134
7863
3939
6616
9368
7782
4233
1358
5473
3004
6637
479
7735
3729
7580
105
1794
224
4248
2951
4426
4341
7382
8540
7042
3908
6443
6398
9043
8225
9907
2077
4781
498
6647
3559
6180
9894
3713
9922
9594
2954
9065
2503
7989
9677
4651
8507
2970
116
9260
4098
7654
2440
2791
6681
7371
6988
8518
6425
3966
7675
6932
7606
6258
5843
3740
1902
4952
7593
359
1336
756
8474
2519
3238
3195
9779
6460
4766
179
8958
3451
5433
5337
8849
247
9499
9316
7226
5765
3666
4971
1542
1417
1743
9515
4138
6106
1892
5474
2485
1123
9401
9843
4794
6942
7330
7717
4785
6425
1022
4702
110
5602
1703
4956
3545
5570
2094
9270
3479
9903
9319
8516
9696
621
1202
2308
7299
9231
7705
2666
4802
8273
2495
1676
6324
8255
1287
6949
6747
3392
8426
5593
6502
6979
2420
1975
9395
4001
4698
4387
9325
1267
2600
2262
3087
9765
9913
3457
9891
8476
1941
7479
2936
1344
5959
1681
174
7992
3362
518
8964
4071
2381
1726
6471
549
3405
2878
7109
81
4419
1852
1013
3151
8147
7707
5618
8197
1271
1833
5873
1541
4976
2194
635
6789
3070
3707
3786
5005
4172
8090
9223
4820
9743
9559
7122
4242
9376
3365
2809
3557
4402
2284
7074
7360
3295
2723
1361
2856
9879
1338
8208
9203
3158
5181
759
3794
2168
5957
9804
8735
7633
5917
6946
7507
7702
2827
258
7730
4906
120
9643
7397
2449
6218
1392
7680
268
9355
5077
5575
778
8839
7892
2212
7070
9085
8718
8154
8276
7214
1212
2490
8834
9926
3255
5917
9701
4897
3146
3000
5348
7672
4972
8514
7569
8868
8443
1536
5583
2148
5609
6610
6113
5073
4794
397
5392
6808
5950
6267
3912
3311
6192
5441
5735
9464
762
6635
2917
8520
7147
3931
3394
978
9604
8429
4293
8735
7999
2589
4430
9107
1464
1775
347
261
8528
2368
424
3634
1355
5602
3620
6489
1534
7395
7508
7709
8827
7520
6887
3867
4291
5840
1609
3009
2267
3323
6631
44
1543
2902
3882
6571
8308
7180
5118
4345
7060
6897
281
6104
9187
6493
5316
4537
9013
5229
3170
8480
9173
249
9269
7440
1284
1993
9344
5070
2785
3470
8110
3014
9199
2802
1713
3471
8747
1149
8399
6695
3185
7001
2412
4909
4945
1755
2011
3428
2091
8627
8867
4043
3093
2454
8926
4463
3692
5978
6543
5706
4371
8371
2086
8146
1752
72
934
9425
759
4482
749
2898
7453
3618
4541
3015
8372
3028
6856
6432
2515
1118
8968
650
2425
8026
9848
7553
6867
8016
9899
4446
7771
7069
4512
5966
57
9599
9136
1903
1695
5915
5096
3336
598
5462
1054
78
8526
3889
5928
5514
9341
3509
6128
4087
3324
3398
3815
4108
1343
1758
1086
867
3990
8726
3475
4339
7671
4968
6604
8015
8403
8774
8555
9584
2787
6228
1201
6806
9481
5695
7207
515
1890
3460
2709
4191
5310
4452
9822
750
6264
8932
6964
1236
9309
1218
2159
265
2222
5382
659
9845
6407
1505
6440
6629
5990
5980
1378
5759
474
2261
678
2813
886
4188
8714
3617
2146
7750
6674
88
259
8276
3624
9316
9152
8439
9665
8133
4795
8683
3907
3344
6084
627
935
7878
7487
7240
6157
8850
9405
6842
5941
5985
3545
4498
4723
3192
4111
1325
1430
5531
3823
9340
8658
1334
5367
7278
5403
5851
8930
8685
2699
3052
4830
913
244
3603
914
6690
1093
3669
7124
7421
6681
8041
3711
9392
5415
97
4663
5029
6674
6975
1889
6436
304
9813
7395
1181
4524
8791
5481
1431
5764
5674
9826
1329
3649
7174
4441
4788
279
6591
7445
5346
4536
4796
197
3919
4470
1667
5293
6420
614
6376
6767
8318
7759
1609
7642
2401
198
1935
9546
226
5594
5042
9044
4749
9573
5655
9680
4679
143
4659
7301
9263
143
3979
6306
1921
4462
55
519
519
6680
6535
2472
1360
9804
2609
9550
5359
5150
9944
4564
2698
3866
4670
6819
5585
6656
8798
7525
1403
2230
9432
1746
6005
3895
8424
7084
8966
120
2031
1006
8122
9844
8092
1076
5256
4997
3804
6206
8169
6677
5393
3019
4351
5415
1636
7982
4468
1787
9730
6190
9882
7865
811
401
3041
9350
7320
7594
3358
7263
2526
3929
3084
91
2024
3362
5139
5463
6064
4043
9007
3666
7944
5868
6697
1835
3517
9585
7634
4416
6460
5918
6908
7538
5019
8860
5167
6281
8943
4670
4286
1585
9539
6600
1918
9590
1879
503
8450
3246
2098
5856
4995
4237
8858
1991
9328
3131
655
5417
2388
3706
5426
8065
1706
2127
8499
5972
5150
4591
7642
1312
6387
2565
5082
4732
4932
8777
9361
1384
9180
9374
4635
2088
2578
9369
8207
4156
9685
867
8508
1151
6738
3217
1656
8125
3633
1538
1961
7778
2634
8424
9642
4715
8951
1096
1343
4452
9445
7539
1287
2202
7073
8855
8726
4600
5470
8659
7076
4459
5147
1048
9671
746
9054
5097
7275
3134
4424
1431
7940
3644
6740
8662
4390
246
9448
5281
9316
3523
3507
5101
2538
1101
9126
4880
3413
9774
4563
156
1442
4136
4947
9303
6056
330
3607
2220
2304
5775
5253
6500
9243
1391
6486
1335
6267
6461
1052
8407
1317
9540
8347
7659
7028
4199
6076
6918
2639
2906
8915
8493
2405
1916
9114
9300
9411
1050
2850
9274
1755
6033
5988
9389
8440
6554
4530
6747
8993
6588
9952
5517
7595
2087
8778
622
1474
9441
7785
8766
762
6294
3307
828
8760
6680
4475
1939
2880
9495
4275
2259
5359
1783
6151
618
6836
6283
2148
6480
2861
6687
8698
429
7453
8189
635
7269
3026
5106
3464
1892
6548
8516
6453
4775
2871
5624
9029
2265
1177
5594
5583
129
3136
3599
9370
1186
8123
2581
7567
4355
4093
5894
8399
7415
9450
934
4219
2621
76
9586
1304
1382
3500
8474
4558
9143
7439
8456
8725
3840
3051
7546
3919
5649
4182
5603
726
1286
8072
2057
3017
5747
3005
9704
1926
224
6498
1019
7843
9150
7697
7004
7144
7032
3422
8173
7952
4329
482
9418
9412
1238
1794
2958
4170
9947
5072
5522
4567
734
8471
3096
9180
9484
114
846
2719
398
586
7320
7107
4544
9392
3384
3474
5542
4223
1282
4846
7523
9787
7570
1904
5872
7152
1277
6595
6135
7937
1488
3545
9744
4588
9975
535
2931
5413
8464
2257
7407
5889
2583
222
2993
705
202
4876
2952
6634
7594
1800
6337
2381
6785
378
9285
7468
8557
2996
3033
1169
3187
692
2323
6636
778
5912
8469
3373
7743
5627
2096
2715
8283
3232
328
6471
2953
2293
969
2093
9663
9261
536
6172
6824
6946
1427
8888
6553
6777
525
8983
5284
6042
3136
3545
787
5823
9791
6773
4408
9431
7385
3340
5655
31
5721
7525
5506
5223
8228
7
152
2816
8079
7603
8583
5526
8557
5224
4781
6775
3080
895
3553
2302
1428
8537
645
102
3666
5001
9012
8381
1441
540
5631
575
2848
6575
7014
1877
682
6057
5811
8099
5710
8336
524
7597
7693
793
6989
3031
4283
8017
899
3649
7312
2814
1292
958
3642
71
2970
8935
3943
5434
9697
8163
2089
145
7286
7777
7752
1928
3625
5316
7204
376
3698
6780
9715
5802
6859
8529
7525
120
7284
3428
7663
5718
6471
5737
9582
7333
5106
9685
3037
8153
9222
5572
9143
8193
2324
1532
3002
4298
7476
1109
2603
3489
2263
348
2581
6181
2209
4722
3299
8988
633
4058
3444
3005
2308
7936
6360
7636
168
9737
5782
9321
5374
7753
9726
1791
4870
3656
9745
713
7575
2657
3745
8119
5249
4494
3377
2982
2997
621
5123
1208
4114
1955
2682
6691
6929
1579
5923
3770
4395
4123
9638
3810
2407
4379
3851
5280
1693
2393
1608
3220
5507
6425
9922
9125
9295
3854
7164
8169
5214
5173
1779
6350
4905
1662
5259
8893
9730
6453
7872
1609
1116
2488
3330
4256
2242
7524
6025
8678
4271
8442
5114
5409
5476
48
6089
6054
5242
1062
3021
1935
3881
715
9088
681
1383
9315
8619
283
876
3373
7445
5244
1206
2900
8471
3786
3781
4219
409
3922
9922
6692
2074
6665
9394
7768
9100
3859
7047
566
5209
1045
8598
8614
4407
51
6037
7095
2431
5010
3768
8466
8544
1302
9611
5591
9825
8299
162
5728
4659
3973
6168
8449
3554
9909
8926
1983
5475
3721
8646
209
2277
243
7179
7792
6680
3431
6879
6103
860
2219
4195
7048
8174
2348
7077
4160
9672
7884
1882
3979
6011
7856
5369
8680
8294
3788
3895
5562
6935
6738
5027
9190
4018
7466
9041
3821
6768
530
6993
5043
3789
6023
4198
967
9603
9956
236
1878
8242
7456
8283
9234
1137
7195
389
481
5362
1285
1954
4080
353
2645
6990
5492
3979
5485
4620
8931
1053
1130
6777
7238
896
3945
4974
9288
9893
6428
672
8898
1010
3316
4542
5080
521
9987
7080
2400
566
8991
3687
4039
4855
7985
4285
3620
7528
3321
1540
7433
4872
1485
925
4851
4396
2569
9431
8221
5741
1824
1019
3138
3789
8907
7732
6231
1084
8732
9498
5698
5243
3248
3431
5198
5744
7624
844
216
1235
9349
9074
6587
1941
6053
6565
6776
3532
8549
717
9502
7384
217
2222
5009
2828
4900
4530
3963
9791
9633
6662
4069
3321
4035
6930
8889
8235
8608
9865
4862
4732
7149
9401
3025
9836
1893
4170
9858
6413
3491
4258
6955
90
2596
4387
5068
1172
1222
9224
574
4274
2697
128
5805
7930
4295
2178
6741
8863
320
2231
386
7431
5686
295
4175
1259
4508
9762
1024
3550
8880
217
6218
9981
464
9120
5555
3792
5664
7551
173
9971
7022
1524
8512
8775
8208
9662
416
1376
389
8972
8965
8998
6476
2711
7974
9576
4565
6663
2637
7811
1988
8098
4660
4673
8031
6808
7465
8581
863
9739
7970
5802
54
2783
6080
2467
9897
3947
9613
2977
6424
6316
7046
5018
1979
1688
8252
8252
1766
6051
4155
8159
3850
4992
5846
935
7670
22
5688
902
773
5219
2137
9047
5128
2430
9243
3508
7204
580
7967
6993
3769
6451
7259
4012
896
3937
7789
7158
1171
9256
483
3051
963
1670
6340
7769
2882
2611
6679
3851
9549
5059
7532
5738
2109
5316
6152
6199
489
616
3036
6142
8595
7061
4893
5660
2437
1687
5924
2376
2623
2770
7843
6411
2955
4564
7640
606
8321
9306
2572
4572
4766
5240
6768
6087
3929
9895
2906
9348
175
6178
3621
2021
7366
3307
8944
9840
7193
4625
3485
7451
2095
9976
3162
9283
6185
3411
6026
2221
5969
805
5153
2644
853
2935
2164
4120
1178
4097
385
8858
6771
8302
3788
9694
4009
830
674
4234
7691
2041
5712
2560
5989
9188
340
6478
9468
4712
6201
6637
1590
1309
4415
6240
1217
581
8586
2316
113
5562
4503
5979
1448
7517
3674
2102
8261
8454
6501
4146
7317
6640
3246
6918
7769
7912
4180
288
3038
5733
2140
9973
412
1600
7116
1249
8376
4811
9732
3829
6312
2467
4878
9904
2863
9136
8985
8641
5949
1312
4555
1831
598
2355
9563
1530
6146
8901
3509
4
5476
6355
5374
505
2296
9810
4677
6014
6324
978
2546
3513
7791
734
1301
9717
3031
5964
4558
4552
8487
7181
3396
4444
7374
6499
6568
8141
9660
9935
6685
5034
7225
1106
4202
5879
3909
3139
5334
8258
261
2150
6694
4861
8208
1181
6664
4987
6064
1077
6695
4284
2707
4935
4865
9654
4805
6425
435
4775
7376
214
1164
9983
1915
8813
8301
6156
6081
879
5076
6188
4235
8896
2699
2261
5746
554
1020
5942
5824
4554
7660
3089
2439
93
7780
4047
3911
9248
3947
3480
7317
2097
5556
6796
7113
3526
6141
4976
1492
4267
7912
9058
8438
3913
4984
996
5101
514
5068
6256
9807
6146
5613
704
2825
9436
300
6335
3357
6001
3047
5833
420
6035
1344
7559
2938
7168
8787
901
8708
6814
1768
6947
3179
1369
2025
8840
9846
3354
3031
570
4176
1254
9241
2334
3743
271
1635
8103
8128
2512
9200
3410
4734
3867
1799
8749
9984
3474
522
2488
5346
7517
5895
2056
912
8093
891
9423
126
2236
4854
2893
4674
2702
8528
7523
5571
236
5863
9378
9278
5476
1234
1150
4431
9100
3068
7802
6847
3221
2235
2599
1727
5433
100
7262
6745
4284
2978
4637
5142
9000
8036
3831
8299
1140
2369
8748
1766
5565
5417
4660
784
1409
3663
2878
5295
5580
3884
8200
2271
2358
611
5511
10
2017
6418
5192
7549
2434
5020
4273
6077
6015
3979
1627
410
5531
6031
7454
1128
1807
9596
3264
9256
3456
6966
6809
3550
4542
9527
9848
1080
3484
4021
502
8421
6400
738
9231
5134
4181
7762
4906
1374
4055
115
4135
6188
3443
3995
1526
3338
858
4711
9336
2634
8160
9159
7633
4672
1571
985
9841
5958
2089
141
8428
5142
1518
7380
6692
3313
6602
55
9980
4926
2490
3742
4070
1278
607
6983
3667
1398
350
2078
2566
567
1115
2332
6216
3421
115
914
8795
5981
5548
3086
2182
8837
4584
287
7953
9988
4739
3058
2720
4641
8090
5461
752
1180
4804
5304
6941
3943
5190
7958
2538
5519
5051
3665
5290
1498
6875
6587
2352
36
5346
8404
1797
5705
5363
8620
4870
378
2057
6764
3118
8974
2306
6193
5998
4270
9696
9496
8795
3923
6090
9547
7560
5089
5729
4787
5748
9479
8697
3205
48
5928
8939
276
9461
510
5721
7890
378
2219
4097
907
9024
3812
8019
6213
8720
431
908
6409
2152
3982
4949
5340
2528
7503
6191
6028
7865
9450
4839
8312
3757
4176
9945
9146
7079
2015
80
2812
2573
2737
6639
3220
3577
7253
4947
2587
4735
3234
3363
3171
4641
2713
4021
9175
2983
4723
7706
1475
3343
9014
1849
376
1795
3685
62
4711
4546
2276
9867
4302
9048
7749
3520
6696
7187
9447
2588
6063
3503
911
6098
8777
3494
2687
1270
8969
671
2124
959
5153
1070
1169
4814
2824
6758
4160
3705
9286
197
5964
6412
684
5737
2153
192
1885
5996
6614
3704
6566
1539
7057
7263
4532
2349
861
9794
7505
6585
5044
6370
3597
7655
6372
1050
1054
2799
9721
2786
3501
2931
9310
7983
337
3097
4859
3279
6234
6073
8159
2796
6599
356
6815
8018
7919
3075
7485
8485
8241
3076
894
6261
2913
864
1693
9323
7480
8511
373
1532
9209
7264
2189
8084
2316
4652
4935
8182
9106
9154
7174
6433
4141
9789
7209
136
2846
4169
234
1680
564
290
404
1981
6621
89
6070
9775
2608
2690
2427
8978
5347
9144
3963
2814
2984
2216
6831
6908
3969
298
7075
3585
2380
2319
7400
4201
9976
8166
527
7473
6020
4335
4358
5262
9386
4490
5094
7699
6422
6947
2237
8965
2549
9720
2290
3188
1877
2051
5288
1658
1625
3649
7718
1755
5764
7494
244
1405
2558
3416
2045
7497
3523
490
1266
3433
7928
1358
4892
9704
3124
3424
6290
2158
703
6269
198
141
7122
95
2219
8459
2745
5969
4248
1141
1733
5506
6041
3737
1057
4934
1483
8693
1642
8967
8828
7008
2242
2945
2229
2905
2116
8081
8222
1659
1307
6663
473
6761
5326
3006
5386
4921
2438
409
7201
450
1303
4801
5337
8817
7205
6479
389
1985
4282
4627
2366
6601
4143
2700
8921
8872
2380
5052
444
8155
910
4426
1680
9816
7209
4103
1124
9971
9183
1850
8199
1654
315
3895
7324
180
5385
7290
2465
8439
435
9748
7030
1482
6910
2494
9009
3215
7710
9341
7012
8883
9628
474
3056
2551
7593
2552
6947
9402
3331
6561
8114
8946
9389
840
1700
9745
3381
5509
7730
2179
9130
8271
3076
5316
6829
298
8573
2193
7096
5523
7097
394
2997
2337
4327
2900
2541
2175
3513
6110
8334
4242
9744
4684
6638
3841
6080
3919
9218
6022
9186
9804
6260
397
6476
1375
6331
3814
9453
527
2920
8676
6829
2597
1422
8029
6846
843
6523
3329
17
2793
8412
8327
395
7836
2642
5586
3091
5782
4611
4432
7433
8278
4585
8057
8181
9003
3033
7145
2951
6018
162
4414
1089
6127
6771
5897
8036
84
4
9693
9635
9370
9715
2132
8459
3181
5617
3743
37
8665
871
9516
6540
7549
5834
5604
3032
3368
6183
6910
8601
7493
1124
4395
3701
8928
7903
4199
1150
7244
1419
139
2705
3860
1543
5100
8735
6992
6430
2698
6060
9878
10000
7301
232
6814
1186
9329
1066
8323
7206
8162
8398
1935
3462
7986
9730
3508
3490
1057
9628
8410
1121
4808
8601
5529
9977
3440
2633
4987
8736
7171
8188
8816
3113
2811
8050
4293
6095
2694
4297
8733
5261
6157
1937
7211
1879
5173
4713
4013
3526
1359
5290
1511
2021
5151
3096
4346
4068
7271
4203
5342
9678
8448
2741
439
2882
8983
3108
5480
4665
4878
7940
1876
6268
1183
4429
6578
6161
1069
9233
1678
9178
7347
6081
5636
1464
3762
1090
4830
8089
4027
2851
3959
7117
2951
9850
1958
8188
8555
969
3343
4913
9239
4885
2403
8632
7427
2753
2974
8533
3510
3631
2902
8977
9208
2630
8652
2521
4846
5502
6521
1248
3276
8655
5531
789
9266
1607
4911
649
5915
1411
1806
2986
8644
1101
1480
100
7091
5828
8854
8333
6409
2892
512
8195
309
4049
4641
3433
4084
8512
2739
9189
6109
307
7531
1512
6666
6551
502
2730
9428
5619
3969
3510
7152
6377
6373
9202
9989
9915
1671
384
3866
5980
2040
5395
6529
3229
6267
2797
5893
300
367
4419
7095
9763
2130
9568
9755
2359
441
3603
657
5059
2839
4955
3329
8814
5852
8759
4720
6878
6419
2151
6744
2795
9022
8624
5168
3841
5709
4480
2894
8914
2788
9031
5476
3862
2164
6555
7248
710
935
2881
3303
6994
7629
4631
9218
4710
5730
1869
6015
4033
5310
9284
5796
8830
8940
1296
8628
8384
378
4561
389
740
3229
5410
5891
418
1709
391
6218
6246
6518
9388
3152
9757
37
4014
8223
2925
5435
8280
2519
1613
7265
9003
9894
2104
9473
3751
7856
7107
5796
6561
9675
6372
8608
8358
2168
7897
8648
7997
8496
3948
1119
3563
4288
6557
7433
208
1732
9633
5611
9852
3264
5106
8354
6838
3053
9277
7369
4635
5835
4547
5285
5317
2788
7604
6755
136
7004
9712
8477
5472
4083
2799
3838
5630
4304
3996
3830
4461
2374
1977
4483
6001
7887
587
6442
7642
603
4955
9387
1858
6129
2350
701
9513
1070
3840
80
4363
9241
4712
3948
475
3303
3262
3681
1212
891
945
6548
2202
6398
2942
4926
2838
9352
9831
192
2604
2553
6997
7472
9430
2557
7405
6635
7932
6298
5841
8714
9862
2410
9229
4470
5834
7872
2684
5668
2018
9621
4257
2404
8741
3249
1358
7060
3340
9420
2306
6729
3679
3211
3830
4199
5404
7552
1718
1222
6245
1393
3199
1288
8020
4894
2441
8387
667
8102
2470
4240
3809
2288
6701
9442
5408
8111
3445
5650
6661
3224
6997
3312
1253
5348
3847
7906
5733
6623
9107
6191
6269
259
4836
1876
6718
6494
8616
2986
6339
218
5889
5094
4009
7297
1621
3356
9654
6515
3429
2537
5328
6763
3956
279
4174
3848
1566
8901
787
3476
8594
2918
561
6633
753
4727
7719
9184
6682
4479
93
9010
4529
181
3421
4517
6377
1199
6572
3506
3867
7521
5703
9821
5846
7111
7400
1391
3461
3413
7968
3059
6643
8166
5038
9737
5461
5436
8478
7725
971
8164
8300
9160
5277
5790
7444
5025
1022
5057
4712
8404
648
5778
598
5486
4075
7700
9896
782
2940
1214
9421
7285
141
8997
4738
5387
3018
2292
8371
5433
5323
5509
4951
5524
3095
990
4645
6978
4477
3651
4402
9167
457
6965
5910
6560
3451
9705
3969
7003
8517
4135
8695
1414
1883
1762
2236
7144
3786
8932
1826
5592
6173
7191
7963
9669
4312
1815
9708
3971
2699
101
9619
3800
1564
4686
7913
607
790
5177
5523
9825
2776
3272
2760
1175
1337
8471
3714
4356
5793
9608
2542
3584
4234
8552
547
8032
6803
7595
1690
8191
6668
3550
8240
3879
2159
8750
3753
2374
1183
4542
6677
2139
2050
6686
9146
6245
2473
5536
5412
5030
8374
1245
5153
8665
7695
8008
804
4751
8355
5814
8405
7349
4308
5642
6525
8191
7152
9020
8917
2939
6606
3109
5946
2701
9131
410
4755
6444
2719
6431
6042
1892
6847
6236
448
7694
7704
304
4515
6314
4225
210
2194
9463
6056
7191
3562
2961
9773
1596
6596
31
3554
3877
6168
6306
3209
280
1650
3417
3388
7088
9080
2371
9589
6686
8582
3704
1520
4438
5051
5188
3590
4885
1552
8261
1091
6113
8278
9328
4651
4888
6357
9330
897
1785
7407
6181
641
1882
1603
8648
2446
7003
2796
5643
1249
7816
6746
9507
8935
6235
6655
5671
6233
7115
5190
5373
329
3553
5592
8817
7878
1455
5368
6361
629
1844
6042
9938
698
7421
7491
9780
1362
926
8203
6315
1564
2669
8854
2946
4969
7135
7427
1023
3106
896
9464
3067
7566
2525
9387
3776
5746
813
6340
5923
8880
2008
7840
901
9625
5852
8902
4186
6332
4702
5175
7047
5817
8969
4081
2336
4741
1885
3962
7544
5768
5867
2948
2506
1232
8102
1178
3302
3737
2289
8790
2217
6489
3546
6578
1513
4506
5281
7471
976
1361
264
3397
7629
4823
951
292
9717
8237
8191
1092
9172
927
2641
9028
4097
3817
3583
7056
9152
7979
2885
4486
5277
8441
5138
8538
2033
6423
9361
2870
5418
8630
249
6148
6561
9260
8715
5383
9381
1807
3306
2673
4868
816
7591
4487
9022
8297
1315
9599
9184
321
6448
8016
2108
6480
2760
537
5076
7723
3875
480
3975
4293
3842
4304
9803
2226
4973
8512
2209
525
6250
876
5151
2715
4756
1370
9335
8744
9487
8743
887
7863
1410
638
5408
8476
7093
4523
2990
9707
7936
3397
6520
8994
6015
2767
6902
3041
8884
9543
1850
6725
4764
7889
9464
4499
8313
925
1627
370
6343
4416
8037
3821
7896
3889
8449
8395
2776
1836
2928
2646
951
1265
3506
1175
5467
7560
7557
5191
2730
5917
3850
7989
4244
689
3041
9455
772
6967
6742
37
9949
1444
1191
7989
6386
2312
3431
7028
3432
613
9509
7287
4402
4618
265
8259
8985
3683
6826
3938
2248
2429
9544
2313
8489
3287
8697
9844
1812
7222
9287
1944
7957
7116
4377
5175
9002
7328
3398
509
1071
7175
8813
6690
5769
1624
8498
6948
742
2459
1813
4703
4891
332
5551
5940
2901
6343
6221
4414
6772
2121
2940
8735
1293
389
9431
6958
2747
5937
8880
5853
5021
5798
2694
3286
8873
2681
4912
279
5286
9173
5028
1677
4395
4165
6760
9096
8787
8780
3302
3893
2773
9585
8947
7415
217
3864
6098
4491
5370
6219
5460
1733
683
2925
3974
1222
3979
4272
4436
6723
860
2610
1785
5957
4368
5340
8750
9633
1607
1368
9832
650
3133
164
5996
9129
9834
5542
7208
868
6490
6232
4377
602
2008
8266
8863
3400
7974
9682
548
1052
982
3063
6667
135
8100
4843
7615
3042
9737
4459
7030
9359
6168
1744
2222
184
5941
4518
1355
3019
3313
6700
5753
9781
8292
161
4430
8420
9905
3789
8535
5432
8491
4516
4210
8317
9618
2687
4657
4259
2649
2104
7126
5560
1407
8345
1422
83
9307
4623
3591
7814
7118
6386
1962
2881
9945
114
4962
3298
7850
1369
9392
7930
5578
2033
8224
7342
174
4032
738
9812
263
1879
4238
2166
2993
9722
2360
5987
8142
7154
273
32
4271
9802
95
6783
6669
4669
7528
308
6020
4179
6005
2592
5016
3035
3006
7437
6750
7077
9547
753
8445
6484
137
5147
3869
4309
9638
6133
9672
9493
5948
9713
6055
8528
7782
7123
3378
9193
2329
8637
1441
731
3179
7031
9976
686
217
4115
2736
6910
9317
3418
6512
1501
5428
5192
7020
3174
8678
9459
5875
4649
8273
2732
5126
1323
4310
485
323
8311
7587
3956
2796
1170
9249
5997
4566
300
7308
9148
5586
2627
4545
2430
8377
4460
3469
3273
6821
2078
5156
9615
6161
9584
7664
9163
4114
5180
7033
7089
9162
4949
6278
2552
2383
9488
3037
8045
2070
16
9332
5989
8172
6126
7655
4729
6086
9431
9579
1535
4519
8591
7566
860
7595
7660
4066
4620
9624
437
8852
9671
2813
2870
9532
7206
1061
997
1308
8557
6993
782
3289
8812
3662
3082
2088
6062
9056
9713
6926
6263
7508
2855
8334
6295
2786
1616
7769
7003
1119
7912
7904
7161
757
1546
1295
9757
3854
6651
5023
800
2806
6071
2114
3941
7522
4816
7714
7829
8261
9801
1510
4814
3666
5467
2141
1489
2419
3276
1985
4381
1872
5054
9255
9376
5203
6660
6278
2780
5334
9156
4610
8786
1644
8416
1994
9735
8147
6983
53
1361
4176
7591
4261
3013
4851
3193
2674
6421
5319
7910
9147
2786
9756
8685
2744
5458
1830
2800
9943
3325
5260
149
7040
6726
9242
7688
5780
4595
4566
3813
438
7414
7828
2521
8407
7697
9954
5494
2602
8627
1245
2674
9121
2963
6562
7265
5573
8614
1555
3235
2631
5824
6829
7841
394
9202
4328
337
639
7126
6077
560
3508
5879
8628
7520
392
7149
8521
5071
1356
4570
463
8080
1529
3609
9524
5399
2968
3946
7937
2215
2226
8961
637
4864
176
9807
3358
3265
5695
3721
8344
3922
7769
5851
7993
2963
7860
8403
4954
8120
1655
9589
1524
3386
7055
6549
5883
9323
2428
2286
3891
3855
1388
5946
5280
7550
4575
2972
5143
6157
1565
1656
6674
4229
7223
6072
8288
3923
4620
64
3330
6868
2999
6583
8819
1502
8719
3984
774
2178
3291
9406
799
6316
2595
1545
2844
1890
7194
552
3427
876
1489
3666
4869
9400
3226
49
1187
4739
3563
6531
5906
3649
4073
2253
3214
2230
2184
6131
3640
7108
1622
2563
7275
1528
816
4428
7847
3637
6378
6104
5427
4481
5691
3678
8525
4555
512
6583
2764
2762
9644
7349
6755
5448
1067
8704
1002
3021
5993
9488
7818
1416
9169
7114
4079
8923
3830
8820
8703
6206
3453
2701
8011
8774
3044
6162
6474
5599
3800
7224
4921
1465
252
6815
3615
2694
9527
7566
1188
6730
2712
6971
2359
9344
6475
8309
8194
1748
3177
8089
536
46
3460
4863
9533
1880
8154
53
7017
8447
4235
9974
8870
3036
132
9835
2374
9205
3684
8491
7671
6117
4469
8058
3386
2833
2340
7602
1055
3216
2120
5424
8678
9264
3939
505
6882
9343
9751
9003
1605
8074
844
1812
6784
7764
9543
889
2431
152
8837
2008
3483
7552
7292
5407
7657
2152
2201
1269
9538
5560
6953
9568
888
4642
3556
2854
9528
5160
2268
5570
3554
9495
2293
6407
6163
1081
5796
4791
9616
6865
6068
2634
4286
5984
8545
1428
7415
323
3165
9597
4104
4286
5196
9935
922
3889
5799
2922
7963
4188
8999
143
9003
1484
6532
2479
5956
8629
8192
189
8041
5108
2359
9951
8555
3799
6684
4429
3742
2515
9110
6570
5971
277
2315
9905
244
7601
7195
7694
3324
4343
182
5309
2409
758
4771
3332
3005
8087
495
1603
8135
7592
6646
4549
8408
980
2360
9955
9343
4129
2905
1409
9625
2907
6728
2269
8534
2227
4194
5607
1912
3985
398
2266
2550
7155
6124
10
8057
6377
475
6474
2152
9816
6671
6468
4017
4537
9541
2563
5283
5686
1536
6792
9442
6953
6296
2059
2985
3736
2440
4325
1566
2842
2869
6441
2190
9536
6214
8031
8500
5258
230
6122
5218
8917
6930
4239
3378
6506
1217
1672
703
8072
8184
246
356
3090
7562
7011
473
4625
2903
4026
3779
6754
9971
2759
6968
935
7542
6354
8086
2121
4657
1323
5227
6654
1405
7829
2747
7149
6748
1053
6616
8420
3184
597
187
5500
3052
7047
5466
9594
3245
3807
347
6398
1168
3404
4544
5379
3151
8625
3948
6837
4297
522
5617
807
4039
3830
8485
9127
1011
718
1352
1751
1794
4341
6486
1351
5034
1594
4903
2963
4715
7562
7715
8109
5706
3934
9788
5991
1563
9893
1581
2033
8042
6723
2838
9484
2235
4258
9678
213
2716
7039
920
6846
6395
764
4146
8588
2609
2762
4700
3274
1774
322
352
6580
5237
4682
6119
4546
5300
7435
1891
8381
280
4901
4907
2522
3571
2730
5158
2887
3986
1005
4541
4457
2167
9648
4623
4524
6153
2920
4789
4525
2302
66
8762
5308
8721
7826
2544
8320
8702
9763
5339
6815
8606
131
4932
7554
3270
2603
8087
1683
318
5489
7371
9761
9392
9276
8596
6813
7892
144
760
5368
214
