746
-45329
50246
-90233
19795
84905
82607
73059
-41016
55185
84343
88163
-26178
77092
97454
78952
-90065
66013
-69631
-363
-20
34454
18323
42945
47191
-3525
9560
-81002
79961
-48876
-75641
-14822
42781
54582
50412
-33314
1792
38582
-75691
-4450
-21728
24879
56812
28141
-74629
56794
-26869
-6094
-90089
-11724
15041
-56128
-42531
93098
-59439
31465
1268
45950
40079
798
-9953
-65599
55587
-4651
-87855
59033
-73868
97395
-53535
40271
70837
5340
57694
54968
6338
-58449
-92175
-7918
34641
-50175
-74025
33385
51113
13710
64800
-82939
33318
-14822
-37498
-56012
-7288
-60845
71089
-33667
98516
24029
-66841
95063
-45003
-31578
-74457
84778
42039
-60052
-42115
56767
-2545
-20095
-47502
5205
54139
-76679
-75849
-7160
-6173
99062
-11510
-63775
-76991
82364
-50818
69453
-9719
31703
-48105
-66897
-15127
28297
-65032
10570
72028
-56773
21741
52108
-19022
33473
-41197
-57998
63807
60256
-55538
78405
93330
32437
-90053
-89239
-13891
7970
66273
4896
-58012
63467
-37916
-42046
-51522
26218
9186
-62899
86612
-84676
56958
-66409
40927
-17442
55389
4641
25301
-16186
50452
80154
94708
-92214
31351
-4933
42359
14431
12831
91282
-17689
-14782
36455
64729
-75856
-77770
52991
60440
-61214
-63006
-83884
87918
48835
74725
64599
-60707
4776
31702
-60511
75551
-42655
79839
74751
18101
60433
-81487
-34006
-2623
24583
-61980
86476
47920
73722
-63607
51734
69758
48030
-77136
-98648
-56329
-46595
84706
83208
-45260
-94281
66717
40186
-91603
3352
-68218
-52678
28173
-73023
29363
-48196
85204
54718
-12145
-94475
-1690
75585
80483
-81553
-48746
34965
-10131
41999
91069
89393
48667
-74056
52219
-81321
38962
8458
-74633
-32424
98148
88714
86464
-76788
-51526
26125
-29145
-89118
-39609
-84029
57779
-558
72933
2313
42015
82046
94389
-69342
-20208
13507
-37126
43312
95528
54514
-37408
80467
71142
-29253
27052
79989
-77136
-76003
89641
27543
56685
-94765
48051
21742
67708
-9525
-32262
22264
52728
76235
98877
-64561
-73382
37551
-134
-69472
-83852
8311
-68063
-79400
-31396
15805
4573
-17106
16818
25845
-8724
2196
38927
48209
62503
7648
-21751
-15497
-15481
-78310
-87180
-70803
7202
93342
-13766
-20460
43239
-38257
-69420
22375
-54190
47260
51507
53441
-33561
9735
79485
-89041
-60800
29836
63524
-94364
-85244
-53060
-72576
-68534
70036
33689
-40692
-87405
94466
-8818
36552
2770
-88581
85934
19267
-98614
-96661
87647
-47731
72807
63268
-80872
-60249
11470
63348
10983
90506
-395
58413
99960
-13636
26893
-17633
80608
-88227
-44402
-61151
23194
-3369
42686
-86101
-84054
90502
-83292
-46075
-63206
75463
70653
-94925
95176
38229
37198
-22997
-27034
-5357
-96350
-17440
24649
90053
-29012
45773
-13587
16317
88979
5352
-73257
-92643
15625
29009
-21590
93739
88880
65074
37396
6853
43679
79030
-29884
92069
10147
-51852
1651
98700
-89232
74763
19617
-45699
67201
13741
70888
-24847
94719
-55030
9407
56154
-91694
35510
63300
-71265
-25300
4972
77217
12543
-16312
55027
-99219
-96553
-41706
-35591
86917
9951
70877
-97983
11162
-47844
-67938
70742
-42272
63854
5736
-44163
-50557
-54540
-50224
-52461
-84977
10080
-84045
93023
81506
53432
-40105
-46219
-32771
-44044
17893
30581
71854
-72032
-14793
-57008
-21535
7799
-81354
51446
76597
-66984
3445
-63725
-70952
-5123
75861
14909
12981
20776
-93580
57364
45726
-60542
85306
25484
50106
11812
9992
-74836
-10403
69362
73585
-63570
-40244
95578
73012
86342
-73473
-69743
-95005
71105
-9095
29023
98268
-93554
-9563
18700
-18536
-22108
27863
-43745
27924
-39103
-21817
-33820
60242
30768
-34477
-55763
49823
30831
46793
47588
-38525
-46950
-20761
-94768
-60922
-62259
32385
-99053
-84121
-46108
84540
90249
-33168
-85096
-35314
-65377
-74043
10682
-17925
-87187
2673
99795
-12049
35858
-39911
-53937
69066
68216
-76494
409
-61080
20633
13323
7930
-64990
-45011
48267
-40151
16016
22012
16153
2160
-8252
58761
-49034
86834
62935
-66263
-45505
-19900
23329
42375
63077
-68456
-91241
-89593
-76027
75805
-61621
46311
21806
41615
77110
-99143
-27787
55702
43184
-69368
54646
-52969
80622
-49669
-97534
70562
35320
13254
-11079
-8858
61351
-83452
-5213
-53756
20645
-48049
-59615
58280
-79386
56184
-94393
-21911
14222
-58254
-76351
34043
-76132
79739
-39155
54796
-88810
20629
54816
-13048
79006
21321
-49824
-29930
-94488
13590
7997
61686
80810
35681
46110
57358
-92517
-20452
-36354
-4725
35318
-30497
50475
90077
-50054
-85841
-84792
7376
-4867
12906
-27853
-57187
66175
-40443
-62883
-74287
23599
-33457
80310
87602
-56773
33751
37310
-71293
77841
-38480
-67977
69360
53251
37416
10787
-78502
-13826
-70474
-91958
-90965
-16118
80695
-71421
-79337
39887
87189
89701
-56495
15151
95870
50355
-49719
-28341
81964
96692
-54905
-8913
-97013
-61976
48173
-28720
34385
96262
64887
8311
-73421
-96072
29021
49804
-6623
19286
13540
32994
-82996
-95223
-96210
-12150
26027
56614
1041
-71599
-50230
-81863
88684
-60060
8889
65442
40407
65593
95062
-16907
-51889
-83909
-26562
-44341
-81236
56256
-41496
58593
96241
96640
-50595
598
42853
-74396
-84479
-14260
-72250
21169
91384
-21326
-4975
76553
-63269
3080
-78481
34260
-64340
36369
71650
-62571
43710
50716
-65669
29683
-21600
59563
1211
-69335
94537
20188
50054
55116
-55190
-47727
2769
-24533
10927
-13511
31401
-8110
44103
-38813
62041
-22269
72106
43240
49424
54623
-69226
77004
18976
54597
91763
-31082
44589
28820
-67776
-19469
-54519
7725
67130
-13164
-90429
2885
70441
-52458
90680
-43648
-20077
32703
10127
-51791
-91174
-4256
58468
78753
-25315
73441
-78378
45661
33892
7939
-40431
-90740
-82767
-42936
-19380
7181
54709
89475
441
37555
42345
52623
-50412
80178
-70700
89819
-34663
-94915
95870
-91089
10158
-79785
83039
51178
-86916
37657
-56663
-73520
-77105
-16066
4616
-43587
-9349
-511
-2785
49101
-17679
-24087
27371
-83694
-20192
-30707
25123
-81209
-54486
63552
-85412
-48841
72716
1881
67156
-44386
12822
2093
12549
-24093
-22604
94102
66954
-63991
29417
55350
32519
-62804
96426
-67843
67933
38182
-17137
-77893
22088
-24853
-72624
-879
93534
-84366
14161
3046
-79228
83301
80514
92281
91729
3549
-34188
65315
98659
-85771
89154
29766
69674
65814
46927
15926
-33178
11674
-27203
67445
1888
33257
-62845
92086
-1681
-10579
86778
34708
6475
-60528
35436
-19904
-53208
-2130
46751
-48467
87988
-50189
19353
81381
1151
-41590
29662
75638
92404
-73320
67687
-55315
-62542
81227
18317
-40562
70396
-48621
99961
-49433
-9592
-77779
-80278
-4908
-89386
94943
-33345
85372
-81849
-99440
-13628
-39858
15951
21479
-62397
7953
27116
-42776
67773
87065
25246
37475
-87544
-47519
5490
-68106
-74962
19977
4929
1005
9930
-20791
-1505
43651
-78071
-60314
85014
-38317
-12460
-73977
-24901
763
78180
34739
42233
-89221
-43004
-62436
-33366
-85404
10932
-18148
9343
-54001
-85825
33747
-53277
44022
-20801
49411
-67562
-29408
63675
58764
93433
33889
-51805
31485
-68211
-60658
77295
-67422
-23783
85195
-68426
-78216
-52273
-13603
61260
58914
96971
5649
-12961
43378
-65890
-19191
86432
57479
-91841
-24971
-75022
80999
-27733
80432
71019
-43101
81820
-49955
-17271
96284
-52942
-22887
-34491
94285
-23698
-38698
40404
60945
91742
-90604
-2974
80046
10004
-60891
-99390
-41945
-35320
40338
-86158
64723
45860
39434
46472
-53035
10350
-88583
51333
87798
-13421
-81002
-30313
32815
-72974
75382
54401
-87202
58385
55248
53679
-62406
-85547
-56004
42271
79479
15660
-11563
34866
-12617
-48551
-31488
26536
68655
-61967
-34868
-2012
93412
-26264
93668
-49283
34484
-50917
-64508
-66596
89808
-55515
-69176
68802
-27346
-37157
86610
-6711
-85858
-21878
-51297
-8683
-7794
-41467
39412
50889
-87261
16239
-36002
-9263
-68458
16309
-57289
10977
22563
20580
51910
48311
-17761
1077
-48854
65708
-92983
-7011
-506
-74879
-97761
-95324
34034
87663
80831
-48475
94724
47144
94998
-49844
21656
-48543
58259
-19465
36267
66986
-1614
59664
-50144
25320
93727
24914
-80009
-73731
-68682
77740
-87333
58485
-64585
-82379
-22752
-15040
-38568
-51907
-55098
-95231
-83742
22520
6132
55247
52531
-63737
88930
-79210
-75667
-81505
-51915
95156
31604
-95636
-75962
60401
87420
-82039
-62787
61077
60071
64191
-74049
-16753
-39830
-11708
-33898
44662
94381
-974
-47168
68733
20276
-42882
7715
47814
-89671
-21850
61535
-22052
79545
-43730
-92948
60214
-76264
13350
33308
-57364
31188
1053
-21562
61775
-56832
51606
31321
-63431
30626
-892
4513
82101
21517
89448
41764
-74577
-50864
-40383
-91886
46318
33368
-91033
-26675
-69232
91935
-62733
16164
93417
-2405
71084
-95324
73714
8303
81929
1391
-33545
-88944
36965
-80345
-80416
99267
50725
20898
2716
-8235
-14475
81665
88023
-3926
95137
-12107
-74832
45404
-75840
-8838
-92180
-30971
98958
37442
-51565
54278
-19461
-85179
-72272
-78941
-11336
-27531
-90141
-19910
67482
29179
-34444
35376
-40111
-16542
-50442
88773
-75216
-9290
63668
-47011
-16653
87518
-92873
-19240
65604
96522
48276
92517
49075
13923
47553
74560
-30102
85072
-80296
99463
-88778
-4930
-25173
78362
50458
8696
-29610
-79204
-47404
-74014
56451
24137
72119
59313
86444
16862
-44684
82157
-90299
-10989
13997
-32808
35533
1705
-86177
-55782
-63860
-99794
-79209
-78996
82570
76952
50387
16939
-60396
40595
4053
-99593
-35126
-91573
67937
-39601
-57000
60620
-19111
-63498
29786
37199
82069
90592
-29849
52082
31579
-28422
27795
32845
-60140
1091
94175
-31608
96205
-24875
49749
92373
-57810
54158
42420
91306
-52298
-59195
-70621
91121
-14676
60663
70885
50190
-16218
-36927
-45162
-55585
6624
-58284
42250
-4441
-12563
39713
23813
74019
18055
18201
2944
-44628
-93626
42891
56705
-45879
-421
50094
41893
-62041
79454
-85943
-61711
-14219
-24691
-50171
22633
-74967
-26298
31615
79385
11296
-45374
-64351
82049
14235
54071
1734
95720
-95045
-70988
-74718
-1005
-27613
-84543
38
89944
24222
52051
7104
-81791
-461
85484
-30020
-57502
-27751
42663
53458
54510
51764
63186
19083
32505
43834
-71711
-79616
18577
-51004
47469
26173
93602
-25413
-44278
-29900
10800
93738
64738
7577
-81341
50782
-9557
36237
13018
53781
-74203
95318
-82419
-14821
-70161
-90834
41594
91968
44292
-60904
-58657
73820
28089
86893
79213
-30771
52297
-51521
6296
-75354
-13330
70638
60644
-64389
74983
59829
-83793
-42702
83158
41292
-96495
-86341
-28971
-26567
50740
-68745
-33272
10725
-12498
-67999
-29949
2385
62551
-28617
96464
27596
92995
45137
-6591
-40126
-3620
35828
-69562
13640
66817
-9039
12560
-60757
84921
78246
5064
24019
37785
11976
79476
-58072
25175
-68517
-83726
18285
52791
-45361
3951
-9495
-1932
79669
-47904
-81836
98493
-44937
58161
-56518
-55879
-75517
8730
-53899
35947
-63906
-66029
98770
71169
19381
-63327
55759
3177
-60489
-11125
-12769
15506
-46114
-24067
-15800
-21325
-9229
73173
-24674
-64689
-73085
-17699
97326
69466
-7343
-47626
31396
-10933
28196
13545
-85696
66582
-71858
17342
-7142
-97621
27191
-60143
25578
-11828
96512
-45567
-99993
20366
76368
-16266
50053
28762
7350
-82243
-69155
94114
-16351
-67882
-83156
-26883
93371
43516
40291
35143
-42812
81995
24880
-4293
16378
-23604
-84663
12054
60082
1703
10085
8444
4366
53191
-17929
16231
-7831
-37946
34624
7901
402
44608
19783
-3643
40771
4693
75200
66843
-22178
37418
19659
-47397
94498
-12589
-67791
-68047
13760
36742
-25291
24249
-57984
8726
-37693
-61994
40245
-7894
-40237
24567
99612
-15948
25241
-95853
-19806
-55359
-75762
46291
67250
-210
76216
-41615
-31767
70555
-53793
15814
-64352
-49829
1574
-76544
45291
80882
94530
90934
39057
17012
-14486
-94305
-86598
36651
40233
97952
-24036
-67335
-92652
57363
38633
-69747
62249
-67845
-46555
20539
98616
4628
-73567
-6301
-61124
-15834
-34013
-39389
-29364
71428
557
-42447
-59156
-70214
79780
91787
85897
25710
76712
7376
51345
3126
-56856
99127
-83792
45110
42511
30949
-23437
69993
-11360
57025
794
-45569
67972
94427
-36235
-35184
-53732
-15750
-71192
-18513
73855
-57010
862
-4932
99789
17059
-8534
64150
-22622
68539
-97127
16664
61219
-8822
44577
-52840
50628
-48783
69929
-93140
23706
18008
49995
70986
-35194
38060
87799
-22387
-38807
88153
-43650
-53044
11586
-77137
-65040
-48291
36557
78696
-9808
32935
-71606
-44798
-72062
-42243
24273
-40159
-18166
44725
-17335
-64227
-5486
62305
22508
-36883
-57810
-85359
93171
2750
-26537
-88109
70273
40700
-73484
-99606
-8069
-87816
38596
-55681
11641
-74100
18026
-18620
45749
5756
-66429
28875
16503
-13379
-43151
44298
-32069
11698
-47471
13234
-2977
62624
-60414
19077
-65203
50366
70004
68919
70812
-61539
-93307
96374
-79804
-42629
50721
-81957
56624
19273
-77860
67628
66179
55286
-72226
-936
87684
-10798
-62671
-78722
-96484
24888
32789
50955
94120
83889
10829
-86935
55921
-12232
-48659
-84672
56413
-65617
-84923
-239
-41111
51506
-68036
70730
74198
85559
81511
-94728
99109
-18879
1315
-52542
-47927
-78081
33579
39676
-41583
-11317
-1186
28434
21743
50446
-61108
-90583
-41594
-25064
-79942
66887
14142
-90745
75148
3196
16119
-24124
-2868
60422
55781
13018
-90035
91784
-31496
7599
-5554
30252
-22723
80252
-73331
-55439
-1813
-85734
-65492
90773
75131
-68463
65772
-45288
79347
-68779
-75641
8291
-85452
-64008
28661
79553
-29514
58833
-89901
24594
70070
19243
51560
56954
98412
-3397
80384
18485
-60400
62593
-43275
-29853
26448
21608
10076
-59255
35819
33638
80227
62712
-22327
73991
-61699
48823
57094
-21741
-28000
84012
50946
54464
72257
58230
24578
6506
-15138
-20140
58900
-23686
3286
21551
-60341
39870
-27152
82907
-56768
-94690
-70279
-57081
48600
43416
-34280
83654
80121
-34396
-76443
-6800
45074
44737
81260
-7627
-98331
57529
19025
-85676
56026
-56814
95867
-36706
-26316
53548
63823
-42433
25590
63823
14468
95184
-82517
78369
55231
15273
77120
24656
33957
1596
-88049
58464
-18633
-93865
58868
-72900
68386
46876
20294
-74388
55070
-97470
70040
52202
48609
-86254
-8968
-44088
-84198
-9471
22367
89587
-73302
-53543
67904
13855
-83086
55579
65238
-71123
-78031
-13314
-70789
-2147
-89503
-30342
22112
-31444
80783
31724
97803
24846
-75648
-19320
27139
27429
-88965
-23514
-8288
23804
-10828
78349
-77010
-50533
98312
-4286
-85251
-75339
-30857
20960
27707
59076
-65543
22430
-30449
-59912
37566
95309
35983
3254
-43123
26532
-16182
-99317
-30164
40302
-73093
-64350
-67257
30923
-73084
-95244
-65053
12633
60139
8373
-36691
-47972
34013
56965
-94310
-72244
-7754
-79591
78415
1987
-98933
59949
-37307
73065
-58678
-35733
-92660
-84452
-4793
745
-82513
72655
-2074
-33574
-93657
-36743
-61847
14949
-16229
-94919
98566
-60191
-75469
-35481
10544
20741
90578
-62386
79653
-1933
47751
99758
26287
-85593
96757
-71611
-25652
4328
92793
-18930
-97798
98210
70210
49788
20482
-5026
-6779
98239
-52733
-30175
-28041
-25435
-3578
92355
-95767
-49792
-82975
25211
-70388
27046
75935
33393
-79856
50330
-23194
35653
-2202
-91138
79064
62504
-16724
-37065
56745
37377
-45448
36428
-50835
51819
-25249
33657
-42322
-90341
-37471
-60135
-27028
-33141
61429
-6266
766
-19292
-88371
-46473
16659
43033
-97114
-93018
-17170
-60599
11820
-72502
-61586
68883
-15859
95654
34816
67658
30317
5615
94658
-46650
60167
-92292
-57981
91883
-44398
-77075
-46819
23803
93525
-92478
35658
63857
45116
-52882
-45452
-33584
3415
87865
-62140
59082
72717
56766
65750
-5837
21429
65638
-1567
85158
-47853
-99949
-30777
-83361
-89059
-45713
28516
74463
-55377
46005
-51890
-56595
90805
3956
-96322
-18683
-3997
22598
-47838
80691
18456
-63330
17940
88540
41964
-15244
-35971
71880
25322
-36100
-84024
12008
-34507
-83206
-35182
35897
-23475
44109
66838
-38012
-39323
63337
-73637
-78310
-49139
83398
-70685
-21586
-42824
90929
-70760
-93398
61139
-40600
-40903
-94891
-30998
-77573
-50482
46007
-98262
12651
-31017
61621
17599
-51593
99731
-29327
11981
21176
-10738
36557
-22714
2225
-5455
-58292
56155
95968
-21341
58983
77215
-9828
-46638
74964
-69468
-88458
91337
-18426
-61643
95593
-65252
9517
-27317
59366
-14701
57103
-16621
-52092
59456
36541
-52005
-2855
93433
-73469
-20593
19380
29203
23263
-3689
37163
-26117
-41851
99312
-76139
85561
768
69115
79709
-73693
-91799
92404
-76307
5604
-25178
-16894
-4596
95280
-5693
43148
4209
90542
-62471
96391
-47746
-72154
-33986
23396
-2147
91672
16233
71046
45047
73739
49792
-95445
-43513
-76623
-93384
-80006
48313
-86241
-25618
-44705
58690
57534
74438
85953
94526
13932
-6580
45789
-89087
55829
81826
-245
-96601
-16637
99447
-36381
-3437
32011
91998
-44074
63050
-27886
-5412
-92028
-15338
75098
-82944
35689
-55765
34694
-41694
-68404
88406
76142
-71504
82178
89170
81684
-60416
72014
7930
-98455
94325
-32548
19816
-18153
-80753
-67983
18349
10562
19449
-98201
-23109
-5753
63701
-38421
-20767
-66138
-1959
28621
-26769
-51789
93332
7640
25830
68335
-17689
92896
29299
61425
-77386
-50396
28993
86898
-11645
-91786
28993
64094
-19089
-27514
-24102
87175
28574
59340
11341
57613
71778
73145
96358
52888
68658
67981
78027
89660
-63492
-81805
23428
-67963
5361
77398
20587
-91763
-71278
77037
78223
54689
25674
-20416
-59760
-85498
-1448
-65517
-7816
-39294
-71637
-84006
34058
-69503
-50161
51682
55995
-24111
9210
84954
3123
95717
-21331
35770
76311
84114
58526
-69390
28386
89387
-65055
-15082
-50864
-25911
-92400
51925
-51524
-38202
20363
-33702
52181
41892
28801
75998
-65130
75280
39210
-51197
-67374
-81603
-8339
81448
38980
-32860
-17061
61237
-28044
-16010
68611
-74062
7362
65272
-32014
-61767
72688
63494
-13600
-11411
-51903
32572
-98188
-45668
86506
4163
93885
-21033
33249
-21410
-93055
54211
63720
59520
6764
85862
-69111
80914
-10470
-28316
-8351
-37048
-9862
-27646
65398
81678
-53828
30341
79642
58314
-3975
69060
59124
-35455
-54996
61322
-7343
82164
38740
51985
15639
26151
58002
-62510
-9908
-26280
95633
27760
67104
67189
37540
13937
-39566
-99024
-79893
43073
-26342
35164
60076
25840
64367
255
16901
19298
82174
-84275
-51717
-89143
-69108
41816
-59544
14095
10969
-6157
-86730
79649
50020
51679
-46388
14830
25651
72530
15048
80353
-19360
-86132
65897
3112
-95118
-58314
24891
-83152
-69350
-92518
16331
-47893
48471
-84618
28272
1014
32007
79554
46276
-16708
97037
-85291
4509
92807
81622
31163
-82639
48887
24447
52294
12216
29279
37173
2615
71996
-78724
-37195
-88184
62616
-83432
-60426
89887
18340
-16459
-72812
47611
76827
68065
25059
-40977
-28861
66913
85909
53492
-57759
-55441
93784
-85074
78865
-8513
-82544
-88148
-12897
-4940
-62183
44731
-39081
84896
-52365
61068
52817
61994
-57980
35047
21266
-21533
87509
-10203
-79192
-64404
-82912
-14918
55047
-7175
-13856
35972
-7015
-40097
55853
30385
-41367
49331
-18440
50576
79475
40457
-68395
-6298
-91005
98600
68025
7703
-88440
-73414
16157
-66799
-90648
83287
-80574
-66572
92701
83398
72586
53647
93318
-8340
65902
-12747
-72321
31272
-95757
82257
98471
-43331
44291
-97505
95683
62080
81892
33220
-71215
27070
-95439
-2425
55078
-96819
-43293
-84717
77529
96053
-67370
1762
63448
79317
-9122
-51879
93987
-38116
81158
24489
49566
-76914
49110
-20991
-8584
-7934
88546
-5157
4721
-31278
-97561
74443
-65652
59908
34081
-22184
-95772
-82299
81150
11057
-81818
-38905
93200
69733
-2561
-54752
38205
-35091
-20259
50092
-87569
54187
-99012
50582
75282
9269
-65130
-50969
-57629
81327
-40529
-66711
51789
-42666
-89057
30709
-49200
-30666
53956
-46621
-36629
48344
96172
84078
-90770
26271
-29462
-38054
28612
82444
-99565
46192
86373
17422
38227
-94230
-96452
91457
73962
-29627
-89123
-32368
26001
70315
50427
31194
37913
49981
8731
-9829
-94909
35348
-3774
-41184
94918
67338
-6874
45862
-56675
29636
-44912
-55433
94541
-56009
15717
60314
-69240
39357
85516
-56244
-66607
-30025
-8674
81554
-10296
49442
79332
83499
-91280
17860
49523
-46549
-64673
-92417
-39203
66245
85324
77223
4119
-86663
44180
-68983
60865
89490
81373
72588
-98822
-10683
-20006
-52722
-18764
28
-81657
-83258
73811
80438
-85029
-97811
-14004
-66786
1427
51445
-27646
15339
-24791
-89093
61284
-3864
16320
-46905
24525
16189
-34386
-28033
58336
18028
-33028
-41561
49738
97816
-59006
-16522
16123
-13238
58415
-91953
82248
74714
65974
-46658
-20626
-78797
-69465
53740
80719
22400
-73802
40282
-53863
-42258
-36495
62199
-90701
62091
-47309
-43937
-97433
-34970
-56737
27540
59947
54802
30498
-73643
-96400
52494
70052
-41137
99206
-79697
-64557
-33362
53495
-29198
20901
-55542
-31114
21823
-7694
-68974
-70192
32450
-45829
62922
42285
38911
-65600
-71999
63158
-54887
-21736
-7632
61501
-37741
88155
88717
-83393
-24243
28175
43016
-43598
24053
-75865
81501
-84236
73712
-77779
61811
-18845
-27458
15456
-42876
-95536
21627
-43599
-62785
45121
89914
-46513
89537
-82086
77540
-45792
19534
-70025
-23258
-22195
-97054
15226
-35526
65241
17316
-79327
39767
-8507
62503
90522
-72876
59043
-98104
-15650
12136
93963
46192
-78279
-25876
-31714
-88999
49663
89489
89541
69788
-38691
-1195
-24089
32176
13581
38561
59544
7780
31173
-76330
77251
-20272
-27810
68017
-51481
40479
-95970
-88704
-31517
36240
18936
92150
-92644
91964
-95782
-52931
-23427
-93115
234
-85734
-73433
33477
26513
-12194
95523
40320
69785
-61164
-80669
-21816
2179
-50274
-61882
11271
47583
68305
-10252
-94397
-17845
-10345
78928
-39823
14525
-23663
62822
-83075
-18947
51406
-86565
-81311
87249
64547
28692
-42619
66033
-93271
87775
-73386
72842
-98888
-84465
92058
27518
76154
-97011
-44492
42295
-89904
71867
-2867
-47807
-17956
-85657
73843
-16602
-40941
-70247
78660
-18796
76312
-64416
77832
85406
59426
86712
-86941
-4677
-54417
97783
-17442
88995
80693
-40670
6671
42081
-273
43981
-12221
26935
-10251
-72769
22066
64414
83831
-28338
-97391
98460
-33663
-16311
9230
-46124
76787
-65844
-18636
-93867
82770
88246
24502
57332
-44195
-87182
89652
-13037
99576
-65704
41087
-97001
-28566
46286
-31814
-13996
5007
-70612
29622
-83391
97925
-52595
32785
79605
-61103
58762
53753
62048
38001
53123
16708
11058
85771
29124
32989
-83578
75649
68757
22434
-87810
-81631
70506
-28973
33226
-25223
-73501
38363
-39223
-91000
-39432
51559
15463
41652
-98653
55172
43255
50740
28742
-47649
86140
-33873
-53096
57366
89344
80050
-29454
-37030
85426
-52681
22957
30464
25237
-12456
44313
9030
67451
43176
-9828
25291
-17192
81239
-56761
-90440
-17667
-23462
-81525
-99657
-82914
-38791
-39046
30777
58796
-28651
37035
-12946
53528
23848
-16146
18052
44412
-74213
-72967
34208
74430
-94080
30940
-9089
-53421
91718
-15636
34066
48272
99878
-79455
58239
-57547
-91483
76632
-71781
44493
20548
-38741
-68410
-45880
84353
-87024
92532
34604
98135
-91252
62094
68715
27539
25063
21696
64502
54144
87532
74335
-93992
-92343
64775
64879
-89035
-79439
-28981
11585
53393
-87201
88275
-91163
99217
56012
-59996
59428
-87932
34229
-18798
96159
-33731
89997
36525
-96461
26881
-50411
-50054
-91281
-8581
1982
-69442
-36228
56811
89864
92835
-29651
21702
-56323
51847
-43120
-25951
51493
68650
-86550
-73756
-566
33219
48767
95268
-92912
21800
57983
62091
-1048
-44743
-16022
71233
26010
60843
-20650
-10053
60208
51871
-624
1875
86067
26144
46155
-29165
-50859
-88196
-1042
-48354
-60602
53368
10562
51228
-41376
35713
17009
19845
66233
27503
-85682
10463
81408
37071
35289
89495
4695
-56614
92801
18101
-38911
2938
-46894
-65730
-56053
-91848
-29485
12362
93353
89249
81764
-53156
-6256
90262
39628
37677
-35114
-12498
88496
-72706
50360
93292
31839
90022
4411
22708
-64507
66584
-47916
-24008
70912
66718
53770
24750
63719
46354
-1048
-98194
-66196
91465
-97320
43725
-17100
305
-88249
-34605
22501
-11606
14162
90501
-1175
-16879
-95599
67355
-48696
-12986
60674
75703
70800
-28115
-51072
48853
-86104
70922
-97731
-25908
90181
19301
-71409
-68304
99769
27621
-81874
-58984
7405
-1476
57039
24403
-52158
6848
73802
37206
42230
70422
-464
69062
75423
-33293
30300
-15452
63385
6323
71941
83422
55155
57976
99785
76626
27222
-21962
-17997
7526
-36999
-43630
-59203
-13563
-90980
37396
-88967
76558
10473
-16296
3507
98463
-66024
70619
31447
73529
81065
-41590
-58158
57981
43218
-61168
84469
70521
-64487
-28584
84126
48103
-49891
72573
-49323
73444
-87918
11009
-64489
-57097
11966
51498
89951
51514
-81921
45799
48770
-63507
623
37147
-83762
-7646
-88349
-82183
95487
-95977
-54557
28787
-49841
-50574
15821
43761
-4239
-23509
-85695
85285
49599
53925
-47468
-23802
42152
17754
-27401
22842
52720
41725
51088
95068
-68392
-38982
-7888
-23890
-37547
-11278
-1154
-13036
-64882
79572
-65330
56985
-44902
65890
-48053
-347
86009
40236
-16998
-7573
-88936
53273
-85949
58371
2259
81239
61646
-71120
43540
29205
17573
98076
-39191
61651
37371
-16407
-40528
-8195
-63927
1124
42721
83566
-54493
-56085
-16484
84949
86945
-66426
40428
-68761
-28366
-19971
-37660
-4805
-72183
-65197
56441
-85958
-57015
-22824
65686
39175
-24391
21420
-60678
13924
10069
-78090
-76084
-51137
-51826
-18028
77222
-63462
81635
9615
99464
75964
-93921
-1036
57357
24608
47491
-95556
12316
6388
73385
-59682
-75729
16685
-99724
17246
-90855
76332
73918
20254
-87108
87389
-86170
53131
-67370
40748
-81388
-39976
46454
-74632
93838
85902
51846
-99820
4203
85766
-42295
-23693
-52419
58888
-77521
-57311
-37431
28476
-45390
-93454
-63255
21896
81211
53259
-47593
-46730
81382
-80873
-87232
-92130
15326
9843
22402
39569
71968
9030
99133
22698
34675
75564
-28395
43768
-74297
56618
39857
94172
98644
59700
14447
58579
60675
-11226
95464
-10569
86645
24631
-52288
-36394
-69524
-67134
-50356
-31480
-60251
87387
-8392
50599
-75704
-92405
73904
-67032
44029
32924
2138
39214
38108
50519
71864
82761
29167
-24339
-74023
-84954
53376
14166
-45863
5496
-2049
-53808
-14246
-5484
-51553
-94888
1856
-97958
17298
6394
32090
66449
83917
94933
-67515
50117
-84016
-13980
7232
-93194
5410
-20477
99144
504
-1429
-21510
-24893
-71814
40485
56871
-76918
-94075
-15566
-95739
-42069
39771
85120
7968
42255
-64304
41455
93021
81215
34404
78213
-29843
31085
-15961
40693
-52157
-1363
-28104
83619
79762
-21967
49134
95888
-40798
89296
6846
39881
-66584
-6138
20780
39121
-29151
-71438
-46023
28790
-88826
99979
57053
-86051
74735
72500
895
41316
-92754
-14370
44316
-87682
87232
66574
71010
-43085
2258
55283
26326
-12836
-89555
-1454
74713
-13034
45816
14675
69547
23354
30518
-56097
21573
18439
79513
81224
-25905
-91100
-85716
-33992
10379
-51555
-55649
47033
-14673
19621
-95465
82072
-41705
-66398
66219
-94225
42081
-33817
97949
19228
99538
22790
-7654
-85969
-35870
28710
25591
-88090
-69731
95267
69583
-60886
-66376
35814
39463
-82071
-16387
67230
-10629
65755
-94518
62158
31624
-48264
63101
98898
77222
-32539
53043
33857
20781
-32990
94077
53209
-31988
-84451
-66869
-73779
-65203
31578
27956
-11811
13685
43727
-25028
93352
-48248
-73639
-53227
-48584
-5098
67387
-95625
38051
-91050
42861
-58515
-27947
62882
-42687
-10209
-5555
-24163
-70084
-58586
-61784
1400
-73085
-19057
-12530
39010
-31477
-24543
59775
52318
39068
33402
64978
-79495
-68018
-86193
82763
45010
39577
-97703
63918
15090
-93669
9704
69509
65315
2256
-31306
-58200
565
49946
-98003
1827
-9672
28108
87714
-64907
8473
-82988
7153
-9094
-49643
-17879
-8705
-18411
44926
-19307
39933
-33774
-22365
-16492
45933
-51134
83364
82793
87762
-50583
-38527
26920
-65241
88751
-60016
-63118
53112
-76591
-1894
-40920
7568
46957
-46638
-34161
-48004
83700
96008
-33040
39239
-53605
-68770
-11376
-25165
-9409
19807
-6908
-81470
-12285
75354
47986
-21178
-75366
89965
-8929
50192
-17426
21425
60885
74411
40379
92179
-4339
-62391
90275
72188
56386
91853
-6487
79682
-50096
-9500
44849
-76396
83290
-90532
28007
20639
-51155
-73810
-39429
77589
57037
91598
-40322
67269
14534
-73187
-45133
-40272
-35168
-40607
98467
-53820
72276
37507
-94633
60144
53398
-5889
-83836
39310
48549
89981
-12064
-53998
-96508
37531
-90019
88377
47976
35267
-60911
-42236
-60308
-36370
-49494
57280
80831
-48132
-82503
24544
1302
91391
-64866
77300
-35172
-13157
65069
41707
82975
65550
-4410
-52903
-13726
15454
62454
63356
27333
2709
-77992
73312
-86411
-18558
-75943
-74785
71597
-69203
27754
-94161
95374
-21836
-45242
47100
-72301
54267
37185
68632
16690
-90169
87991
-85159
-92309
-20574
9047
-19044
5084
88481
-57724
80613
-87875
42010
82183
93780
34533
-47326
-13452
-84590
12803
-74193
96379
52990
-7414
35118
-6725
6084
-38895
48136
-55160
-62064
63667
20353
-96322
11132
-83949
-90679
57100
-11654
78203
77824
17225
-43607
58097
27682
-69040
-99573
55921
-8004
10158
-56921
-68585
-79272
-6419
-55546
30624
-31620
-46507
-1213
63273
-21537
-16314
-14507
-3288
-88842
-38784
-96080
43404
61520
82067
-37422
12714
79020
-94095
41
-93293
-53497
80986
-6578
-14711
-58632
-14048
33441
95149
-30041
-53971
48591
4619
32968
-35285
-5485
-413
-10666
85160
93292
37603
-88245
-4091
81661
97895
78475
-36808
-63580
-15638
64892
50712
50084
-80090
-92135
-47606
-8840
76965
80015
31995
-68604
-74946
11232
-9334
-84265
-49348
59570
43997
-84605
76738
84888
42942
15132
15657
-86847
-28100
-81416
-60247
10865
-86228
84150
-94211
-65703
1669
-81928
-66404
-89862
-40669
96857
63220
27510
-82999
19046
25702
-95742
-8347
77145
-97260
11500
13569
-80541
-91643
-83897
-33494
75202
88895
-75595
-13120
-99002
-85329
-48438
59821
-23033
-88319
45569
93978
59073
17139
42248
50309
-75036
99127
57342
79287
90597
-79563
-95489
-43881
48262
-42705
55585
-75845
80064
66904
-7743
40384
79076
76584
46463
84279
49286
-83482
-46660
13720
-7782
95941
10621
7090
58135
-21185
-2537
-69783
-79727
-66342
-94400
32803
49699
-32900
7702
-17177
-79152
-37504
32727
-50430
21834
95974
55440
-68437
-47186
-41905
-47006
17542
-34034
-48501
-8373
93087
-56633
-80358
-28293
49128
-98824
-61626
3796
41393
-43435
67208
26937
-45116
4300
-75405
59068
-24524
45904
-79783
98945
-50484
74982
-42329
85003
48687
-75125
43034
26852
25670
-27766
32547
-52929
-82335
62689
-35384
99452
27115
-1551
-43556
57812
-2861
-87588
20035
-54261
-26227
60549
61880
80029
-79007
13097
-21241
-15537
4500
-85048
99857
-61055
7352
-19520
36383
-38226
-60537
20105
-55282
-40836
35137
-1414
-37982
99958
-19021
-27902
98745
-12908
84459
26967
-35800
-87411
-62161
-78845
49065
66600
74175
33928
16794
-85400
-76388
70830
16314
-17424
42985
37613
-52509
74132
-67264
-73098
-58020
49168
21674
67925
-95514
40486
90323
-5455
-26694
53043
-40800
-46943
24547
25640
61521
31265
-12023
-82419
-29458
-59627
-91176
-48481
18802
-53845
-45099
-53816
-30258
89890
48723
-69300
-76549
38800
58793
60941
91853
59686
-27764
63254
-35162
96213
54682
21226
-99815
34714
58025
52227
77840
32991
-31459
-62014
-76993
-13249
-10094
-27142
81667
-17912
-28588
97774
-84930
-61988
-44165
54246
26359
68397
-22190
84468
64498
60121
97536
65991
-79622
70512
55026
-76884
62329
50970
25743
64718
-51545
96028
-4941
-1408
52767
74028
77436
30098
-85128
9115
79435
22196
-38858
-3525
-60235
39805
68354
52474
3951
-32354
33975
-49734
21549
12548
-44301
-60761
90904
-37088
26887
82251
64448
-13457
-57603
-91141
88070
-57971
-42735
62798
-38197
32813
37786
-97624
69920
35012
-71787
-61063
-65614
84653
-29379
92037
5451
58939
14890
14940
11992
2589
96120
18147
-47743
60953
-67836
-2344
-42639
-70998
44014
-12105
46150
17117
-11927
79899
-19492
7683
54690
-73102
48890
-61710
-56718
4056
17910
12792
6687
-9626
25142
10419
11535
47440
79583
77786
-93023
94213
-7826
-13966
45074
-40376
4981
79220
66296
-80923
-47197
-69736
-37177
-73135
-97230
-41262
60720
53256
-3554
-99075
72727
-91912
78942
-35859
11343
36886
58314
-35926
14389
13635
61877
-10276
17007
32010
8693
-93752
-69710
26560
64928
44637
94706
-99254
34285
-11063
66949
-44908
15927
10727
28584
-52226
-48846
49957
91329
-32027
-188
47202
99888
8754
56461
-90171
30763
34752
-15752
951
-71260
11425
55929
41624
-48188
80918
-23485
2256
27427
-13411
87676
8300
70747
-78945
43174
33008
-91361
-98362
-13308
-24445
-47748
-99236
-98892
33953
32442
-24929
11689
61547
-58546
-27661
-90337
11208
-51611
-1333
-13575
-28259
73706
-2423
28703
16675
50449
4921
-5087
66768
-39804
77229
-70234
18624
13914
-49437
-63016
-60841
69575
9360
-17014
10183
-77024
-25833
12734
60528
-75661
84182
93775
75457
87428
24570
-96975
58345
-32957
94924
78623
-98813
-4599
52902
-38457
-76343
-68873
43492
-98570
-96577
16220
26796
-27294
21184
29798
56648
-18556
59634
-51412
50687
-82430
45209
-40701
-76994
94838
65804
24829
-53267
51501
61643
98641
56279
-80423
-38412
83340
5212
58351
643
43664
266
-39923
-90193
-79669
-4651
801
-16953
107
-95296
51093
-7006
94359
35497
28793
-99002
77887
-65190
-72347
-18955
-41943
25438
-78443
21705
8803
6302
1010
-65425
31694
-12073
44516
72541
-55266
-23028
54799
50106
-58603
-33771
-53678
61163
-15073
-64138
77046
20540
-38980
80756
-9592
-67712
-341
-78697
17634
40588
13696
91409
-53749
-91475
-52594
-66520
-86078
-11805
-15557
-77367
-6550
87587
92207
32353
68768
-55113
73262
67261
13602
14242
-58474
-26307
2145
-98488
-5261
35888
-50528
36211
61287
-30820
-40071
-44675
-86227
71073
-48487
45430
-58551
39869
37396
-2478
-95669
54178
-61402
17931
80491
81437
26155
36008
-57381
-46710
-63847
59887
-22914
-63781
-87629
13264
3390
-14801
69571
66009
-76009
-72878
-47401
-51946
-55143
99592
-5210
60496
76956
-26909
-42309
43943
50368
60857
88565
40263
3380
-89731
15491
50064
17495
52679
-11965
80433
-29541
-87790
46361
98784
-28207
79816
92102
-14594
-90063
52904
74364
97697
-12843
-49311
20235
-5278
-27603
44443
-87339
-26227
-75486
91212
-86347
47454
-1006
-34974
91651
-93037
-26822
65295
73535
71289
42260
58233
13583
54439
-21861
20075
-53170
28161
10436
-56216
-49455
-25081
-75470
61342
18500
28694
87050
60088
41825
65087
-87487
98349
-7534
-4469
-11014
74985
62321
67587
-14388
25073
-67990
-28457
20156
-24126
10899
16776
28547
-83454
-55535
87630
7237
34625
-50838
-77465
-88614
-62421
-29458
92959
-90840
3775
-16653
76324
99550
-51476
13398
-90676
-62908
-85724
-63751
-76499
20754
-28211
45632
30289
96031
20073
9415
14880
32360
-27194
-54012
1979
-82741
26176
93632
-32811
19401
95657
-21321
94255
63850
-32285
-61029
-26470
-71172
-14540
-15842
31942
-27618
97165
-96928
-90835
89215
53663
86008
-2202
-76756
90419
-45906
319
40263
42109
13694
53800
-36160
50891
-41353
-29687
-33655
54915
-80690
24628
-37875
-68340
29416
-24604
-30387
36575
-28497
67006
-24280
-37280
1468
34187
64715
26027
-34381
89251
-25419
4331
-17343
28759
7416
-52306
-20070
-83285
41876
-20919
-42308
34442
31374
-88052
-48494
-38036
22683
13050
57177
39663
58266
-11477
33969
-83439
54608
24239
-63884
-94543
67661
-47315
90144
-93820
-34623
-9499
-33380
67559
-19418
-84324
66797
-61365
-71223
-65507
-99749
-76270
-50888
52041
67441
-26295
-57004
65086
74310
65155
-98266
-45221
-95140
25844
-99977
73066
-61689
79064
66345
98480
64053
-28410
86230
91421
-1478
93132
-71278
47371
-86307
45268
96429
51906
2685
65900
2176
14214
-14604
-70361
-6353
-91400
-22227
-73763
-34162
-69675
-14089
19525
82923
-58393
-70931
-11288
-42576
-18260
-66774
55116
17000
-414
2564
31983
-58033
93033
-85498
78465
22524
-28819
-74576
20285
80098
-81559
90583
73344
32652
-70635
86432
-28928
-95112
-54623
-54013
-68809
-91588
56487
12657
2193
-84946
-10598
-62685
-91753
-96146
-6762
25898
51366
-10412
6012
-55850
-89052
-83285
-1639
-32750
97256
-45253
26127
21742
53382
21561
-22596
49554
-77113
-83216
-81194
-55954
-45902
40295
-60399
37910
89857
45468
-88989
48287
67741
-90706
39345
-59174
-63176
15837
-37987
1695
-84303
-10190
17
30741
19934
-76885
-59780
-14821
12758
63629
-86266
-68685
-84280
-21975
-30943
20432
-45500
86675
10237
-30137
-10458
-84839
14925
-63847
51954
-23033
-93855
-11765
23592
88387
57552
87486
73828
-31962
18795
21913
-16070
-69676
27158
-97400
62948
-27167
-50297
57953
-77575
9545
-46595
-14532
-78459
-52317
3418
-51933
-46484
-82525
65527
-36276
13082
-8900
-1355
-59924
90230
-96472
-92560
88973
-55489
-95916
7866
70437
-32587
52873
-66024
-17220
88648
-34906
83537
7498
-12097
-57646
-75713
35231
-80742
78473
91504
-26669
13158
56435
88781
43516
12475
43337
-46083
90646
-50379
99368
33754
79125
-90820
-20904
-81319
-84391
-58526
-81335
28689
36444
69579
-98416
59676
-39382
83198
-22151
79940
16303
-7297
-86819
78080
-27150
14385
98322
15967
8663
65653
-28033
-46535
-42443
-18696
-45072
-67232
-35133
89028
76034
87456
-21372
65647
34427
46799
52088
10370
14006
54704
-86037
-31707
67065
-42702
14292
1434
4241
-64535
-75126
-72648
26721
30495
3435
-11898
67162
-31137
-41455
53707
706
72349
-23991
-24540
-13323
-4332
99761
-49031
30075
37187
-6231
-88271
36616
-54234
-72725
26642
-93184
-49183
72190
-26226
38707
-23414
-12040
-50915
-59200
28325
-96484
-78246
25863
-33718
-23972
-89801
47204
45579
85589
-65142
78603
24344
-29143
76069
-99813
-97789
2437
98959
82871
-39217
-37464
91409
-18779
-8646
51823
57096
26317
23106
54206
-91917
32325
8046
-23489
-76665
-3982
-84804
-39008
-97830
70126
-30128
-37375
82243
-82000
-80863
-86152
91731
48194
11070
65630
83844
-40090
-79962
-35217
-7326
69944
47955
84023
-25424
-52555
-56103
-31128
-20121
35435
18462
76787
-22878
-97343
57434
30447
-4298
-56039
19375
-25775
98075
-6196
-90439
20441
-24616
22953
90244
-74332
-55057
-54314
69816
-4900
-8467
89651
3219
84702
-7801
46718
-89575
37958
-14313
89108
-33411
52754
-14920
-87896
21279
95774
-5050
32362
-40433
-8815
-26845
8876
-9528
11612
70281
-83953
62742
67706
-42852
-61912
35381
-6493
25128
53819
63098
60499
22947
8176
-22377
94556
53718
-46447
69484
88893
96438
33057
-65707
-90130
-12900
58879
-26143
51343
-34927
13600
3717
80500
-35578
-20520
-33500
8552
-5571
64526
-20745
-8507
-69516
46419
60685
86912
-50874
21665
-10884
35971
-53202
-71272
32462
-98492
-83327
-59243
-9947
-23926
-93153
-57493
-1333
-11798
-22452
-90232
-56841
87153
87342
62084
-40240
-27335
50263
-27011
-51884
-19032
72396
61685
53941
-55546
-56849
43321
99308
-81740
56542
93563
-26620
11785
98327
49743
-42850
97050
31666
-88178
44239
18040
-20341
17022
46309
9160
-90618
89801
3980
73714
-73988
-69254
-89316
-57777
31826
-1458
55460
21630
80713
98050
68759
-58584
91797
19751
-71198
-9722
99177
65591
-44155
68190
-59738
99948
224
87381
7108
20450
48961
-80936
-26923
73997
47751
-80917
-22084
60626
95578
-74704
95206
-4862
-33151
-22354
79581
61906
-25861
-97905
-23403
44420
-36214
98543
-37287
-89408
-40746
47111
9722
42208
57687
11437
-8294
305
35774
-186
81165
-56069
38012
-72944
-13409
-467
-57384
-72473
45822
60913
9869
77867
63159
-35774
33752
-73621
-98600
10207
24577
46055
-16794
97683
-47694
48562
-38513
77927
79066
-45167
-93837
22078
-28837
-91368
-18641
-8048
-41509
32448
33895
-55664
55131
78642
19816
-85075
-13643
65378
40761
-53505
-97415
88049
-88380
-92175
72110
99567
55027
-87326
13216
55760
-1185
81439
-83624
93722
5051
-84955
-39480
-67210
-90314
-57323
-38367
2864
-40000
87877
-42624
-9896
96115
-81749
43800
-62783
83929
99584
74442
7519
-26788
56792
-76897
74371
54415
75627
20015
45593
14014
-97902
-57092
-69481
-96743
-23220
-48862
-39352
-13091
-38336
81435
69353
-61591
-25972
67414
-61683
81189
-60147
628
-73719
99265
25793
-65345
-82575
55074
61165
-11569
18051
56723
68286
77809
91697
55037
-85026
-68952
90135
-75785
-74793
-54797
35001
5995
-49488
20689
48169
86126
57419
568
-4871
44791
-88647
12947
87170
-78033
-38194
1417
24261
24775
54900
-6656
-25831
99731
-3452
16105
-31917
-51134
-24407
-91510
-46126
66909
43786
89456
-33985
-89710
17645
-50914
-22676
-22266
-61107
24960
24767
-35506
-31141
-55091
83368
12129
-24376
30880
-82698
27065
-33059
67058
-51367
-57327
-1114
58270
78231
-15463
81833
-3968
-41674
-89681
-49960
81805
-88063
-36662
-82389
-86540
-23778
40823
18197
85580
-12159
-31853
47912
-35492
-31695
19144
-26674
-1620
16541
72673
46484
8524
85471
96088
66047
-54082
2515
90937
63052
34031
-10336
18642
-88823
22454
49710
77871
-45783
8745
-90866
-18895
19152
45914
15996
33361
42460
60500
-9991
32540
-19932
9866
81281
58037
73227
-71138
-79846
95008
-62517
10521
21494
51396
64395
-71699
-83574
88409
56774
14
-56726
28090
79609
92605
53162
16505
-48721
-93294
-2743
-27520
58301
58911
-83434
-49777
-12972
-13878
-46922
69905
23851
-44099
-48309
79715
37673
-16251
78986
-16941
78919
19813
-10013
-85971
75786
-27276
-61772
-57838
-41082
-10416
-85359
25333
89872
-56033
60961
33009
60616
7113
-73552
76071
93517
-70936
-9693
-37897
-96572
-18771
-3226
41826
43340
19837
83737
-1720
41384
83991
-78466
78010
66218
60819
7915
-34190
89089
-38405
-7022
60336
-8456
81022
24650
53519
89984
49119
-59704
73388
99862
24736
-61320
-36822
44935
-70426
-82378
25397
-10152
83604
27269
48254
65288
-384
51809
-99068
-28494
17975
21413
-40452
22809
-10431
99796
44293
20500
-9300
-8907
91062
-36221
-55343
-31532
-65295
86905
-39447
75001
-66429
70538
-82388
31394
18688
64210
79514
-51989
51123
77497
88023
20357
-30707
-56678
-70915
50626
-51346
10626
-14831
85094
-91206
38371
43485
-6487
680
-63739
-29478
40042
48257
48487
-18363
-99574
20977
10896
-79091
-25631
-1639
-95813
-60864
18473
-30869
-58662
74639
28706
62021
-58581
41592
-80323
-26774
-38428
91444
-63770
-93450
-24726
-33193
67418
7468
93784
-14109
5087
85958
32809
-82934
62690
-71722
72674
40475
3700
-34976
-23740
-94853
-55766
-51192
48825
-72554
3268
-45212
57769
75107
4591
23552
4458
60081
-72050
2780
79178
-42040
-22564
97991
-36132
48956
-96987
50379
-18055
46828
-29036
-78418
-61544
-70822
-39622
69216
-21091
99641
68560
-12234
-56536
24775
51794
-50818
-63104
18027
-23258
45710
43063
12450
54470
41646
-87033
38597
38635
-70531
-46109
-70225
-96486
-7312
60083
-7960
3566
-80287
7946
16950
-64579
-36924
15058
-11509
-42569
66202
25502
-94971
-32342
46462
36279
74272
8906
-31544
-28912
-5442
-15606
46684
-83378
49586
-23479
69588
77504
56059
-8321
73116
-51764
53825
54259
63876
-94646
18320
-73804
85363
-58861
80065
-66102
-32130
-34319
35457
44414
-36843
-61643
-77438
-65468
29861
39622
-90673
-76435
-77793
69650
258
-3154
37005
-94686
42020
-28205
8254
-29970
87403
-96202
-33084
44579
-4970
-42957
-27878
61091
23407
-18672
9091
89374
-48407
-66378
-10947
92096
-97805
-29464
-95708
-43140
96034
46728
73395
-2018
72192
-90506
-45958
50969
-7530
14922
61963
-89682
19945
41189
26762
63879
66374
57587
13241
34507
34410
36660
-27308
65519
-20699
-29526
35265
93693
-52403
-48071
-39486
77412
-45848
75137
-10716
28519
-96882
-14658
86046
18910
35752
97999
18163
-90355
-73298
-96130
44008
-68687
31880
-75412
95071
1227
-69940
-65883
35853
-54671
83603
-86305
3358
-7871
-93334
31379
-12569
-50129
-18157
-3050
-84961
96186
82256
62520
20901
99645
-70365
39479
-98979
-48259
-10708
11921
-70622
51770
15495
69998
-64002
-23997
-93516
23358
80642
47552
-88860
94092
-42116
-63318
67154
12516
40209
19637
94729
72675
94438
82032
-50694
59189
83365
67802
-13231
99212
10454
86594
-80026
60976
60803
-83882
-21841
-95973
-93449
57890
61684
52778
81260
-52777
-41725
-99263
28180
34341
-30483
40039
-89055
-13078
-69208
-23933
-34540
20330
24368
-16415
-89596
-69583
80341
-87945
30952
23318
-92561
89487
-63105
-78486
-62805
89197
23053
-26574
19757
8730
-42128
-78711
58484
32682
-89143
-63565
7929
-36454
-11066
-18029
64182
-57915
-97039
36600
55119
86023
90039
-6695
-42788
-52964
45605
2462
64882
-70351
-33647
-40868
86826
-45768
11683
83369
66416
38440
28551
-962
55798
-59219
-22615
-25418
-31174
87887
16264
-39113
48489
75937
46153
-89828
46397
91239
-99195
16621
-78749
-30079
79170
46370
-7447
-86253
-64307
-28699
62248
-8228
42743
66017
92858
-45139
-79985
17779
-21002
56723
-52195
-96390
-17495
73184
15054
-62961
-31400
39248
10714
44314
45334
-50772
-58836
-28241
-1181
44153
62016
-52230
-16791
-89245
75815
-24031
-90047
18025
-24412
-3995
-27297
-24176
-10262
-28596
-33779
-59790
16978
59441
-93744
26918
-12926
20799
8365
19782
52658
75122
67751
-36812
70200
-49744
7471
45243
48152
44687
98112
-54670
-72441
20752
24302
-86307
20220
-76493
-77259
75578
-94126
57535
15897
-56673
15217
3218
42846
83269
-61525
35903
-87694
-713
-23516
-62095
-11491
55443
66392
74781
47560
9312
-9112
81139
686
-39176
95052
48526
94874
-62212
-54640
-30585
-41700
60547
-63523
-48075
-35063
-3709
84725
64384
-17772
43810
-4486
-84122
-46027
-43612
-25952
-48166
72996
88754
23888
-60707
43282
-66708
-49037
-50749
-54656
86775
21800
95205
-52369
66488
-32053
25778
-65727
-6955
9980
12953
-1264
30614
31160
20371
53458
97890
-28096
-54281
-93627
-90162
48832
57015
-26905
69207
77289
-44329
95273
838
-35729
6293
-14201
-90957
27034
33579
49768
93304
-60725
59125
57108
-62318
61873
-36816
43460
55224
-25225
-75774
78523
81487
-32112
-76760
76614
79250
-15046
-37465
-64353
-95550
-7210
-64053
96616
-3026
37673
6705
30786
47012
43021
-93770
96432
-7617
-82591
-54620
70801
-63008
-78132
21043
-91384
4279
2321
-77477
7720
1970
-89314
58443
28968
68067
-31836
-76252
4139
82450
78186
50491
69087
-36751
58539
59057
-94525
4010
56216
34714
81710
23155
-12100
32177
-2444
53075
38758
-78460
-98046
96098
-23284
45825
43843
68428
-43366
91524
-95641
63459
-40680
20484
24819
-97846
-73130
86774
-36637
85923
21398
-71355
-33312
-35952
-86510
48294
81360
-75781
-45409
-7595
99639
74509
-91575
-75686
28539
-53177
72956
-65278
38765
98142
10721
-98599
-5173
76200
-25156
83231
80378
28152
61794
-84876
78714
-58606
-89005
-81925
-43465
-66503
-87879
-90302
12635
-52260
-29340
80339
33239
-93045
-52630
-77815
-39870
49098
72552
24452
28112
96642
81314
7435
41284
-51114
-40388
43042
-75999
64081
-30806
96489
-41634
1250
91406
-53302
38922
25309
-51822
-52013
-54511
-19559
-46563
-43408
-29218
-89611
54019
-51026
86058
85046
-93746
-44871
-20796
6520
-51880
46444
89725
-84450
-87235
30519
-32034
98700
80044
-16948
-37096
-76420
-13028
-17423
70366
-87423
5711
-13295
99933
-73302
94084
63557
-45401
-99520
21611
31729
-2462
83254
-84985
15770
8407
2950
14914
-59007
53942
-13992
-43978
56492
21402
-98101
-14110
-17046
-13829
-71029
-37048
26447
-58100
47463
31951
-88132
-56020
-11906
66839
90801
38323
-9256
-57245
-28022
-32062
-19616
24401
-68485
-25766
-29036
15115
-18742
-39489
95303
-68448
-37472
-73534
99244
8776
-69227
52794
-68792
65287
82493
34359
-10743
40768
59375
36380
38184
-17716
-17306
43930
-54545
75085
48417
-76038
-27908
20777
-45049
-89822
61446
-65035
-67350
-21489
78963
-9787
81147
63234
91446
-48383
-66314
93627
-73163
33019
47370
-73290
57555
-51040
76163
68709
-15355
-78072
-22238
-34540
-91013
-41545
13287
94873
-11891
2165
23203
-86327
-10081
83702
15967
-64971
90646
18735
74643
-95524
79309
-56477
6461
2289
-68510
-73131
-59731
-2178
77437
77270
93359
-87285
-65306
-16315
47223
9152
-80294
-47042
-56556
22014
-38803
670
-19834
-96456
85863
5175
20396
-85014
30516
49783
-28758
65129
-36419
-98802
89125
-24760
-70738
-21662
-94904
3659
-36798
-1550
-70192
12755
33017
73116
-6518
-76753
-79612
-27716
-51746
67410
10507
58903
-3060
33995
-48346
-68333
87343
-32721
-78031
85638
-49720
-78774
63151
-80771
-63492
27968
82398
-28636
55329
-42215
31834
99382
19695
52024
-54329
-35824
-32144
-15671
-33930
93241
18323
47646
49478
55337
80881
-2867
-76308
64701
94333
-8392
-315
50660
4923
12313
-12298
-69836
61330
-38419
69732
58300
69349
31964
13846
31058
44489
66457
-50104
74426
-80497
28933
-59512
-76845
39201
49794
-94014
-26221
-38386
20386
24033
-60477
-45844
74959
-48858
74
-3664
-42295
72878
95393
84577
64751
91302
-12595
-63883
35815
36985
-28189
-23357
48201
35293
-47709
-66265
-57839
-38857
-73955
8994
-97096
21589
5250
-77282
59849
-76901
-44568
68567
41042
-33338
-42434
-32760
22971
43658
-97686
-81383
58902
74137
-30627
-87207
-64488
71793
92824
-37177
-63495
89924
35163
95790
-19614
-2811
95380
-88852
-41004
-50441
-92732
90912
7012
7046
58156
91697
64211
-50089
-70960
-16516
-17598
-16765
89867
74788
45246
-43670
55666
-40967
75920
-48854
4888
-48658
-27388
27044
-77674
82603
-96301
9131
44728
-44549
-68074
64103
-96710
-28782
-29016
55519
49719
-97845
93785
56880
-76916
79043
82103
74163
-89827
-55400
70646
-48290
-80976
-99156
62391
-38011
39037
41050
-13507
-54938
-27237
-21795
85411
31063
-69276
73984
-54917
-19833
87046
-62100
49684
-71150
-9741
5955
-61424
-68912
-51679
-57218
-84747
-5811
81118
-4700
-70049
-96890
-23415
-95829
2825
79788
29892
-90587
-18710
-11969
-72833
-75453
-46142
-78731
56039
-3589
-99723
32876
-78861
-24220
86011
-25466
-97509
-86013
5335
-76555
92947
-13571
-20299
15127
92839
16526
-21305
-6782
-10360
37943
38254
30233
-14389
31082
95019
-3415
93820
92463
52290
34037
84817
-60908
81577
-96808
46841
34720
-56098
-2149
37113
86416
53041
87308
95534
-48202
-94474
37652
89026
39767
43670
-30627
54763
-55340
-7649
-81506
78845
-23121
-73333
-25900
45526
10430
64737
49245
16864
-48277
41661
-32684
35617
-5615
-81905
-7872
-65885
-21939
76109
90317
-23192
81673
82612
52268
88655
11260
-19604
96102
81678
-29049
38343
21987
-79494
6795
-95307
45323
-69608
-11622
-40213
32030
-62625
-38335
-77122
-2534
-33766
44299
-45324
-55269
-49616
34347
-33794
-18879
68798
-7177
26032
-51532
56788
-66290
-61067
11715
9568
92582
89480
70751
24957
61649
30924
9959
-7271
77787
87391
91239
-41803
1019
-17849
-92521
21762
98388
5864
-86107
66711
-88924
-44526
56884
-87303
-41240
84880
-28126
-2804
21569
97003
18768
-42372
90341
-87242
-64085
9910
-30587
-80189
48349
-40659
23759
-78092
-68034
63237
-67342
98495
-66475
-17254
45800
-57281
-6177
22203
84001
-96023
-44016
-20988
64297
-25494
85966
13849
-40977
25180
-20912
1576
-53022
68994
21312
-75575
65943
-72074
37192
51927
-74414
-57674
-67526
80477
38523
48123
-88814
40391
55325
97946
44981
88972
50336
-78624
-40377
-76314
28022
-75620
95722
-70576
64197
-71161
6256
16411
27312
64350
-89189
7394
-2463
72991
99708
-30073
-24990
-97049
-90810
-33057
-84835
-50164
9620
71102
77910
17019
-67767
-6124
69864
-83738
-48035
26762
25059
98437
85396
-16451
67159
4521
-28794
88774
-66460
-33065
73148
82146
-97709
40911
95306
-17396
6198
33605
37255
-49950
13303
59332
-29251
-46927
-51471
51035
3015
44890
47834
-51369
50977
-61953
54654
-34552
29582
-21218
47599
40246
-97993
-27211
-39921
58338
76849
-81438
67590
54139
41889
-30510
-51894
-66982
5357
-91701
84190
-91037
36725
-74070
17388
-30442
39057
-399
-12902
-28784
-95268
70750
22288
-16008
35508
-4365
-60265
32525
13917
82587
84956
15985
39406
-37271
8318
-17249
-88417
52690
-62684
-78267
15070
-82919
6826
99286
11819
-67130
98181
43502
-45518
67463
-16167
-85272
-33178
8820
-12052
-8933
-11686
94960
58041
43136
-74806
-86396
-47110
-50374
99615
72202
-98442
-89619
86249
67493
19392
-17910
82951
-7711
-31043
47480
51413
-45925
30679
23852
-8363
7301
-81781
-50531
48905
-44640
13445
-84893
-91447
53397
-75375
62988
71377
26963
53392
-97876
-64903
-68634
66355
36912
14157
-8658
44165
-193
-28127
-62393
68272
-97944
96595
-68714
-28759
41890
69266
-32361
82471
98583
-9312
33164
-25180
-33569
-6354
-45165
14388
3237
21126
-51715
76839
-81340
94067
-27734
-52228
76081
64346
-6780
-35582
43266
-47292
-47861
-73194
-5471
-71150
-3136
-80863
7330
-10829
-34096
-67397
35099
-48276
-77055
-13815
672
22820
-17963
96424
-19813
53415
-85369
-81098
-18314
75327
-69610
25300
-31817
-12857
-78432
-67363
84208
69218
-22913
-69487
-6144
2003
74043
41181
-72479
-27269
87628
-71403
-27467
-49585
-56742
24190
-70896
37933
-93160
50883
-27276
-2990
65924
21152
52994
-23086
-63936
-91052
-28535
-38441
42611
26797
-91084
-20755
-90365
87268
-42077
-21331
49217
-46614
-69767
46030
85303
-25640
-58844
-80441
29849
59596
-13721
23897
49888
18870
-85071
54550
-59894
8621
55080
82967
-28868
-96651
18842
-19840
-75319
58000
12728
33555
-76776
-35115
-11650
-98365
81918
-24239
22829
-88689
26119
-40387
-3069
67007
-77448
54001
10685
66784
1645
-81688
-68568
-34604
31996
-45805
-95985
83508
-57489
13814
-16400
-69525
45370
-64852
5501
-90333
-78151
-87476
-76416
-41544
-36200
11534
16832
30453
64758
45350
89699
47588
-77948
20627
-85888
13996
-75457
59168
-50649
-55431
77583
56254
-47703
-43907
80310
43552
-49131
-50408
88809
-31564
60201
-77829
31953
85326
72433
27949
-86050
-14076
80636
-68961
-39672
44262
-60699
58182
53159
-66838
-57654
10021
58164
6743
-63207
-89771
90985
54072
-1054
-87275
50217
68925
19795
78700
-10927
-67437
64227
-80060
41544
-87995
42596
2760
-75463
-75724
-85108
20369
-87648
54613
-23092
-38768
-34388
-22437
13637
-67921
-25786
28522
-11797
-9082
-69619
65751
-3057
23791
-1345
-96230
482
-61883
-64474
42557
84571
16861
61716
20352
87925
19059
32303
92595
44182
-41665
44026
-34699
73055
8161
-4171
867
-71275
-86281
-91432
96197
37172
7868
-69811
96625
-12531
-68005
-20594
87065
74779
-84607
94219
-48463
-53660
71834
-14856
85636
47716
51295
71700
-4352
8366
-47629
-3954
25693
-54342
92578
19558
-31971
53260
45038
73803
-77856
-80308
15623
-35244
4827
-10271
12976
82339
-1430
-26302
-33479
-89025
44791
-29584
-35058
-25383
-68084
-23566
-62048
55747
50252
-92481
-51763
85014
-93667
31347
60157
61611
93690
56263
-70667
4068
-23251
-44756
-13360
-12947
-2670
-54387
-77969
12133
11629
-52441
-73796
77759
-801
33845
-24463
81318
26293
-73966
20527
16822
30057
59717
268
-14226
27892
80476
-59232
-35249
-72750
16049
-68482
44162
90298
-24471
52132
-49386
64158
88478
41340
67882
99889
44486
-70868
-64107
64290
23869
-47814
-24301
-12967
-51289
3426
-61616
-17998
-18236
44283
-22573
-84308
-23089
-11730
666
-25598
13882
41717
-90243
37813
-78922
7302
-30350
-13069
62741
-45465
23637
81926
-67323
-10209
76758
24580
68996
-77656
-20857
20035
12349
-73271
52109
-77227
-37475
-90282
-10187
14739
-29184
89322
-41464
-78200
48963
-99216
54655
51980
-54066
36139
-5816
-13299
97055
-36812
91801
18624
-76469
-75322
88568
-52317
39886
-89943
33855
-98503
82196
20351
-24345
45814
10536
-62722
52370
24987
78698
-31018
63020
4054
-13376
34378
-87979
86741
4068
64750
5381
14241
88480
87899
88445
-89703
78511
-45700
50991
97043
37184
69888
-86745
-55087
59963
-51309
-25694
-93915
53386
50243
18562
-95319
36567
-94740
-10993
-65714
-40462
-44790
-24232
87326
2844
75288
-47220
48807
-66
-45095
27070
-6160
13011
-16907
90654
-28387
63600
96140
-69119
-36154
-13389
55402
1596
-42498
-21000
88771
-36152
31197
-8117
2712
83355
98321
-57764
-86769
91339
-99416
5321
28071
-47443
-37467
-32998
-29828
32253
26440
-77883
-84165
76953
-62567
80787
54942
63591
-68477
74724
-91969
16447
-52024
-39650
20259
60203
29263
51018
28468
58300
74472
35913
-83513
-16043
15015
39016
46401
-68989
-98988
1684
27591
-53213
12399
-14385
-13388
-97890
-88416
53614
72411
-67920
5505
-92797
-28850
58670
30887
35906
77671
-53485
23931
-18131
32268
66649
-4862
17359
61404
-1787
-87616
85406
-21241
-47227
-59223
-96275
63238
55444
-42004
1824
19817
-90308
83904
84655
-69871
71414
-2187
25068
8508
63650
70271
46708
15445
52371
-22293
70032
-65207
20018
32479
-83450
74511
54744
33467
35275
21252
61960
71218
92254
-69206
71978
65636
31569
-47246
16181
82122
86259
-62580
-25503
58109
97613
-43443
30202
-20061
-29153
-61960
-6779
38790
-99950
19129
82815
-32283
-36386
-41594
-87678
-43486
93918
-4636
60297
-30623
-72165
-77027
45128
9694
-14998
-92309
94
99631
28159
-69567
36750
24449
-81110
-81474
70860
-71317
93674
-94971
19081
-37822
54910
-27310
-9935
-48994
-31584
79756
84239
-7790
-56728
89811
-92791
-55008
-93
-43669
-66855
-68231
71604
-52915
82359
-18301
-1491
-85527
-33067
33542
-51646
-96481
-50365
-86492
-29265
79484
32152
47982
-52821
61663
-92909
-44009
-26394
26947
-35716
45696
-14077
-82692
23355
-70226
36053
-76110
30359
76431
-53502
-53452
-91251
-88132
-9941
68221
76763
-98395
89808
87511
-58856
99301
29537
-2649
-65290
-33216
25226
86113
-65555
-77978
-41401
-87988
77203
-17819
51466
-98542
80155
-44771
63761
94734
-78770
-5876
-94339
-49708
-97304
28979
-92780
-15143
64615
65451
61769
-19771
-82764
73812
40909
-14289
-26966
-55868
3151
-61378
-12788
-66413
54275
-4402
22325
-23958
6924
-92714
9432
-96397
-48726
-41231
76163
35664
18265
81278
-73734
-10633
17319
81699
92078
19365
-62961
-33189
-64585
-16826
95296
92975
-54938
96853
-96364
-82018
3333
-15159
95527
54343
-30055
83368
-59035
66594
17393
-75571
87085
6479
23804
-36800
-34370
85903
75602
-88226
79477
-19054
87621
-82284
-66450
46913
32368
96217
39487
55604
14517
-42836
51504
-68698
1521
80951
33217
-53131
-80666
23441
76559
-19830
-25668
37560
-93913
13398
63756
42931
-66946
4135
29720
27576
2139
-90583
27751
61759
-11647
-67266
-22627
38727
-89589
-67893
-90812
-3448
-40799
-28879
-6282
-43438
9298
27709
-71343
8128
-2489
12837
82441
-56153
21156
-51467
62312
-96853
50233
80604
59213
-40121
-31661
83439
-3918
22252
22828
72549
29219
-91814
-49417
10730
-66853
-93424
58582
-70776
-96558
41715
29829
-22489
35029
-29801
-37840
-91252
-3293
-9886
85774
-79682
22723
-71114
90793
-44843
99682
31912
-81991
-71577
92226
7846
11612
96328
68492
78406
85945
-42060
-36369
-45580
47046
34077
97482
-6238
93232
-20820
-69418
89042
-24088
18039
92661
-79737
3818
20239
95832
44554
-19367
58637
-736
-57324
77889
-55131
-97140
-12757
62159
84615
-19427
-6891
-30892
-23477
-71242
-16257
83336
-91131
-4340
-6818
-25873
-37067
-63865
-31621
64625
66508
57551
-66366
98196
64452
93455
-87156
-8713
-67222
-2401
64900
-91091
2492
-97453
76639
2122
-5386
-97272
89058
96734
-48733
5773
19402
89279
39873
24154
-24650
-14379
-16088
-38527
43779
-44574
49108
41855
99254
-4743
33283
-95026
18350
-8403
-52778
-58800
35010
5334
93839
-86484
-53517
-13807
31564
-70738
-78692
45418
-9670
-27511
35059
82569
-86630
-71723
-61563
40127
86542
15790
-10453
59368
77669
34509
-70317
-17380
88829
-29158
-83132
-53869
83184
96611
-60959
72051
-26363
54022
86959
-61445
28644
98056
-88494
-77358
-75168
-6118
-87839
-88758
-53467
51011
43660
30456
1949
11407
9409
-58036
-8574
-47689
14035
-41237
-98510
2550
-15146
-43947
6740
-95509
608
6572
83566
-73694
638
3586
38743
-20553
-26872
-7155
42703
-67140
85027
-22640
13901
-23950
-7968
70438
77119
17631
-6849
-85721
-20357
20936
-59271
-14569
12504
54101
62063
42775
60501
48895
-69653
-44255
-94435
70270
69713
23029
47524
-99746
-97263
-51891
30190
42771
19296
-94749
-53136
72521
-27787
-66012
32077
64045
5641
42298
-28815
-43466
85969
78833
-94375
64479
10582
-98883
44912
-50884
-51904
-7397
73098
28727
22557
-40773
-18856
-7830
24293
42304
81459
89059
75923
13138
71153
62894
-52041
7514
46651
-44103
-84002
-14975
48093
-92939
-1970
35835
99940
33534
21131
35008
71166
-37190
-50214
-57162
86500
-21367
16376
-88867
71505
-88630
97645
-31217
-93747
-32683
-86105
44048
-45381
80684
48476
53795
-65463
-77784
-86327
88981
-71580
-80028
33000
-55240
-11017
-6951
60418
-59411
-38766
92825
28477
228
77176
92002
-29795
-44073
-96723
-4465
-40102
74573
74862
54651
13089
-18408
-20981
56101
57264
-14998
-2826
-27909
78631
44363
-44010
35028
22644
30273
-23757
21948
-84006
-77648
39658
93005
14668
8292
-28700
-47654
-38719
21448
88803
-47229
-72418
-1814
54831
38098
46793
-23798
-29618
87529
-79090
70269
-83554
14547
-23302
68964
25068
69016
779
60540
-33384
-58958
23955
50210
-76881
-6473
49531
-72849
12806
96205
-27393
-15724
-23949
50546
37228
28104
-63964
51339
72700
47915
38218
-87363
-79484
81438
30293
-5696
-38541
52572
43795
40885
-301
-77412
-32734
-19426
81841
74366
10255
-66020
43633
10856
-65806
75942
85373
54080
12244
13492
12026
-73447
-57029
-28441
83377
-44886
5787
41693
73694
-4980
-58484
-9522
49067
64744
-89915
86159
82030
-81383
69990
-74448
70748
-59275
32925
-39304
-59463
29907
-37235
-7723
88494
62787
71314
-97074
-78619
27865
-93236
76517
-86268
-64596
17980
-81382
-39722
94531
-3847
91839
-47049
-47881
18101
63093
-14184
-27119
28594
53094
-61114
-7877
66459
76217
84347
-56214
29825
-86793
32627
6183
82234
89344
17554
-97899
98930
85893
60177
43377
-80092
-66967
-16639
11650
56149
-13181
-56935
88650
74738
-59065
-64083
38331
85339
9236
-16612
-11172
-23844
99348
-25570
43112
65918
92126
-54086
63510
15565
-58538
89
-89127
-26336
70628
-83490
-71297
-6214
74924
-57941
63447
-61616
91901
-66693
32979
-55268
-26537
83220
22785
-55626
-5857
11697
-54037
-6625
58157
17447
-66339
-13667
72496
-98868
-58285
12525
73256
89647
-77116
-77374
41595
-99698
97449
6568
47122
-58628
12027
-94650
-65825
52193
-23273
32516
79350
-84321
21038
-63027
68121
72057
-59704
-83777
-44284
-9400
-6960
-85333
-48335
71963
3484
1115
80792
80639
23792
-47339
-97631
40304
-30803
77946
-29882
96270
-57568
-73885
-55713
31060
37227
18394
-76675
-73720
-84472
22743
-73149
-1382
-7551
42347
-12060
-44122
-52920
-95096
3474
93493
-95614
23885
-2425
65100
-93873
-88757
22619
90021
-44393
88004
-28502
-88687
-62
6681
19598
92760
-71360
91427
93608
-92504
-11691
-48022
50556
43101
-28822
-6253
65217
82378
55842
2223
461
34322
40091
88565
-51157
-21323
-13244
-75878
-20170
60827
87059
-30355
89283
-29285
-8226
51406
-30860
24826
-7788
-37614
98305
-82709
8938
-89738
-69114
11968
16973
71590
38564
-12165
63242
70641
40553
12010
-51489
-33036
-28134
-54310
-19850
-56663
30571
98129
63071
88294
66940
49220
43473
-51063
43498
-54729
-69982
-52030
-10342
-15267
27391
25204
57692
64202
32540
57262
94043
91631
41936
52269
-5494
50981
-96430
-7383
58645
56021
85513
-91979
-66230
98242
-30299
-99831
94756
-58606
43632
4957
73353
34761
21827
-27029
-54681
67957
17440
73711
72147
21736
70723
57300
75946
-68866
69163
63926
-31869
-18731
82120
-92471
-25104
89784
-58529
-87652
-37899
-45964
-9907
-82119
-89949
-60863
39552
-96747
72597
-82503
-95505
88845
-21071
3851
-13661
-94813
-37140
-16730
6545
46733
-45352
21668
45402
47613
47759
-2865
-39957
-35640
-40202
33467
26982
52126
72701
42612
-98806
69340
29160
-76455
-34744
11805
66592
-43463
25413
-68517
-95137
-86279
93053
-73145
-14785
37283
78960
-14169
19638
-54107
-79090
75655
70502
-78423
5915
-28199
95651
48667
-80043
69296
5667
24315
-83049
31681
-79372
15768
-50835
41797
-95049
91858
-69964
-46007
52177
-59640
-74095
58742
-90989
-3606
-13612
74956
-50222
18360
80760
-65614
93821
27563
13741
27224
68555
20474
20251
-21357
-27248
-33032
43930
-45743
-39807
61079
77094
-340
78841
-77270
4794
-47780
-10360
-722
54963
-19012
71178
-47294
-68008
5423
73170
-50914
17242
-95450
5700
-24593
65264
-9969
31706
-57840
-14670
83240
-47239
66705
8621
31472
38368
-29947
39844
16899
97830
-92497
-15500
-52917
99098
13831
-96985
-11027
-6733
-77019
-36646
-71775
-22854
-6055
51508
97901
-38090
-25500
-43667
8172
-79867
41742
-48584
52181
95528
73372
-38863
25685
-1223
-44407
-44215
-1724
-9936
60060
-50678
-89661
98249
-26379
-59067
37457
48137
-79428
6184
-74460
-51082
-40857
91389
-12685
-81005
-9662
40385
38397
19716
80793
-10033
45970
4579
-8009
-13744
-17550
64600
-4398
-44562
89510
-96629
56449
-46535
-47567
-89709
22549
-78953
-92801
-42334
27966
18439
30369
15011
-90710
51212
-4679
-68008
-40333
-50836
12500
-66319
-5376
95639
-54793
-34173
97349
77559
97867
-40620
-78625
-67111
-26953
7953
-14257
-53629
-90229
-40340
-98072
9805
-12382
-8537
-95741
18338
81690
-69359
-40013
30606
82180
69841
95232
64193
-78797
-27670
-54340
-87930
2527
-13923
59074
-69842
81571
76841
93281
-22280
55201
82182
58026
94987
-13130
-40782
35527
-21963
-60762
-71152
-87534
61715
79731
43434
-77815
-88932
-35486
-82776
44861
95559
-60533
-4126
-27444
-76084
-2547
13590
-11235
-46665
-74662
-17641
-33510
80594
45348
-90552
-53662
50727
-51409
92513
29551
25336
-58713
97543
-27341
2809
-54210
-18296
70182
-68926
71263
-58572
-62706
-31573
21946
72497
-31739
43500
88755
20504
92557
-61056
-44349
91671
-18231
70281
-22455
22246
26850
97468
39586
60810
85839
-53037
-11393
63340
-6930
99652
94273
-22399
58844
-76368
-40057
-40098
85900
8656
49100
-16090
83056
-98661
-76733
-17264
-7406
-2161
-93671
-89829
-43154
3625
-63776
-99666
-2126
-60300
86156
34904
95390
-98707
-70849
11603
-92534
-99029
16844
10956
-51099
-28754
53658
74742
-77638
-62988
-1069
19544
-83445
-65168
-74342
-54453
-19732
-95873
78572
37495
-13676
86628
-96784
97192
-43562
-88897
-89995
-14251
-86840
-31713
92285
45565
32817
-53690
-58788
-5916
92560
34856
52286
-43891
-88772
-33944
-14331
88983
-17991
-39152
94339
17851
-97811
-65133
37516
72127
-61138
-37270
-71423
-49561
29
78865
-28126
42802
62086
-19265
38690
62595
-11205
-4248
-39268
54078
-10523
-56381
-83447
-7185
2544
30839
-11991
50321
79735
52032
-916
-83099
34075
-56611
37162
15465
-34722
49201
-60634
72434
54815
-63370
21022
-71341
-30957
79447
4005
11770
-45746
-24149
86992
-43426
-7054
-93445
53613
-59662
82267
92120
-57330
73439
5487
38215
84718
19098
35936
45323
-39807
86695
-7653
-18039
-83806
-56791
-99241
-92321
-54316
1660
33436
93536
29378
25663
-73378
-78768
60857
6525
-64065
66840
-40069
34445
54048
23487
16498
-55266
-72534
-16691
-63478
35196
-29528
-21683
47455
5512
-88015
47152
-43032
-56127
34583
-3369
33391
-77028
97850
52998
-45557
74522
-96974
-58981
-42133
-82091
66434
64235
-81908
52133
31815
4301
31247
-46642
-23856
32681
8430
-38903
-71013
46976
-88041
-46613
39074
3499
-13770
-71011
34836
-66024
-39899
-79039
93719
70
35666
-46403
97890
-41845
-52520
-99830
-93414
-58484
-9255
89236
42886
-36022
-892
-92247
69996
-4340
-47147
-47555
12359
-6425
-14269
87467
-77860
64127
-34223
49107
-20017
-94288
26798
-8988
-36594
-49872
23180
55472
-13380
16387
-47355
-62024
-49581
43984
-62832
-51698
-99892
94275
30799
-21365
-12936
-7972
-683
-46192
80782
-48000
-4905
25460
