604
259
723
575
714
500
637
646
708
527
782
670
908
238
674
678
455
733
278
758
567
890
487
722
577
243
740
816
917
772
243
510
125
883
662
351
113
655
813
924
581
193
688
335
630
189
851
942
735
812
993
129
386
670
598
969
284
330
424
268
118
660
886
315
409
995
900
642
475
701
333
581
715
784
993
325
113
676
754
624
187
581
777
434
548
594
321
839
576
303
318
791
152
767
820
152
123
176
895
365
600
563
836
439
817
329
867
238
772
759
691
545
350
170
856
772
170
820
165
671
274
975
511
560
840
286
137
185
328
439
246
706
170
399
497
585
728
929
213
157
477
168
103
214
365
559
146
551
485
757
511
996
290
748
476
629
312
546
676
487
972
637
723
927
492
536
626
759
250
628
906
567
876
942
120
655
981
348
508
390
514
777
798
848
718
366
421
640
170
144
861
525
807
266
996
553
138
638
158
474
860
299
396
242
492
515
175
209
611
631
597
549
177
181
720
267
643
246
385
558
505
153
787
802
530
972
479
210
410
630
435
390
373
548
433
408
989
522
141
649
250
976
978
676
267
104
629
852
120
975
184
536
347
850
529
877
320
290
945
844
278
741
803
221
145
415
948
445
941
425
840
224
706
787
204
281
525
888
706
285
835
838
180
519
474
784
163
191
332
632
127
880
844
945
474
895
935
727
907
478
980
925
812
284
738
906
502
315
747
669
990
306
550
479
514
717
191
143
653
628
159
711
460
376
623
720
466
843
802
230
341
839
745
969
225
759
540
222
880
606
924
648
965
615
819
622
555
445
344
545
385
960
350
902
754
699
340
773
533
603
986
619
186
264
147
874
380
117
832
594
100
840
525
222
904
318
868
250
764
364
165
737
242
433
917
558
547
284
705
460
947
176
624
265
257
687
612
656
454
692
804
349
355
439
317
638
973
807
756
577
575
319
134
375
300
766
851
909
446
425
541
308
135
517
270
952
418
964
483
139
468
150
600
182
831
423
173
229
305
516
140
395
741
524
189
845
408
698
168
806
899
962
632
953
529
449
582
414
669
243
415
686
763
140
861
385
999
114
779
704
224
728
825
846
584
819
236
995
555
484
269
908
927
211
307
208
291
990
196
449
276
691
861
774
254
534
255
247
107
563
711
303
463
220
850
720
195
305
390
727
772
619
231
324
504
381
900
899
158
935
649
926
881
128
932
978
639
951
993
857
180
676
369
758
514
468
667
721
888
510
395
614
281
940
124
240
890
181
591
941
305
944
279
263
498
794
972
272
823
441
778
463
439
505
370
559
450
414
872
971
510
734
308
371
713
920
908
699
867
598
860
130
662
208
999
260
878
286
862
328
586
175
328
916
544
165
173
722
996
796
253
795
629
176
991
271
201
850
818
523
478
326
380
841
776
145
595
670
817
412
780
647
471
442
648
142
392
219
533
270
397
497
923
136
977
134
539
814
492
867
274
198
823
817
279
632
208
987
935
221
572
971
195
697
881
203
263
424
826
277
780
618
483
152
318
974
804
722
711
371
167
495
299
820
773
470
486
785
338
678
292
754
269
432
600
411
919
972
781
679
277
345
549
520
958
494
487
747
916
424
709
773
367
334
504
436
124
955
684
121
446
313
582
411
889
659
868
318
554
845
138
819
809
454
650
291
945
577
104
913
398
963
903
183
561
961
776
769
758
385
619
527
661
470
363
347
330
233
667
895
233
526
423
165
235
259
880
453
294
633
130
795
392
740
331
519
520
913
614
919
165
791
149
643
941
286
656
572
162
238
823
852
629
126
183
823
647
399
571
517
707
490
174
350
921
343
731
157
673
300
572
517
708
446
781
220
164
430
469
207
571
754
769
717
261
496
660
221
631
433
493
684
170
804
798
443
559
559
165
675
643
782
456
552
188
341
236
493
599
475
552
559
582
385
636
337
622
127
798
843
399
514
873
258
543
600
275
732
829
278
303
889
653
642
196
598
613
396
835
756
888
388
901
579
298
733
675
793
643
785
567
623
769
325
398
145
211
780
787
313
305
318
866
279
686
969
320
650
525
749
187
590
849
515
304
572
660
333
662
982
443
835
376
333
202
303
968
528
476
120
199
591
597
720
861
271
288
259
843
171
174
745
163
933
207
112
825
441
895
219
495
974
902
622
413
513
815
389
273
389
381
800
984
832
946
644
325
553
428
771
869
699
459
159
277
598
160
846
309
914
634
746
983
869
927
497
216
606
212
151
274
719
532
670
867
558
915
897
319
768
277
365
500
474
746
131
626
536
907
949
982
496
678
232
703
403
111
567
170
718
574
208
434
283
945
645
809
322
749
388
528
562
279
752
349
748
272
