31	49	134	19	94
45	70	700	3	41
28	5	613	100	72
24	49	92	25	85
93	39	475	89	8
10	8	912	30	75
77	77	900	38	54
80	5	460	46	64
60	82	37	90	87
3	4	273	92	11
29	6	348	83	46
66	44	66	86	56
4	96	496	90	72
98	96	246	60	78
33	64	30	64	13
96	77	781	45	23
17	58	122	9	61
19	100	224	16	40
61	93	903	5	67
94	39	559	23	67
1	40	818	13	42
50	17	133	12	58
19	21	203	22	3
56	12	650	56	29
86	61	628	6	92
69	95	980	31	26
9	6	366	6	18
5	86	98	46	47
69	9	956	21	28
90	5	524	14	37
20	15	179	92	47
19	68	347	17	82
40	38	911	49	65
53	90	563	54	81
92	48	345	7	61
16	50	312	8	5
27	58	970	54	97
14	22	428	89	57
6	72	494	68	26
39	69	557	73	5
93	31	78	30	23
26	24	721	89	74
41	37	79	61	70
13	1	639	51	79
54	65	90	58	82
32	28	534	31	75
81	55	857	10	96
37	16	188	70	50
36	82	734	13	22
47	97	159	69	7
85	6	165	83	99
46	62	972	20	53
29	4	505	62	32
65	81	886	58	33
41	59	40	32	78
75	48	442	42	91
95	82	443	99	76
10	58	869	37	11
72	38	912	67	71
13	28	271	62	22
42	37	88	11	74
33	9	365	10	32
45	17	501	62	40
47	82	585	5	8
40	18	473	84	1
90	57	495	47	58
57	82	840	42	44
40	87	200	85	11
55	89	274	49	10
46	97	515	89	4
12	43	777	25	63
59	91	595	85	90
45	76	876	47	61
86	63	43	76	6
26	28	837	37	2
51	80	678	90	5
35	15	561	83	19
53	89	680	9	2
25	56	354	30	48
31	45	578	33	94
17	85	70	60	62
44	52	392	33	79
48	95	600	54	66
75	64	686	14	20
18	15	529	11	35
49	27	605	56	85
85	84	479	71	7
75	99	869	95	49
23	69	210	22	65
81	47	863	36	15
84	79	27	55	64
96	59	599	13	10
55	34	818	20	52
10	90	150	8	20
42	43	868	98	74
91	67	465	21	49
96	12	272	34	30
23	66	888	77	41
51	14	305	42	5
74	79	390	91	35
28	23	958	69	14
92	47	848	78	12
98	14	774	96	35
6	86	485	22	78
33	12	121	89	91
30	75	475	7	21
20	51	229	52	16
39	92	23	65	70
85	59	740	94	36
93	86	279	57	83
48	15	485	20	64
28	47	761	79	60
16	29	413	46	36
72	25	761	21	68
20	40	393	5	80
18	60	560	39	46
14	33	815	34	56
38	68	540	78	98
14	59	134	74	96
32	68	938	99	80
76	91	48	62	66
22	68	913	3	16
32	47	854	100	15
6	74	92	84	45
44	33	902	84	75
60	15	443	78	53
6	20	97	24	42
55	26	239	15	29
73	98	760	62	89
77	22	948	59	65
11	46	713	36	87
24	60	418	48	58
60	67	589	84	84
34	84	538	3	71
71	36	478	63	27
28	65	874	11	36
16	15	589	32	64
54	39	118	95	30
91	41	482	21	16
63	4	584	81	85
98	47	76	64	27
26	1	864	50	3
95	45	309	96	9
44	53	793	92	50
96	81	591	3	59
87	49	868	5	3
75	4	153	21	24
33	62	966	38	51
20	74	268	11	11
42	77	497	49	38
21	5	716	97	44
65	87	760	7	92
92	69	19	99	21
88	42	62	62	94
22	39	676	37	52
79	55	492	3	46
12	98	370	6	90
63	56	346	54	42
42	84	926	25	12
37	40	450	74	83
29	35	982	57	86
50	47	116	79	51
88	1	536	97	27
31	46	681	62	56
53	23	612	74	40
72	51	909	83	27
24	98	347	49	42
73	27	38	75	88
54	76	832	91	29
8	23	772	76	73
9	44	826	14	93
89	47	21	96	59
79	11	892	27	71
21	11	246	46	65
28	39	54	6	88
63	27	909	66	20
20	33	684	86	70
68	64	126	42	75
74	35	666	79	54
38	36	944	24	80
87	41	544	31	12
36	85	36	63	7
58	43	382	36	82
19	100	437	6	13
52	100	591	30	99
98	9	829	11	47
79	4	612	9	74
100	2	917	48	62
74	26	518	77	56
48	13	957	41	95
83	30	292	15	45
17	15	328	24	39
2	3	551	86	46
24	59	598	98	78
49	23	130	20	59
31	7	180	66	51
14	33	505	64	74
59	6	307	67	51
6	15	26	18	3
86	44	200	92	90
78	28	102	39	72
98	99	105	44	12
27	86	254	29	29
45	92	163	86	57
97	83	577	8	84
53	63	873	99	60
99	33	900	21	61
99	9	559	69	89
92	77	604	67	65
70	84	144	31	64
14	94	425	56	5
12	77	686	43	27
67	10	979	55	91
23	14	389	100	74
85	27	29	54	89
75	33	48	26	66
38	1	525	60	39
58	49	296	72	43
49	33	216	46	10
8	1	498	44	51
26	83	792	27	84
40	97	854	62	25
91	25	954	63	20
69	1	560	21	63
40	3	104	80	93
96	73	726	46	24
22	25	411	18	83
67	83	481	46	21
86	49	563	75	26
13	47	532	35	41
44	63	550	41	55
100	19	381	86	11
56	52	213	97	68
84	46	823	75	46
97	17	696	59	76
79	84	336	6	74
88	43	19	98	20
71	40	628	24	60
35	43	274	100	62
64	8	917	5	33
79	16	212	93	25
20	98	144	47	29
42	57	143	31	9
19	57	482	56	60
92	55	436	75	32
7	10	703	95	57
97	44	344	68	92
6	85	924	27	5
90	24	21	91	60
63	96	141	81	38
20	96	268	27	38
23	36	446	7	88
27	42	800	100	32
8	42	126	39	10
21	23	481	2	64
4	20	458	13	85
84	93	906	1	10
94	83	458	69	36
35	12	424	41	78
12	21	719	2	30
10	82	374	58	77
34	95	163	61	58
63	50	316	88	84
21	23	162	85	84
3	17	101	84	90
60	37	952	21	7
55	85	186	98	90
43	74	534	5	59
87	26	340	65	2
93	48	252	36	79
20	21	383	90	33
52	26	967	76	39
94	96	416	52	92
70	77	499	45	15
51	49	27	72	22
72	41	304	90	5
97	68	302	40	35
30	78	238	84	81
73	83	801	40	2
83	4	941	35	35
61	22	934	30	70
72	47	469	59	96
87	10	803	44	84
37	45	245	64	39
96	63	648	84	44
28	58	897	15	83
36	29	794	56	84
77	97	609	81	8
84	63	63	22	3
96	90	891	57	58
77	91	131	65	27
88	96	779	20	38
44	17	442	30	42
37	16	534	81	89
65	3	912	50	77
63	6	905	27	64
65	29	298	65	71
82	96	997	65	90
72	19	336	11	74
59	60	85	29	53
43	72	316	39	34
74	29	697	24	71
11	42	508	62	30
52	26	233	11	22
61	49	219	46	69
29	28	764	26	65
44	18	974	41	53
37	61	11	41	53
27	72	839	90	3
76	49	359	21	75
31	52	20	80	14
62	51	677	26	62
61	73	980	97	61
17	84	904	13	69
67	34	189	5	69
10	30	27	47	100
8	53	36	54	90
26	81	93	90	644
77	15	77	60	520
75	86	72	92	691
81	43	27	1	495
77	74	10	72	748
84	31	43	35	195
20	23	24	20	581
61	5	68	27	980
81	90	7	83	795
1	90	73	54	290
87	3	47	14	717
34	42	69	95	261
11	16	76	89	775
50	24	35	49	601
84	28	32	56	570
84	31	84	7	934
54	55	28	27	819
86	67	60	94	963
47	34	10	84	172
99	20	93	98	248
95	98	68	25	766
54	88	77	37	288
11	4	86	33	20
45	13	12	5	684
75	65	80	98	745
98	98	93	6	141
37	65	55	83	328
60	100	50	81	347
47	42	75	87	94
89	51	100	37	253
38	96	91	98	306
33	22	76	72	931
42	49	34	66	992
92	92	95	82	706
38	23	7	6	681
55	18	89	3	39
91	70	55	14	14
86	12	40	84	832
21	19	88	56	826
1	94	11	9	380
27	72	93	89	731
62	4	80	20	470
86	92	13	28	357
19	23	20	72	950
95	2	42	3	958
62	88	51	95	58
51	46	18	43	249
61	94	51	8	603
11	55	55	68	2
44	69	40	9	876
93	48	40	85	74
60	62	87	24	777
52	70	62	50	484
28	37	26	21	341
85	3	9	29	955
70	18	43	13	801
20	51	96	33	780
9	84	22	80	314
99	80	3	49	501
89	40	34	80	980
12	86	73	58	839
82	19	85	99	492
92	32	48	99	350
12	59	92	95	796
76	25	11	22	567
39	42	75	56	578
68	88	63	30	346
3	19	4	32	964
27	80	58	19	406
59	27	25	84	28
71	39	40	16	120
15	31	1	57	819
40	56	20	71	577
30	81	39	51	415
72	68	77	77	451
33	24	88	67	779
89	25	61	30	303
54	56	7	73	132
40	88	100	68	977
20	62	40	13	507
45	86	72	64	178
76	70	14	24	60
76	31	74	4	910
70	5	16	99	845
16	97	44	59	909
54	5	62	38	208
12	82	71	53	292
50	9	7	16	926
88	76	13	50	476
42	62	28	98	257
25	93	30	70	920
63	91	13	98	674
77	32	67	62	717
65	27	6	9	374
33	75	12	19	755
79	67	23	82	171
61	76	81	61	94
8	48	67	55	669
22	42	48	77	336
78	18	4	73	827
15	26	35	99	397
22	47	34	62	916
56	46	68	85	743
19	89	39	90	892
10	46	48	65	623
12	56	3	7	889
36	26	93	83	284
55	62	52	56	495
37	72	26	42	408
1	98	31	82	809
2	45	22	18	717
87	62	99	40	223
34	61	89	68	823
37	27	27	56	469
80	86	30	59	278
87	98	79	53	731
30	48	50	23	32
23	82	20	59	570
2	87	40	38	192
76	90	2	40	866
19	97	100	80	142
39	50	63	30	61
95	40	15	100	196
39	80	55	86	372
81	37	3	28	809
94	30	76	97	913
25	87	52	72	984
54	12	73	3	119
100	91	26	85	300
91	87	91	56	874
7	88	36	77	291
7	82	68	35	929
72	48	97	24	903
94	43	60	81	234
58	93	43	33	753
35	29	8	83	47
97	11	85	1	14
33	65	83	76	93
66	25	39	57	519
81	70	84	77	887
22	83	77	30	937
76	35	8	99	998
51	47	60	54	34
38	60	70	85	645
7	52	78	85	198
60	83	95	31	132
11	54	28	25	25
7	54	72	42	604
98	39	15	43	988
79	10	30	38	38
89	40	6	1	391
57	82	14	77	100
71	25	67	54	688
11	92	66	55	186
92	47	44	48	198
14	17	78	30	188
43	62	34	26	471
99	44	25	70	596
80	78	47	93	953
51	38	81	11	62
65	58	1	32	592
79	9	17	57	298
72	4	48	96	403
42	37	86	81	834
31	78	38	46	329
4	20	55	48	453
30	23	11	47	932
90	76	2	25	674
59	2	21	61	899
72	51	33	34	622
69	44	62	26	378
80	31	94	59	343
75	54	79	4	800
1	59	24	26	551
66	82	54	32	941
83	75	41	37	878
22	90	53	20	75
64	25	21	1	172
54	17	14	2	630
16	23	97	66	220
33	69	9	38	538
52	49	51	55	331
66	6	11	21	993
9	98	83	61	424
46	26	45	58	138
32	96	73	53	61
91	11	22	99	287
23	94	6	54	304
64	84	29	99	755
66	16	62	39	433
43	43	77	74	575
33	97	24	27	184
69	14	32	81	289
82	64	39	20	359
47	43	27	86	636
59	91	52	35	400
88	97	68	42	468
43	24	97	34	24
67	82	99	41	551
46	54	35	45	286
31	82	54	81	910
61	11	54	12	882
12	91	47	28	559
75	68	30	91	202
40	6	2	85	684
23	42	13	94	30
35	75	56	6	533
8	72	29	76	350
51	37	67	12	977
54	98	21	28	727
82	36	12	89	654
20	3	48	29	951
97	87	55	84	473
82	35	51	57	968
4	19	65	28	669
27	45	71	32	501
8	7	45	16	745
59	28	6	85	399
57	14	41	49	763
11	21	10	99	281
44	24	21	17	966
28	52	81	76	11
29	17	12	71	544
49	7	19	26	171
8	65	61	76	325
69	47	44	84	966
19	70	24	42	133
30	93	4	26	227
65	79	57	12	621
63	2	61	37	603
38	44	38	33	317
9	78	84	5	936
87	9	11	42	800
20	13	40	67	666
60	60	26	51	228
2	48	94	25	576
84	87	85	47	303
57	54	28	95	784
49	9	46	87	557
12	60	47	43	190
73	43	82	81	330
10	42	86	18	68
61	59	9	92	941
73	74	35	87	405
22	43	6	25	41
90	99	61	63	378
42	88	44	57	869
13	38	43	89	224
90	21	71	23	898
90	37	47	3	802
1	54	17	23	436
97	4	66	77	913
15	18	57	87	357
11	49	39	24	603
53	41	22	12	673
32	67	85	1	853
77	11	43	88	99
66	95	27	41	825
93	22	31	96	661
31	45	13	71	594
20	89	37	44	45
14	33	12	12	813
36	92	14	35	313
94	28	54	53	142
5	44	70	45	972
88	100	4	84	626
2	90	97	53	45
34	44	15	98	938
92	73	39	88	675
48	2	76	1	326
69	20	52	84	551
80	89	32	7	570
68	57	54	14	718
38	89	82	82	274
86	53	46	66	625
6	1	78	31	466
29	56	41	9	174
87	91	50	86	22
6	99	53	61	471
37	16	88	36	43
418	13	49	89	257
337	80	30	63	833
368	45	79	82	505
791	71	51	75	489
9	24	24	85	797
930	94	77	96	513
617	73	39	62	466
415	89	13	94	301
89	29	90	13	763
177	48	59	20	147
333	52	64	36	51
739	58	81	45	69
101	11	18	84	87
386	44	3	89	57
360	11	79	97	88
200	17	44	59	73
455	37	35	2	91
213	73	64	68	9
87	96	52	94	86
351	2	4	95	99
314	33	18	20	8
392	59	74	75	13
535	50	76	64	54
501	68	52	21	100
652	48	61	46	74
291	84	32	12	93
321	65	33	60	82
955	43	76	31	27
418	38	95	94	47
898	4	55	52	22
344	63	68	32	23
370	97	36	79	25
2	46	62	83	66
729	2	71	53	40
57	91	7	77	73
920	49	50	14	27
321	9	2	69	72
106	64	80	35	34
751	32	64	15	68
956	62	34	90	85
170	4	7	38	43
658	86	6	58	87
679	67	32	27	91
42	24	52	33	96
783	14	15	2	43
188	38	52	81	77
75	15	54	45	79
671	11	16	17	36
616	9	86	25	18
479	17	99	42	57
718	40	75	16	66
262	45	71	65	54
865	24	4	98	70
96	44	76	4	38
470	69	63	68	43
520	21	13	41	34
7	96	55	94	34
559	45	42	18	46
730	50	65	42	87
399	42	99	20	100
174	82	54	83	1
850	65	21	10	59
443	43	71	46	31
454	33	48	82	71
1	69	31	54	28
510	43	67	27	74
921	13	96	54	34
426	10	84	36	33
471	36	74	26	33
914	82	18	69	60
209	93	90	60	100
87	24	46	69	29
135	64	32	68	3
478	30	37	55	20
850	42	93	98	21
313	73	72	25	39
924	67	68	96	18
105	56	35	26	50
811	79	23	95	13
19	100	77	11	97
125	96	73	81	9
487	41	84	26	58
428	55	47	87	13
293	78	20	64	49
574	58	64	75	54
596	33	89	93	75
942	96	75	45	2
24	12	43	55	48
637	9	47	60	96
905	92	33	77	54
326	63	85	68	18
590	54	30	89	90
981	83	92	100	48
707	99	20	96	30
804	61	9	12	76
437	12	58	52	2
575	15	95	76	89
363	7	21	100	89
18	13	89	38	42
341	95	50	18	13
205	28	67	66	40
763	25	36	28	73
412	84	93	5	96
381	6	8	57	86
212	34	38	66	43
913	1	95	6	49
120	34	42	88	7
369	24	93	50	83
666	84	66	96	22
966	2	40	16	84
490	61	84	94	62
733	25	94	74	73
6	70	79	11	32
916	28	29	33	38
751	8	14	39	52
774	47	96	34	95
115	86	37	62	2
292	38	59	51	95
635	58	84	42	41
910	37	95	21	94
927	48	38	80	69
679	29	70	23	11
570	75	83	12	91
154	97	17	27	38
831	95	81	21	66
402	57	20	83	93
862	9	22	31	9
140	70	50	53	44
681	44	15	83	31
1	99	34	29	82
750	35	63	90	80
766	15	17	84	11
724	49	83	32	47
899	97	58	14	40
475	32	75	19	8
826	50	82	66	27
199	11	27	39	37
536	36	35	43	16
192	41	12	96	18
468	19	60	7	34
748	30	42	85	61
19	8	94	85	18
784	35	43	15	74
796	71	51	39	23
537	27	41	62	71
197	43	29	15	77
361	42	34	29	89
136	27	45	26	95
315	56	37	33	2
800	19	96	36	15
709	39	36	100	84
440	98	75	36	66
43	42	54	71	49
715	32	65	21	68
217	5	38	68	81
941	87	97	88	3
14	19	3	38	39
398	51	97	31	44
766	10	81	19	39
831	32	90	93	49
369	12	86	8	91
565	24	97	81	37
167	38	73	77	95
79	93	52	59	43
588	68	3	82	1
606	35	98	96	5
870	31	27	72	23
784	86	62	37	6
63	1	73	98	61
436	58	81	29	17
766	31	9	7	43
177	77	88	94	19
903	30	49	3	75
555	67	63	2	44
963	68	19	39	29
602	80	89	85	66
298	42	93	31	47
607	10	46	88	91
32	38	10	44	69
37	71	17	8	71
427	48	22	84	50
418	11	21	2	49
260	95	26	13	98
396	82	11	82	98
289	22	94	9	30
169	3	71	52	74
863	42	92	9	63
854	40	34	47	58
262	58	84	44	11
513	48	18	65	40
2	95	26	100	24
250	38	26	93	28
237	93	53	24	16
294	31	73	2	50
814	55	49	28	41
820	49	3	43	22
588	36	69	32	35
723	50	98	100	71
719	6	32	52	63
163	23	74	12	70
251	46	2	71	65
411	16	66	91	86
10	76	54	27	65
450	91	82	3	39
431	4	88	14	19
301	30	48	93	39
94	42	75	84	3
846	90	72	25	56
381	14	36	90	41
48	36	65	99	83
802	24	12	84	68
592	19	4	42	65
189	12	16	91	2
244	16	13	37	3
446	37	93	40	46
940	65	57	6	4
22	51	35	68	18
130	21	64	24	5
146	80	38	90	64
107	86	47	22	49
614	14	40	46	69
312	56	22	7	39
990	74	77	43	95
999	47	13	96	51
278	18	5	57	100
390	13	91	80	59
467	95	77	49	16
566	48	82	12	5
44	75	40	61	39
983	94	64	88	54
269	74	1	29	27
120	42	58	73	13
780	13	68	61	76
806	5	93	49	4
55	56	83	37	78
830	33	60	90	19
162	8	89	50	64
912	6	96	48	90
864	43	26	4	94
508	10	29	7	46
360	100	4	19	14
993	15	9	44	1
475	59	82	93	63
244	94	36	74	38
64	2	22	95	61
859	74	32	96	11
316	100	25	44	94
694	89	34	81	34
526	39	18	69	26
82	73	87	35	70
785	35	28	48	24
186	4	84	87	63
45	24	54	55	91
850	2	38	37	65
374	80	81	93	7
302	75	74	83	80
933	21	89	5	77
690	26	16	7	3
196	38	19	96	88
302	95	37	14	23
655	47	28	47	68
813	4	81	19	8
195	39	98	81	86
181	73	85	88	72
674	45	9	41	15
221	27	75	44	66
211	81	88	33	11
832	19	50	50	76
801	49	50	72	84
816	50	46	58	46
386	52	36	6	86
224	71	13	11	67
172	69	71	16	11
399	79	84	76	96
321	45	8	9	55
52	31	11	1	90
909	2	74	32	26
92	19	78	29	14
164	86	38	73	54
987	96	5	59	37
436	15	26	2	4
562	62	100	86	77
714	69	23	93	13
472	65	34	33	36
57	35	24	83	11
368	59	49	63	11
636	12	92	64	46
765	2	18	67	47
552	16	41	84	61
408	79	82	51	40
740	17	100	24	34
510	97	88	96	76
292	77	74	47	54
786	78	69	20	96
607	97	52	95	81
765	52	23	10	88
532	30	33	41	51
487	22	41	58	24
525	14	16	40	53
272	6	60	73	87
214	22	69	60	4
377	32	36	77	3
959	72	35	1	31
848	44	76	90	68
305	17	60	15	18
837	33	100	85	42
683	40	40	24	58
922	39	49	79	95
516	48	12	12	6
478	71	43	29	50
475	75	55	81	20
952	84	14	85	61
845	69	51	12	67
172	39	77	17	80
65	38	14	80	72
360	88	66	37	100
783	67	79	2	1
995	8	26	72	81
558	4	93	28	3
936	99	85	37	83
519	44	24	13	30
58	2	100	46	90
25	93	100	86	29
378	89	58	59	83
800	76	84	86	97
147	12	63	62	28
257	43	72	86	65
48	33	58	93	17
934	88	86	8	90
507	14	33	89	99
879	18	29	77	66
193	42	45	67	50
761	7	59	3	19
107	82	80	14	7
123	32	24	4	85
346	74	28	48	8
566	74	60	37	32
868	80	25	71	23
538	86	73	11	98
719	15	33	36	97
373	33	27	56	81
545	100	97	14	64
945	51	28	20	66
601	72	21	17	47
827	31	57	13	61
835	59	7	29	16
162	76	46	73	60
157	29	39	43	8
948	53	12	16	89
502	40	86	80	36
122	62	67	67	87
296	39	83	37	20
668	47	90	33	23
850	76	93	29	88
971	26	59	70	54
139	30	58	52	43
246	89	83	91	65
657	97	81	71	98
555	31	45	70	99
418	38	30	40	39
335	39	35	87	8
642	98	83	2	37
819	88	23	57	51
546	34	74	34	7
861	19	27	4	93
631	30	13	66	23
738	18	10	73	8
976	90	94	84	13
224	76	96	4	52
674	47	64	72	52
608	9	91	26	14
110	46	35	76	97
989	8	20	52	29
332	54	43	42	11
345	71	43	46	46
396	44	51	15	2
86	32	81	48	19
58	6	51	23	63
9	37	63	91	72
60	60	7	2	83
23	8	87	30	26
69	51	32	81	51
19	11	22	32	3
5	17	17	89	35
86	5	33	5	75
71	16	15	55	26
9	1	81	85	7
47	2	40	74	40
41	80	31	2	70
57	69	28	94	74
30	53	28	16	24
58	15	38	14	52
91	49	65	1	83
33	22	54	83	33
12	51	1	37	21
82	98	59	13	20
87	45	87	94	64
100	49	65	84	40
86	78	27	14	50
5	41	88	25	37
95	12	12	95	4
79	21	51	80	61
86	50	41	62	78
89	36	33	63	8
21	79	11	88	45
32	11	22	5	70
41	31	18	28	6
11	17	48	19	31
20	63	27	16	38
16	76	35	73	7
85	67	76	99	96
15	78	46	48	60
15	84	31	56	78
97	29	98	75	60
98	36	13	70	85
51	99	91	3	17
85	65	29	43	36
17	90	75	10	5
78	74	85	3	44
91	67	3	20	88
35	20	4	39	61
63	79	11	81	14
4	88	10	97	10
69	22	33	30	11
71	65	67	23	85
90	54	98	87	74
89	57	51	39	24
66	19	25	42	88
79	56	10	72	12
55	85	11	82	95
54	70	85	48	41
31	98	71	5	9
2	44	2	20	70
37	11	47	40	74
54	92	89	39	77
8	94	39	17	24
37	82	53	38	18
23	5	73	57	65
44	16	29	62	81
95	66	46	45	23
38	6	47	74	50
2	100	64	13	15
27	14	90	73	62
21	76	67	92	69
82	35	66	97	69
88	96	17	68	77
75	30	71	10	66
7	24	70	68	39
15	1	6	8	74
83	86	93	43	46
44	68	94	4	47
29	22	18	13	33
45	97	76	34	95
71	59	31	86	54
52	2	24	55	43
17	49	87	2	88
50	22	36	5	47
24	83	54	61	78
10	10	7	77	76
64	53	94	44	57
68	40	35	47	4
10	77	7	34	52
47	41	11	76	58
80	10	4	34	99
43	44	82	34	71
37	95	51	71	22
86	89	40	32	14
28	71	29	17	9
54	15	87	65	6
82	11	58	50	98
96	77	26	78	63
64	68	35	30	20
78	21	44	82	34
79	98	20	81	40
46	8	42	92	60
98	96	88	3	85
1	40	92	31	12
92	19	15	9	96
70	82	68	19	80
50	66	83	71	97
20	32	93	49	95
83	2	98	52	88
29	90	92	41	53
69	33	35	62	71
13	5	63	87	77
2	32	9	16	88
2	56	12	22	52
73	98	52	33	29
15	15	83	83	78
15	10	69	46	91
33	22	66	13	54
97	45	26	75	42
83	54	9	38	41
41	52	45	14	89
89	41	35	82	12
95	82	98	55	1
40	78	21	1	63
85	94	80	56	31
49	82	33	52	28
70	12	100	26	67
57	44	57	60	55
91	15	53	17	61
71	8	11	11	62
95	91	33	13	73
60	94	92	41	27
52	84	4	52	87
84	59	18	2	18
67	25	99	92	77
67	12	77	99	43
18	34	73	5	88
72	53	73	7	21
49	22	77	93	86
97	83	89	55	42
61	34	87	45	57
64	83	98	27	75
85	49	62	31	6
21	52	57	73	42
46	2	7	46	2
17	85	53	32	39
59	7	72	66	93
14	84	91	59	54
15	58	79	84	42
24	60	90	47	62
26	6	62	20	86
21	19	64	48	53
62	51	41	8	88
9	85	34	88	56
87	61	46	12	49
63	60	4	92	78
83	35	50	46	73
63	86	62	5	85
74	44	87	12	7
23	42	26	92	44
42	40	79	84	38
23	3	78	33	96
93	82	7	26	49
24	76	54	68	26
33	86	20	25	67
95	66	16	5	40
7	66	45	80	96
50	35	37	1	38
9	61	52	78	67
57	40	80	57	7
54	24	14	47	33
12	88	70	97	3
76	40	85	22	9
19	59	45	33	30
94	56	3	43	76
40	45	82	34	44
86	24	45	94	99
65	50	24	31	47
80	71	87	35	38
14	56	35	90	9
74	17	5	93	43
3	5	88	62	55
59	76	29	49	48
62	97	25	35	88
58	23	74	99	96
19	13	56	51	61
86	22	43	90	4
85	25	68	25	86
31	19	68	28	84
94	98	20	2	35
8	84	32	94	20
28	74	7	59	48
11	81	7	32	51
58	3	63	88	60
16	92	20	88	56
22	82	100	12	60
68	79	38	78	42
46	70	34	63	17
4	31	84	5	47
39	2	89	47	59
56	61	45	8	74
69	69	58	33	6
92	87	60	9	38
42	16	25	41	34
7	51	92	1	18
91	40	60	21	11
52	83	49	26	82
6	93	4	33	88
6	6	6	23	69
40	84	64	46	28
50	33	83	55	91
43	39	65	34	61
30	92	89	10	49
100	42	82	83	6
100	99	2	83	54
60	15	47	15	80
3	63	87	5	35
49	97	43	40	69
22	78	56	21	19
65	96	86	86	69
76	49	86	48	39
63	42	48	89	43
100	9	81	30	81
13	86	86	57	15
75	20	43	12	13
16	90	41	47	61
29	68	91	83	88
20	23	3	4	85
44	85	24	6	11
5	81	57	90	67
30	72	84	83	24
77	83	95	84	56
86	53	68	36	41
44	67	62	46	58
35	27	50	56	60
50	13	19	15	95
17	69	6	35	2
18	64	70	11	23
18	70	67	52	71
52	7	98	45	42
2	10	44	59	69
45	81	4	78	50
3	83	11	68	96
3	12	66	56	58
6	15	54	91	6
68	19	32	92	89
97	38	43	91	41
77	1	91	89	99
77	79	60	71	5
34	10	26	2	42
56	74	59	65	37
54	69	89	13	27
42	82	51	60	58
19	84	100	33	84
14	85	67	92	20
24	75	75	59	41
62	51	33	47	79
73	17	39	73	44
98	100	10	66	100
26	79	100	23	78
15	31	72	34	89
80	15	32	22	78
43	62	33	77	54
97	88	50	31	41
28	60	92	88	68
37	7	48	24	99
83	46	85	34	47
90	61	96	78	90
22	33	32	12	67
43	52	38	78	52
9	6	99	41	65
1	89	70	29	46
76	7	12	20	60
5	24	42	1	83
18	86	36	20	6
50	94	92	93	81
90	98	24	52	8
7	1	15	17	25
22	9	71	57	60
92	80	52	37	28
90	94	69	67	17
13	22	36	53	15
14	54	10	13	14
13	77	91	47	88
42	83	13	36	12
28	19	50	22	90
8	85	24	6	38
34	99	50	96	62
9	82	91	88	32
54	8	98	72	4
19	12	86	68	75
62	94	68	15	92
95	32	88	86	54
58	58	43	39	69
40	98	50	28	20
10	55	17	82	33
9	28	97	94	54
1	51	96	57	43
95	45	57	93	87
74	81	38	78	80
60	57	24	17	11
42	98	80	4	35
43	77	17	54	75
59	33	99	67	82
49	36	3	10	23
41	45	77	61	83
75	71	9	56	48
53	13	11	16	15
42	55	11	61	63
39	30	79	37	87
54	97	37	43	86
36	40	42	41	30
23	49	17	10	23
61	87	97	24	70
98	47	49	79	40
50	40	43	29	47
18	30	40	17	56
11	66	18	98	3
1	35	2	2	2
37	77	41	57	99
26	4	93	25	25
61	47	51	58	8
56	64	53	24	40
22	97	5	60	75
35	21	32	18	87
93	76	68	43	54
80	80	61	95	12
29	96	95	98	28
24	60	27	51	46
57	25	35	34	52
22	63	49	66	62
92	51	3	95	13
86	25	44	48	96
65	13	19	34	56
88	66	26	61	26
8	10	33	76	55
63	46	77	16	3
72	79	54	8	19
38	68	86	16	90
31	51	10	44	69
19	22	75	4	48
86	1	67	99	79
77	24	64	81	84
11	52	47	20	67
45	86	3	83	86
68	7	83	91	87
85	61	11	94	5
7	64	42	9	67
65	26	73	84	43
77	87	68	16	28
65	38	68	28	19
59	95	15	91	29
48	90	94	78	33
85	68	24	63	83
2	84	90	14	42
69	86	36	89	86
61	56	50	48	68
33	99	49	39	20
49	7	20	60	53
44	28	60	92	6
78	26	49	95	41
25	36	33	50	42
66	34	82	59	41
32	57	15	8	3
73	72	5	60	14
32	41	1	75	82
16	48	63	66	67
77	23	1	88	65
97	82	99	11	66
56	97	100	23	47
32	60	75	56	76
85	93	92	22	14
17	70	81	38	15
10	94	73	50	73
22	20	23	23	83
73	93	99	44	11
50	22	23	71	49
85	82	35	80	63
56	15	76	52	87
16	13	44	49	2
1	84	81	73	98
37	61	2	96	27
51	25	88	71	77
58	75	75	3	48
19	49	88	17	85
76	3	48	17	70
98	70	23	23	68
23	63	43	44	59
26	13	11	78	80
94	51	76	27	64
69	31	84	57	75
96	20	14	50	12
13	51	70	24	70
81	88	86	30	59
22	90	64	54	93
90	82	17	33	9
33	8	53	83	1
89	62	63	17	55
56	21	63	2	91
43	90	96	37	5
83	40	39	44	83
90	5	31	94	4
35	42	29	89	59
46	3	65	31	93
28	76	95	56	59
98	83	86	72	97
81	55	8	81	52
62	76	41	78	35
18	72	62	3	38
77	39	93	19	98
86	46	6	20	79
14	25	59	16	6
21	64	89	66	48
65	8	53	58	96
85	8	58	56	100
6	10	83	23	65
73	10	1	57	63
98	85	45	50	68
54	20	78	71	7
37	94	11	45	74
78	91	29	46	37
8	61	59	88	31
24	18	23	83	61
53	88	39	32	85
40	3	14	54	84
56	93	53	34	51
82	99	15	67	54
58	49	73	71	82
16	96	78	50	60
84	96	61	25	74
60	87	61	47	40
63	95	90	88	23
25	13	59	25	100
93	57	58	7	39
53	74	100	9	89
56	65	59	84	26
55	54	3	74	30
3	14	1	12	29
18	29	56	1	58
31	75	98	17	9
44	96	42	31	15
33	13	65	23	66
66	28	7	58	12
30	39	37	37	95
40	22	8	48	33
27	63	30	1	97
92	17	72	31	46
1	2	39	42	35
7	99	3	7	14
57	34	66	84	81
24	35	71	11	90
32	81	48	6	84
91	29	34	51	63
78	77	53	93	85
35	49	23	92	12
18	25	55	52	22
83	53	7	65	25
21	79	40	99	10
25	26	81	62	79
97	51	34	63	15
15	83	37	12	72
58	79	69	92	60
15	80	39	21	52
85	93	45	90	38
16	7	81	81	87
25	21	80	60	64
79	52	40	71	44
30	18	98	25	92
84	58	24	11	61
61	21	16	22	61
32	13	46	95	28
33	52	78	5	62
89	57	10	43	65
82	62	97	9	19
92	1	92	70	25
50	39	86	2	46
81	48	86	2	30
30	13	20	91	51
64	65	61	75	6
72	49	43	81	16
17	98	64	42	43
86	82	86	13	51
63	89	94	78	97
11	23	83	15	72
82	70	90	41	5
49	70	33	33	82
2	66	20	46	3
45	82	81	88	10
47	100	22	16	76
38	89	70	10	71
20	12	41	56	56
70	99	50	58	18
85	93	88	6	72
56	10	99	44	44
17	58	48	25	76
76	46	68	10	23
38	16	8	14	4
70	87	79	52	69
17	67	26	43	82
79	9	71	81	99
14	56	32	37	57
5	95	71	9	28
97	2	88	7	12
67	46	96	41	89
84	23	71	14	14
36	45	90	65	15
39	40	91	16	97
51	87	65	43	88
35	79	18	55	8
15	26	37	2	16
78	17	34	29	40
67	57	60	54	37
1	79	74	35	20
15	77	56	3	94
74	65	68	56	9
2	88	42	33	53
55	2	36	10	72
87	13	77	19	77
9	77	31	87	56
70	30	76	59	14
1	66	95	96	42
8	58	69	29	14
81	59	6	42	48
89	24	89	70	77
25	81	52	81	16
60	62	68	31	71
47	48	66	52	50
47	94	6	63	59
27	39	100	40	21
78	51	6	72	75
16	2	92	36	6
60	68	75	45	29
3	80	56	41	22
72	24	15	41	41
85	42	15	100	85
71	28	22	34	87
35	76	35	31	4
23	4	37	25	36
37	81	15	28	33
91	66	25	49	25
81	88	32	77	39
34	94	72	51	42
85	11	86	88	74
93	8	54	81	97
97	51	27	2	9
68	28	57	25	96
26	52	73	45	27
22	65	21	89	73
34	46	71	36	72
33	80	21	28	13
16	24	71	17	50
41	11	14	30	37
90	82	88	100	69
71	6	70	45	68
78	77	53	67	58
26	76	2	31	14
93	54	42	78	10
50	25	65	51	31
45	41	61	28	58
41	55	38	34	94
95	59	42	100	25
93	97	22	60	9
22	4	37	49	45
84	29	81	22	77
60	24	72	5	85
36	21	70	25	25
2	85	87	37	34
79	21	10	15	78
82	12	61	68	28
42	16	91	83	56
89	52	66	63	85
30	78	98	59	56
13	12	79	12	98
53	58	93	24	28
40	25	100	54	11
11	76	47	92	96
96	83	62	60	18
89	93	97	83	17
80	93	61	54	80
82	66	2	11	80
2	48	31	80	23
86	32	14	54	15
67	54	30	61	9
52	49	51	21	80
23	34	22	4	3
3	46	52	67	44
4	76	79	54	75
52	13	49	4	49
66	14	20	25	60
43	15	9	34	32
2	48	92	12	27
81	27	79	95	91
45	40	22	28	39
58	87	96	16	10
86	87	91	16	24
5	14	53	73	99
45	47	91	12	28
78	42	4	46	86
74	43	52	54	32
74	39	16	64	31
9	47	78	39	4
39	52	12	93	12
96	57	49	56	8
15	76	17	71	91
34	44	22	19	99
27	46	95	68	19
68	13	10	27	57
48	64	38	38	39
71	34	72	15	32
88	99	76	27	87
91	94	74	93	39
29	93	79	8	50
3	21	77	51	71
80	71	70	14	76
83	19	35	34	38
96	95	30	28	84
21	28	61	29	27
73	10	57	38	98
44	27	72	89	37
90	60	16	13	21
92	36	24	80	68
10	71	1	95	17
85	86	64	21	47
15	52	98	90	64
28	53	7	67	98
44	72	99	96	72
55	50	21	69	85
1	52	67	57	58
44	58	4	60	91
58	54	72	8	89
26	74	92	34	44
46	84	31	15	87
28	50	29	9	47
53	60	89	60	52
82	89	8	67	82
56	70	59	64	19
18	72	24	81	90
53	48	74	7	83
45	45	40	55	28
32	12	3	55	70
40	45	62	98	73
71	84	27	46	59
52	59	11	19	32
10	22	10	78	25
56	29	57	24	81
93	45	85	7	54
53	17	4	50	98
13	31	86	82	47
45	30	68	23	78
46	61	26	65	6
76	68	17	74	28
7	89	79	47	24
41	67	2	6	97
37	86	89	44	12
84	60	39	3	79
97	26	27	91	46
78	45	57	34	80
59	3	89	30	44
15	54	78	20	47
72	86	49	99	67
6	78	51	85	72
45	60	81	32	65
97	28	93	29	38
44	80	2	52	85
53	10	52	18	32
92	45	89	54	82
34	23	88	6	74
62	37	20	67	47
54	80	5	58	18
1	69	32	52	79
92	34	91	66	17
29	59	69	53	20
82	11	58	51	57
20	37	29	76	71
66	74	33	17	89
20	99	81	12	80
93	91	61	16	22
51	59	5	92	13
24	16	41	6	62
37	44	75	68	50
15	52	76	58	68
14	4	86	29	42
28	71	33	98	30
12	93	71	14	97
78	54	27	21	9
46	86	98	7	74
87	91	59	15	50
39	63	73	53	21
81	5	42	35	21
32	9	56	3	82
16	15	3	3	17
98	29	13	81	5
25	3	85	43	13
1	54	65	12	82
8	2	45	79	7
84	77	53	12	60
78	87	45	74	17
73	92	85	31	34
74	3	84	46	10
15	99	41	73	82
29	14	61	21	35
5	88	39	63	24
42	79	55	33	51
42	86	3	60	69
59	25	51	9	33
11	42	32	10	62
62	97	49	89	51
66	81	9	13	100
96	52	93	37	37
36	82	32	95	21
34	77	97	50	39
61	94	69	57	93
66	32	51	53	11
82	96	25	83	75
84	69	74	88	19
97	41	97	77	42
64	93	45	2	36
33	87	100	17	63
69	35	7	34	43
99	56	26	14	41
56	98	97	88	24
3	57	43	1	1
37	16	48	68	27
79	10	3	12	38
83	46	55	32	91
37	44	97	30	81
78	30	93	42	3
88	7	95	68	76
31	3	20	13	22
27	37	78	64	98
88	100	92	27	5
48	68	54	34	27
59	57	58	30	25
20	12	99	65	90
50	46	85	27	86
61	46	18	71	21
3	97	80	66	67
25	24	83	16	47
66	41	62	21	59
78	90	10	57	60
9	90	51	11	28
89	67	46	92	4
4	26	49	94	4
89	58	68	55	83
55	40	41	22	72
85	49	21	14	3
55	6	77	62	68
35	35	71	91	77
99	88	45	18	89
60	23	5	58	18
51	89	40	82	5
66	73	20	64	49
60	47	90	16	35
83	28	51	69	15
88	4	22	6	95
95	91	58	24	94
87	2	51	20	1
65	20	68	32	7
92	14	88	35	22
44	48	76	100	79
57	21	5	6	78
62	60	15	25	6
24	24	59	80	18
29	44	63	11	49
48	73	37	42	25
34	8	80	16	70
74	37	66	25	9
7	3	13	37	56
96	91	2	76	13
48	55	84	72	82
72	16	26	40	55
8	35	87	91	18
91	84	79	30	24
69	63	4	74	37
45	89	15	77	83
83	22	64	6	70
83	66	80	29	86
17	37	36	46	70
3	94	57	16	10
93	68	38	76	7
27	30	80	65	93
69	12	78	7	2
39	4	30	32	77
92	40	80	97	73
52	40	1	53	5
54	12	18	83	78
78	36	74	44	13
96	60	29	70	58
33	85	9	79	53
35	73	48	67	29
70	7	36	49	9
40	54	39	44	56
98	20	39	61	97
2	60	31	7	5
24	79	86	63	50
38	86	70	53	10
80	29	32	64	11
58	78	79	88	72
79	62	38	82	2
30	80	41	90	23
8	34	61	79	71
17	91	30	24	52
91	49	74	81	76
32	19	49	52	78
59	99	13	43	87
97	96	60	65	76
19	18	15	51	47
93	5	12	1	3
53	93	72	85	74
25	6	72	17	54
23	94	54	22	73
28	9	57	56	95
5	25	58	49	3
8	45	84	61	96
53	6	68	73	2
35	48	50	93	95
1	3	31	84	27
37	57	80	19	79
86	23	10	44	38
65	14	50	50	99
39	8	96	26	32
45	28	83	38	41
45	48	15	2	54
50	45	95	67	49
88	64	86	58	57
49	91	50	41	29
49	12	11	37	4
28	97	25	13	55
12	91	38	75	64
34	89	60	49	69
24	8	53	9	51
41	84	20	99	25
35	35	48	33	97
78	83	31	57	13
37	1	71	51	6
92	24	1	83	71
90	2	14	95	98
29	47	47	16	47
24	94	43	57	91
96	42	63	25	17
59	74	21	22	41
57	35	89	92	84
43	81	13	45	44
45	100	72	60	91
93	6	46	81	6
30	47	36	63	30
95	11	2	17	17
88	84	69	100	40
57	70	4	61	57
52	82	77	3	13
1	73	85	16	39
94	69	35	28	58
31	49	22	47	81
46	83	63	28	89
51	46	45	8	12
63	62	44	22	48
52	18	92	77	69
64	10	32	95	54
85	24	94	57	64
19	14	63	2	59
8	7	92	36	69
52	48	83	99	45
14	40	45	87	68
46	25	36	21	38
94	22	13	89	95
78	87	61	17	43
23	71	47	44	17
62	4	66	63	78
10	86	53	28	61
15	55	84	68	83
36	17	10	72	86
11	17	18	78	39
76	30	30	59	54
66	95	66	18	14
48	82	64	65	91
66	10	94	15	7
81	49	12	63	39
20	41	89	29	96
41	71	60	28	62
35	62	82	25	13
11	60	77	75	2
56	29	89	90	92
1	67	59	1	92
62	77	92	99	87
43	83	80	49	82
73	68	62	93	59
5	69	42	86	46
50	94	98	44	27
13	16	18	42	10
3	97	27	55	79
23	98	58	36	67
92	4	80	54	29
40	30	83	71	13
92	34	82	100	98
56	13	19	27	77
81	91	39	70	2
96	11	94	23	7
97	15	100	55	45
2	25	98	91	100
40	21	56	5	37
57	96	100	80	66
20	58	96	66	93
72	17	58	76	53
38	43	1	60	49
12	31	74	86	83
39	67	35	83	23
1	73	41	65	28
33	94	17	36	86
93	13	83	4	14
31	42	59	61	59
23	94	35	7	33
75	76	66	51	57
16	15	7	51	31
42	84	38	26	57
99	1	40	74	85
39	59	9	97	30
87	71	35	99	44
94	17	19	93	1
43	3	85	11	75
67	18	27	86	59
35	2	92	85	73
24	16	7	51	4
2	64	11	12	57
7	14	47	69	45
100	100	74	35	87
69	50	60	73	8
59	81	43	10	15
99	14	45	10	14
32	67	91	51	22
94	49	91	46	62
21	78	42	61	2
26	70	51	1	27
25	96	72	35	40
23	34	64	26	47
20	71	78	51	41
19	55	93	60	41
47	89	88	84	41
29	68	81	74	78
86	88	92	42	23
80	45	75	6	81
87	91	41	58	49
85	81	22	97	98
42	79	46	57	42
54	53	57	70	20
8	22	52	100	80
18	78	25	6	37
55	92	93	31	44
13	2	76	39	1
8	76	93	84	73
26	42	8	65	52
5	3	78	97	69
39	47	55	30	42
63	95	4	16	97
85	84	80	72	40
71	78	90	72	2
88	82	77	98	79
78	77	89	32	2
51	64	67	41	62
52	26	92	64	86
3	98	69	25	43
8	24	23	81	92
1	61	59	43	79
97	65	31	67	36
19	20	39	81	88
89	54	45	44	78
5	100	77	42	11
22	17	100	78	15
100	89	88	55	78
30	38	45	24	44
40	97	100	23	56
24	66	12	30	11
68	63	40	62	53
34	95	64	66	72
8	78	38	53	63
92	39	24	34	95
71	7	1	71	88
83	40	49	86	95
85	8	58	83	99
14	76	100	57	6
65	78	62	43	11
86	93	36	14	54
67	90	81	52	36
38	87	66	73	68
76	48	77	12	16
71	72	45	91	23
63	50	18	38	2
51	30	8	11	27
34	70	87	93	44
48	27	96	38	71
43	92	65	5	41
15	69	31	7	8
88	45	33	46	23
82	2	89	62	14
40	58	83	32	27
100	58	34	1	90
8	74	94	75	15
83	71	69	64	97
37	81	48	27	61
70	89	80	90	81
60	54	45	86	91
60	55	91	22	64
48	89	75	63	7
53	67	11	98	68
99	88	21	35	87
62	53	7	72	42
55	42	97	48	89
81	89	87	50	24
77	2	47	23	25
49	53	29	45	31
32	91	29	39	90
19	38	47	37	48
22	57	21	83	21
36	90	46	90	71
80	98	78	45	47
13	35	25	42	86
22	58	3	77	31
59	38	75	85	88
85	4	89	10	30
1	75	22	1	100
60	28	24	95	18
95	83	44	43	51
12	48	65	37	86
58	11	39	80	46
25	52	10	82	94
55	64	59	46	80
14	8	30	11	29
16	18	99	5	50
63	14	66	57	33
37	62	80	8	42
32	76	70	12	11
