66798
44499
42888
56855
3570
48439
68588
26488
20439
14416
49287
33457
28382
28699
69405
95343
3445
63460
96718
17952
21499
36161
74489
50197
93598
85820
37257
59072
16850
77276
14394
67615
9139
89248
67935
93905
1021
87166
99865
46528
70779
33195
60368
73171
16957
21049
79176
59057
64188
59072
24734
98755
2412
92460
10659
35568
12026
51030
57216
23908
9565
48293
74679
9650
78010
16333
47676
75805
67
17445
84946
71637
11322
24104
70458
60116
79342
19822
75098
46977
82790
94561
56582
53714
40127
56487
37453
96996
70285
51328
78032
17430
26907
74877
20718
60081
50844
79619
17736
58716
60871
11563
90507
51646
3002
89461
67395
74187
96781
31271
22489
9738
91974
6830
58930
15380
72703
64277
11317
55712
43037
18414
95351
5167
35267
93884
16064
22167
13939
52080
80839
73507
32742
52864
11267
95442
18963
62069
70783
60978
8524
6257
34708
35792
32395
49226
9294
45981
93366
66986
83269
32856
28072
41663
41723
20435
54765
68501
91494
12406
94312
73490
83222
94692
62455
4907
70399
97840
50581
63979
36254
58264
2958
61440
8289
93235
84050
48175
2148
54375
54179
65560
29263
38695
18547
10350
33027
82435
93570
89559
46156
89602
57313
97689
99472
3802
1292
53643
35192
17520
47751
78110
42056
90752
7704
8830
42537
19238
52837
61876
54803
97758
17924
65175
31945
77606
45476
69697
61104
79043
78470
29554
55954
66880
33036
53791
93009
59421
69533
9627
97100
60661
39825
83936
57375
41791
79171
36856
56736
62516
67073
72418
98631
9983
52532
97386
82680
15805
83530
55652
94555
89457
16404
81915
95969
96260
38604
11900
67555
82298
71882
57002
29624
92271
92381
92871
58462
54423
77481
32922
97008
90861
71473
67605
90383
65243
66787
27045
90786
36749
62086
46393
49856
87820
80758
14003
65561
11283
87609
85085
86918
23617
98443
40475
59298
98598
89590
62693
90725
53779
49685
16313
83662
66810
59709
45480
40418
56315
82811
85576
55284
60542
13758
22531
61999
2089
88814
95058
48272
54220
1922
23492
62084
66954
50767
64086
28782
14219
33621
64822
89385
99433
60368
40809
1599
59485
9833
46286
64977
13337
90073
28656
87666
70087
14196
16754
65768
72799
85848
99447
93242
31691
61363
9756
45285
15875
26882
11822
19287
73637
65101
67669
2766
93249
56410
46390
71064
55263
56268
15419
5307
73137
46389
57014
49876
24709
95879
27746
8164
28385
96749
50421
23667
86167
20945
96928
14646
11028
46988
35780
35734
27693
48127
13536
37521
58290
85208
44821
60710
90556
81403
9674
54832
80813
71446
10054
92303
35945
26864
44973
90767
12562
79901
54721
44625
53835
65979
58084
37035
4160
8937
10545
19342
12227
20612
35488
18329
43684
69037
71494
379
31345
48884
38353
15492
60057
5705
72170
28900
55804
70259
43881
66700
9886
76107
87242
46250
31583
71845
83444
93461
43696
75465
43867
175
90132
16944
82780
15711
26387
90519
30459
10615
71731
58527
59583
53785
15481
89031
60632
80228
73462
14998
4344
29575
532
73617
61766
86986
73089
4848
7300
45439
73235
30379
91856
39950
17282
86206
72070
35348
86934
26319
75872
60427
27265
4507
89087
89613
17853
2441
6731
90900
13902
78412
63239
62490
50983
84085
17255
88966
74725
24426
45448
11405
89154
7899
32103
23115
96877
19953
23333
70090
64922
50576
26259
45203
21944
9471
76856
32999
49141
4455
50340
45299
59129
18155
69853
64323
35496
4373
21586
11344
57040
36240
40924
60094
39028
21334
48998
67345
77424
27965
5580
66899
20806
41217
69798
21137
19328
48415
30041
87226
53276
42815
44056
97880
97966
26164
73650
13820
99780
96686
58642
90259
37093
53525
53598
55971
62630
97537
65790
76275
99500
49258
43123
20553
23852
40467
70202
89911
77289
50972
27377
59480
46939
53788
42796
72977
74870
24456
6376
24798
39517
92075
68228
42489
76904
2511
63404
38215
25264
2741
62320
15181
8639
76186
66808
1492
76509
13938
79370
8591
45101
60225
96894
29165
58858
21546
40088
31310
86990
57026
55282
57312
96920
74513
91260
72888
11008
10075
43066
64502
9697
23645
15211
45935
11839
5114
72016
46466
20989
7081
17565
59033
94110
74265
63915
30408
69623
41400
59779
87101
63260
45840
79953
98481
40951
26748
2411
62395
26741
14828
83722
35961
11570
56043
89974
5308
8808
3808
87489
68394
39579
33697
39151
74026
42660
51384
46153
90781
77206
27795
49953
186
34456
10520
14112
76467
70782
82062
18089
77697
61757
72917
68865
41574
3209
51611
41740
10157
40471
17383
59517
52315
99201
3903
69765
46802
88203
58557
29839
62792
95632
34360
9090
13532
17189
41999
21771
49825
66439
12738
10196
82694
85115
77281
2125
2492
43052
98753
81083
75480
13811
96403
72870
28155
19495
35447
53811
88519
15661
57582
85366
62383
99070
58196
37770
36547
24802
82271
71903
95648
45684
36116
93912
23007
6070
37996
19049
78127
21516
70077
7639
39461
77339
66893
56937
72005
52416
18686
71463
45172
66505
86973
23080
86984
94000
22897
13626
86140
29107
13923
25730
56973
96919
69800
51493
61285
81314
13765
51976
40585
69878
37292
51254
38223
48406
69515
98764
87251
13380
17572
16695
3750
92282
3707
93885
40474
11656
21734
45261
78840
94852
72843
76252
80861
75507
8957
92586
13923
6157
77523
79140
21017
35446
76909
31362
12877
75919
7771
70513
23040
90917
25571
55304
82455
39749
27229
75877
6106
35782
85425
29732
51909
92852
45430
6059
30640
29016
380
96948
64179
24257
98375
6297
42026
64844
32650
69138
52093
47155
4796
54473
56825
35169
8189
2687
36150
59968
95592
66470
34224
7773
74547
65538
54439
97697
47252
70202
26779
40529
16678
58430
20292
33127
50028
12951
21506
37274
71962
81478
94633
51513
81563
31374
94096
86866
33148
53589
39777
18243
65083
47439
43004
70454
97622
33747
46651
56327
11987
28025
68034
38899
17624
79694
42034
75541
93408
44140
15725
7334
71964
79598
2280
26307
94496
69630
93681
97332
48528
23192
40320
58636
6519
71582
6598
61401
92610
89667
29840
43543
14808
57853
5664
31546
90550
22713
76266
23351
72519
36260
55442
15024
59243
11060
91788
39713
32736
31751
75606
67082
89259
78098
11289
30365
46207
80595
3341
94674
67084
52439
73496
47696
80969
1881
42352
54705
56126
82297
87171
7279
98611
46825
30441
31759
63881
3477
80847
88189
89956
49564
66640
85724
25376
47619
34373
25697
16768
30212
62266
25419
32005
7452
25536
11240
51660
76196
29086
72377
55740
609
55087
25424
90075
4607
16982
72611
4631
68561
5388
2014
68878
59505
75375
55857
83720
94553
93354
56201
28921
97372
93286
8995
31630
60001
24772
79315
92072
29270
94898
58667
8631
79148
91456
91973
16478
2797
31862
39719
9224
35510
97881
4983
74357
97062
15858
87161
33899
3292
598
63671
15575
69102
91997
81076
56055
54037
94690
70195
99062
29332
11693
47756
24167
61514
76484
61048
85113
66268
56700
51437
54348
67964
63388
43610
54417
78444
58074
55093
24507
9109
86157
14378
15678
23142
67289
61624
78212
22287
3789
58789
4982
82809
86200
1332
14107
85126
73121
95741
53250
98992
42320
79545
57776
10413
34750
58735
91503
15299
2500
17442
14848
85274
41703
24140
52696
99719
14727
27427
85783
6953
15602
53756
66042
74012
37932
95439
26531
48577
34563
20997
2620
5778
32576
47802
1978
32722
37408
31369
68462
7585
21847
85678
67767
54171
45436
79835
14907
8872
46232
81438
10523
40393
68479
96340
17602
73723
81579
8459
96067
27045
16948
73110
3103
41542
29075
83277
24104
10950
49058
43770
41418
15671
73606
86205
51622
15195
93848
88871
68994
46897
63985
24555
49438
81092
75159
92967
52250
90038
57735
21443
12220
73837
61947
56250
75861
52732
33288
64145
82901
90439
29442
368
20050
38089
10175
42219
46941
48158
27774
22062
77930
24257
91138
99627
49805
8941
57814
90316
11017
59748
78633
80644
18651
28811
45101
34485
41348
2843
53862
90294
43983
70958
95271
76640
86908
67960
99166
71971
998
58834
22601
17150
26906
54528
38362
99724
5004
21940
63697
23276
23980
83551
51293
85434
62043
26693
21609
84041
16798
51999
2059
297
63403
45540
27056
70535
58877
47959
73536
26434
38223
15840
88789
48974
3061
46094
37161
44155
94606
16809
51609
88783
24144
82366
44596
1038
29761
25141
24351
11338
33698
21083
40383
66438
81915
94714
67972
67074
70102
10418
86187
11059
73277
66841
26529
31411
26589
37186
8067
49013
97791
44933
5766
15332
96233
61632
61583
93262
75128
74046
66857
19655
61730
12520
11439
35156
53079
46637
80047
55110
28598
81124
35929
15339
27535
71176
6917
53686
93221
39364
47807
43608
9050
19457
56751
47523
87211
632
45498
12542
58030
72338
31639
22687
64411
28615
57626
46116
87561
76719
79422
77617
46318
32664
53580
33694
64980
69613
72674
8761
36001
83568
66024
28932
98537
25161
24105
13058
47319
64162
3011
63096
59457
47131
4434
35839
17873
89994
59775
89126
77853
90277
27283
72928
84586
30255
64045
77442
81362
63828
75075
24640
48034
80447
84476
25667
48841
36343
69060
94247
94068
79796
43209
77586
34714
15123
36207
50811
18306
12993
47772
75476
97999
16596
14365
85380
27550
45712
19467
17250
61458
6467
1051
27378
62738
20373
28816
59212
65033
54350
87524
12089
92824
33048
43344
78574
27282
1857
71052
20
42853
27483
29758
89032
88042
7577
56858
20113
10296
32860
6960
98641
49472
37659
50184
15780
16001
32237
53168
33196
90691
29617
56441
38060
14913
94740
10414
15965
76295
89382
97536
36100
31213
52065
45906
6781
64283
38959
26418
44777
36117
32665
73749
30545
7087
73140
56097
64760
95770
30415
30082
86661
93663
57303
76703
17156
6045
87313
76232
12693
12271
42421
63276
10851
31597
14086
84282
56334
32468
8655
1858
57488
87449
92040
96747
3007
5173
43338
85318
94729
1628
12705
68049
51096
79061
55994
3047
37013
69579
32688
11870
81272
36524
31673
41803
22075
88603
36816
8475
26828
59023
22809
80652
23997
69055
1733
1793
9318
7942
90435
28833
89216
89410
73405
83889
41979
85319
73822
5792
92745
4314
92054
46415
72076
84040
75777
86345
54842
78706
11660
75880
97516
61174
30639
1673
52077
57115
85791
27518
42384
918
38485
30561
28208
22823
15611
61743
44442
95528
7823
11769
94726
7168
47238
25185
1543
62671
94844
15037
9585
89032
61930
71285
96699
30568
35991
39195
26640
99521
2850
26998
65766
82165
49452
83392
94017
96770
29468
91117
30905
91654
73366
12629
17767
5706
94049
59386
9577
10518
71567
15802
26335
49621
34169
21138
57403
43346
5753
29193
24891
56342
41785
29886
23609
29183
16538
26877
95266
95486
82181
89733
5160
92073
44457
97653
78858
70029
50514
95037
25960
85202
55688
94355
60306
79086
29770
4100
88120
12470
62583
39272
27784
407
72125
69208
75648
84933
59361
81302
23623
9716
59769
84766
92786
55609
24766
61198
23393
86075
19377
17683
26280
24927
36679
33289
47209
77299
34131
64778
40859
87749
54061
54642
96672
10512
8711
98171
6154
62295
92291
93905
84439
10897
2509
99148
89441
11167
19665
6758
23048
61594
11204
95673
85892
39309
33240
33822
74323
3226
71339
86076
11864
35160
57640
96874
56713
52991
25540
24071
13047
54308
7167
27660
46623
22554
60498
42708
19485
34869
77275
57881
37000
72218
68918
30669
45415
53313
50332
92079
33126
46397
49440
92093
10334
94427
57681
47377
63485
27113
88366
56055
27426
24607
95598
51849
81347
72966
46337
44317
3045
16109
94327
32291
14610
28679
69280
82561
25259
49586
78208
20427
41759
20516
5991
14697
98528
34515
34256
33662
5576
57057
80943
51084
555
48038
29300
99300
12323
58794
95065
49183
97663
59276
17017
44808
43624
43142
44380
95832
63493
18542
73191
89430
80371
9343
28978
88003
14399
41369
55610
50747
37030
67193
61766
42585
83338
35033
42006
40643
92534
17448
49442
61485
74250
94734
44538
97616
5037
5411
59893
2282
89282
79886
29555
22626
89884
52302
88015
21278
76796
7729
89126
58568
62304
34091
58485
1438
77155
11252
48109
49802
701
60177
47719
22213
86516
10058
46222
8848
44129
92396
75867
69605
84969
28797
31136
40051
96053
98409
26600
44470
60032
24600
47362
77979
87050
1102
9559
93138
18336
38249
9185
17360
63494
9733
60867
24633
5901
51466
50288
27088
31783
49704
89659
47755
34789
18201
61768
96609
59232
13995
70887
6936
82853
59959
26027
59177
82229
53784
86010
36360
9258
79946
29766
38407
98700
85046
25551
89840
80953
17128
32715
36007
94472
71509
14694
77251
95005
51002
45861
11136
22163
21710
40270
28117
2665
64197
17334
54999
26873
77678
21251
41445
83191
30859
56869
47479
56173
81660
19020
72251
55502
58385
16151
85026
39225
49544
63788
71903
28554
76634
26591
89414
76880
60667
54970
1016
32038
88061
71072
61556
78079
83634
69905
84016
67484
97302
84838
62434
4233
2476
66449
78098
75618
56519
27465
23212
94496
42691
9336
32836
88982
57481
92475
74188
99939
99278
33938
77846
64071
26009
79637
89672
61863
15906
98011
92744
96876
80534
88820
85904
64413
37407
21325
46534
95
7404
89693
24738
28095
2232
8587
88097
16605
41383
57713
40667
42578
99755
72036
83320
12511
98444
22612
45757
3643
61517
25674
98304
25956
44249
42730
56601
22467
90483
37890
33984
97804
48855
91192
17867
13660
15322
8393
68924
88495
63544
82089
18797
20811
82851
23201
95706
94178
97878
34119
22702
51793
55940
41440
11408
11566
59252
42549
10999
66547
45647
69375
96283
45625
66556
49004
9065
38103
8527
49418
43830
93069
52709
85381
73832
1991
71682
82264
32533
7042
73435
48440
74648
46558
22056
21765
35586
28009
57629
48885
8338
29300
55251
2846
30100
31592
98780
60057
56273
40904
16425
21736
47419
93756
52725
87027
94267
80369
28747
73961
67222
18103
83480
40199
81943
97481
44440
44544
29727
20607
64025
84069
89793
99722
32764
69221
79983
35206
96795
73495
24323
50463
25649
46553
21944
8307
32632
32658
75962
49707
77488
37148
17685
88031
60348
99310
82238
70159
46571
85363
70516
70320
5538
84414
2675
36126
71854
61964
62790
76669
9490
65058
45838
59580
72859
62783
5682
99645
37275
27912
86189
89564
4381
45537
83137
23794
44510
86899
58759
62478
39930
42663
28533
47215
13096
42364
22843
77563
89948
13351
76674
49373
58018
43853
66911
50658
99241
9974
15569
96961
81585
40294
57023
70951
2711
76928
49420
62242
76761
84821
90197
62125
43269
32994
5264
50534
93421
25176
72345
49608
50741
2818
856
38334
1143
5114
91229
97055
86041
28668
30988
69736
53700
85884
71322
21065
7112
45384
89268
11116
39596
26634
31007
34850
92033
17496
56874
78576
6702
3483
37484
44648
68650
9663
4942
44353
6446
7019
65133
63907
78852
29298
11076
57433
64200
64530
77745
91467
21979
20752
6697
57846
98723
81831
78015
22452
65264
66161
87150
93163
8324
39640
35563
67838
22005
77886
39178
90974
29944
88422
44159
20515
38783
60754
11976
42998
50907
37754
89204
23280
86942
68846
21354
19197
29196
91939
11566
15592
12884
40290
83940
29057
76462
26965
32243
20491
96277
65451
74876
97533
49230
56832
39718
40308
40119
3832
56655
28366
10730
18411
50996
76644
7914
32301
79802
98407
32016
45092
64470
31022
4699
96914
36797
91374
14627
54147
44852
33241
18242
77772
39372
80781
58512
49042
5415
10242
98344
28894
14975
69089
7051
62402
31174
83738
91007
29858
89285
61075
97415
9131
67366
41114
28702
61301
21839
93372
36109
64507
58686
79868
88040
52251
39729
74024
26278
24740
63785
78062
38520
452
73849
10973
24149
54998
477
76881
71483
93317
21181
50132
29527
45611
46107
45235
83647
22943
91523
69001
88702
42745
38889
58916
52155
96124
72982
68452
23750
17819
87229
81027
70129
81750
61803
37825
47698
89329
27426
23519
13907
95766
65586
33421
39635
7598
13370
3476
47073
71141
64961
80092
74730
32342
67554
57860
61730
88940
24250
83736
12664
91147
94024
12490
22709
21967
33233
10540
5269
10444
8883
41175
33386
13787
3884
44852
32501
85299
2614
48951
86589
10355
82081
37593
87990
13816
85901
12009
18092
89675
35256
51092
99216
65109
59283
89572
53121
51281
75617
32105
56262
60499
21989
27480
30123
33798
21571
75706
68163
84938
95648
94670
10454
89193
81950
46189
48434
30613
55229
26922
58143
10044
39620
54838
26374
24397
86963
13910
71014
85059
85424
68920
41147
13536
83810
94245
56713
90974
21102
43007
88910
91247
5728
92009
56019
66192
45958
14787
69100
20089
43894
39615
67317
4307
67788
1063
84501
16626
52205
65297
37240
27002
49962
82899
24627
3491
77556
70871
55413
31988
16398
70234
53081
96792
22393
27474
58494
32069
43489
23128
93235
25519
40478
59284
51858
26214
92681
23379
80574
60936
27398
71330
88906
22903
3969
31205
9160
33737
76105
23917
30740
21377
95573
68076
26651
54423
91302
10599
63643
5653
74945
38699
56528
69108
7580
13322
77606
39741
60142
57800
78548
53401
34867
6769
29411
6367
69367
4497
87145
51545
44652
52770
19435
71296
21621
55562
6694
61615
87690
74835
34017
80276
90578
6164
89749
86944
9377
12824
2717
18870
55791
37781
52117
298
41967
26748
62658
7340
60835
80517
16195
32879
95500
19131
87506
25330
23270
61746
80313
58050
78241
79794
70758
64007
35153
63889
88375
7549
29262
28567
7652
45978
85428
14119
12079
17036
58648
20983
64808
58005
34865
72313
85599
39347
43628
32638
13740
44672
39409
42043
69414
57293
83392
64992
56993
72550
3939
44683
83108
86138
85099
20855
99432
77044
30058
25068
91856
42425
2782
83295
15422
28458
99443
91079
4496
58550
82736
9178
67977
91012
97845
55181
15419
34919
4161
28686
52952
6689
38416
14571
72465
28647
20561
61551
15796
58012
79983
75484
73633
29331
31240
9878
2903
49547
92675
17876
67042
60861
7230
29272
95842
19108
45487
36389
41149
84641
19511
55168
35739
23040
11530
25588
11001
71818
38443
81087
22129
69974
26079
80312
11154
64263
67613
3796
25827
8472
38768
57289
28108
90319
18579
88857
38894
43431
87168
24412
66146
8437
34314
18585
48261
39460
79699
87880
44275
65870
86002
60888
57090
8324
435
98604
85135
56559
15262
44270
63322
77200
13036
59920
13888
38288
78987
94626
58794
9296
66203
4153
84517
20850
74631
6588
25826
32089
96993
21997
32513
13778
1931
91068
11591
78492
30846
77781
23621
31456
85234
95790
78480
14295
25533
24771
20357
41401
76456
50785
24474
6655
18056
36031
28820
72068
97481
33918
87705
68761
96745
99320
677
57550
31661
39885
62078
81504
28846
13062
49633
81311
21404
8183
91006
51605
58597
13520
2558
25173
45864
51181
4260
28754
89319
54675
88646
7931
29950
80048
80964
66575
45597
11613
70436
34335
77815
52471
17440
60393
94495
40036
93574
10245
34181
87182
73074
33070
84219
90648
8977
81097
75779
71505
54608
73340
55387
29023
16619
46254
16774
37078
18052
92888
42990
93392
73639
43840
84163
78311
46643
90364
5674
75869
77547
62034
76398
61278
64789
55232
40260
29164
88224
62655
37495
37321
24145
19738
66533
17701
8686
36952
18720
67631
945
34690
66881
34416
74966
14629
1883
29035
50882
41230
93634
79960
34383
29773
59930
16765
93428
4253
61969
33543
2967
43169
36526
42213
14728
34387
38406
83672
31838
17965
77778
7221
19349
99704
32630
71131
46115
67741
42383
14587
60429
8779
54950
93402
26146
46413
61468
94787
43957
22526
81937
62553
12199
39478
71011
65889
27995
26468
40124
74202
72500
42448
48353
21127
87412
88324
3149
66730
76725
45440
45151
60699
75786
86205
72967
45759
27926
35785
1022
94535
68550
46038
14965
41315
60174
94385
99640
96686
82447
85459
39568
31633
68042
67229
99137
80808
56479
72420
60998
61726
92653
66087
5895
21619
88837
69238
2534
95768
12676
82062
2960
11467
90345
4435
12009
15736
90362
43681
55642
75922
29074
37382
58032
46118
84436
39415
6969
12852
58608
27303
427
72445
23939
61647
64548
72992
16248
85677
96479
96605
47579
42535
12424
12307
23206
40840
47787
58269
57229
72408
83526
95027
74262
98387
46982
19767
23701
51323
7507
14414
30875
72075
80923
64029
98498
22332
94276
69439
52006
59242
57989
7830
36156
78295
81124
92878
2892
3943
20376
600
23145
58452
27669
71907
12315
24399
70270
34360
73679
20544
34377
52579
36050
55639
19385
88193
17468
9548
1690
17701
91607
45657
10909
30054
37882
89359
76256
40097
86243
70434
10710
61767
96862
84832
61664
13475
29636
37050
60716
62097
9045
12879
65470
37471
90589
73171
10814
41684
22204
3758
69964
49176
69338
46183
96279
78801
29236
11019
55427
76959
45850
28598
89446
28242
11902
49754
92347
4447
12204
47522
73952
80604
87339
40051
47395
68122
75331
30675
60838
23279
87514
84742
12033
66268
1713
30453
17018
33554
30791
86564
65213
56728
25332
91303
2151
5776
31754
74078
23083
45688
10914
31542
25908
27867
28809
69217
5799
47975
26065
7949
40291
89763
18074
45556
2726
47387
66752
46565
36264
39001
89640
98186
98066
86003
12615
45994
62835
58705
7053
52720
37199
73036
97910
99014
34867
40806
52963
75047
9178
37360
58215
56697
77642
64434
77894
62668
71697
1302
79740
16570
36149
43795
56195
75649
90056
78260
6894
13774
52109
33708
72643
8155
39341
65722
13825
16212
20329
18338
51778
42859
44566
72567
23887
10952
59680
62070
14484
84382
53936
69470
74457
24595
36825
44917
57215
47252
87666
53768
6622
34086
79300
43149
56049
77462
30766
92602
5140
39413
53644
50379
70075
64260
81104
39147
73001
1402
10933
61735
88848
12622
8682
65315
59732
51891
11306
99887
92157
42020
77025
98884
69134
44331
5685
35627
76240
94109
92152
56611
60956
68899
90689
23204
9336
21747
3532
97892
46034
25337
69856
77473
1768
80688
17128
87188
36468
59873
82313
35427
86793
47430
88374
61434
24760
74818
67634
94245
25492
29049
17427
11594
40915
37590
75119
67540
79666
82530
2292
67164
40402
75560
8300
81362
52986
15579
67453
9687
80721
76599
77702
40577
51047
53457
26422
4659
88576
7086
33470
9879
72435
73897
63381
44445
2470
3157
92873
26431
67369
41427
1233
6645
31148
7914
24528
84988
65863
56514
28634
14386
86329
89890
80591
40111
3145
1814
81802
91212
39107
87270
74461
19758
5589
64914
37709
50359
21783
77678
83720
61827
70441
87296
83433
51366
37359
40912
12385
69243
86397
93886
64826
95147
25047
28129
65904
35658
50663
53232
75751
57698
24947
98427
65232
60291
313
58168
39508
87368
42682
74852
69919
13922
76196
22200
4602
54163
97626
71457
30165
60834
61857
44180
61399
38520
66683
22281
8140
7770
52512
42751
10195
62169
16373
15757
55015
76017
34029
1941
50074
35479
27520
12388
10879
70624
47472
8885
7492
84774
93719
48369
72199
8343
77166
44914
81058
43651
60338
25947
74183
64550
94408
49174
92856
50418
1330
82989
43936
34559
5298
16606
62378
20199
11015
80131
21176
91006
51601
22189
53157
17027
50948
90701
71535
10271
27212
15848
60142
91781
30154
26969
18341
38282
75226
62689
92701
4229
87208
56950
36608
25793
74528
79767
3597
99132
80492
68814
68372
27700
5286
50669
41144
26943
37301
27596
81734
10947
63604
47351
27380
3109
79223
1760
56232
18713
40299
61481
20902
97534
40030
24969
37574
41263
97138
57707
11458
48539
75257
90923
61467
60098
91454
47209
21991
26800
95835
59929
99336
32283
69735
6232
94447
96464
95972
90078
53305
30535
5054
8658
16608
52630
16555
96121
16201
75823
11561
57007
74381
24942
99026
19064
86542
2408
2553
35422
61962
18146
94012
52593
64261
65685
19874
84229
46287
1632
25088
31448
61767
61477
46944
97738
50777
49404
40720
48572
87237
42042
65699
76083
54585
84818
58060
89091
69617
23175
44884
89104
80605
64316
99831
62709
24734
34438
81168
27442
38132
62392
38299
94873
82379
58479
43859
34032
58620
88643
38001
61858
83563
2428
37704
19697
81692
37169
2254
49074
42970
65136
15985
48062
514
95949
17290
31107
47085
64908
14567
97264
76870
2663
57063
41717
52639
13625
27804
5878
78486
10240
7020
57060
4696
39297
68458
23331
60028
15609
28800
21619
43116
46703
49265
73845
21435
6991
9057
27803
22928
89092
14124
58121
39214
42109
80348
19055
69946
3575
64665
81312
68376
5768
61801
25479
74948
3685
59454
57587
96476
76734
72934
3887
4308
2463
85299
16522
13591
18302
69474
39332
27167
33506
35307
92705
34816
49640
2517
17362
6158
19847
99029
35666
56894
76665
89352
83114
19710
71546
7422
16793
37642
67076
95602
14122
30150
77852
28780
34059
47922
51296
53020
89291
7829
45092
32225
85174
40708
80609
37260
733
43167
48432
54824
49681
15409
21176
97991
97731
14508
33795
27633
1
28668
62911
67788
99626
85741
11918
10579
12105
68674
19807
65554
91616
23130
86266
31794
87629
73209
33695
37248
64161
47126
46979
41651
10043
51489
46443
29933
2390
7577
44108
81227
98160
97168
15610
22988
78586
28583
34423
31712
16661
69213
8155
1889
27971
86932
62972
16464
28648
56736
67455
29086
53392
87636
88610
94100
21075
57019
31975
88787
71103
28544
80092
56354
6637
17560
92770
6437
22317
85255
30227
33510
94110
97182
49181
39005
14195
71609
26272
70640
79130
24069
95631
96933
10225
11430
83063
21089
60259
83460
31911
86952
80822
19405
25389
11166
46811
15005
85861
45825
98024
21859
34551
30971
77522
89252
91767
63116
13658
9017
77061
56944
6301
14141
30647
90967
57504
70042
41640
94949
52084
67547
28600
28453
39070
36222
98934
49558
23578
18044
82
84428
43466
3364
30215
34041
82767
59333
46218
90443
953
12766
67232
5175
60457
12726
54951
23937
48493
13931
83977
57385
1053
63119
78708
85707
29726
95424
15290
20571
5445
30570
47761
8585
93004
78523
59967
31874
22064
31169
17580
77562
64876
14813
24087
56770
49195
21480
78457
30118
22384
77954
89006
21029
23707
10771
81975
98780
16695
7057
8483
8342
14929
21109
48253
54308
85918
13219
89268
58007
14961
33393
87206
37620
9696
23938
30317
68609
47645
53066
3055
73737
95223
23182
88847
50150
26661
79236
13209
9764
84438
37827
65392
60914
96037
65319
42599
55204
37306
9702
34847
15619
16878
59601
34146
96152
72148
65038
69473
73848
63681
66043
62286
41084
72206
55486
50722
15085
8769
58659
3487
98900
99181
36222
17554
15222
76191
47824
37530
87659
52098
23223
28872
47707
28581
64726
32170
71845
8160
96208
52859
12929
80683
88740
17833
96938
86423
90680
86419
61428
62922
20120
9920
61619
19746
1944
90767
23302
3746
64037
44951
16340
38840
33569
36953
86918
96556
74510
68716
89671
61114
45567
33323
29064
36607
11730
37357
42866
72375
431
80025
5575
84854
84633
59161
54074
67996
26641
90452
75844
96023
4901
61334
53609
10333
64392
31948
81185
15453
62601
14473
33551
98830
8835
62755
37120
56807
46305
43541
3655
96373
95707
66015
79199
74320
25549
92375
62589
1666
87072
98547
16780
70646
8923
42775
96286
69216
57117
10484
66341
93158
35821
92299
67070
52019
36546
79917
27699
58307
99533
98425
79206
50312
38921
2927
32884
40355
6085
55932
72532
923
29886
33381
11247
57475
48055
1288
1465
2701
29240
94257
4692
97967
89693
59505
22405
36740
89037
7512
8364
975
41098
28379
74742
97176
57992
22817
24530
32023
22128
47902
23542
62458
1449
57387
50812
44405
60549
67205
98740
60380
81452
23395
54630
62598
38460
51162
78994
62807
69530
16699
1996
93884
66631
16445
32589
16963
73249
31460
17743
10605
58310
12118
52142
62540
83401
46321
15725
86336
53377
67636
8505
87372
80820
52764
58189
52407
37733
17886
28079
66196
79163
89171
38839
18559
67051
71985
68559
46789
16711
65901
53235
16031
10303
60045
38467
13139
82719
3225
76398
89177
93367
44959
95211
72546
24445
96573
2815
48495
41212
63768
95099
17260
17565
32821
75687
99758
81399
17238
42812
33816
12254
69080
32509
21871
24569
60821
28690
8384
59194
97474
98408
75385
19856
41199
10865
22371
91429
76966
8215
72974
81625
42196
59846
26262
29875
44347
65849
36636
20593
99725
57287
52775
69926
79763
93158
17336
91871
10657
15249
32008
31475
28754
33938
65511
11108
2578
21219
98884
44700
14691
33172
9186
50004
15704
17074
56558
96760
87278
42780
98439
35916
44377
64018
48297
89088
97421
47471
75858
62233
7112
58689
2068
22570
4240
55674
38620
74965
65959
33861
47356
23903
25238
2052
36737
1043
93191
59739
87955
11020
38141
49502
1330
96949
97626
653
42826
55826
34341
27486
50287
79414
84277
9317
6057
36074
15290
78514
49370
54319
58752
46798
37170
74997
22458
14088
55912
43436
65339
14924
2271
56139
29311
70556
97984
64415
52980
69471
96652
20619
63897
31889
2180
43054
29235
84896
93685
84259
55481
3210
53174
21754
79168
3161
19599
5631
90356
65359
14606
59204
25730
32475
9006
11877
5979
46076
62437
26959
70203
73301
74884
21921
94520
13945
7769
76069
75299
43051
69974
85690
26802
93125
13951
53258
35824
66155
95681
91224
49403
96395
28936
86905
50828
47074
56211
979
71118
19532
92228
41323
49571
78777
24517
40769
94056
4104
7756
26737
50986
71026
30503
59961
33057
17091
36501
59277
19964
30870
74662
24018
58486
52369
78481
50009
98421
45209
15919
684
79509
19176
22169
5004
91372
24022
10879
44979
77873
93451
80233
65981
57447
40273
45879
11072
95627
71089
96850
28157
38137
49224
25436
28496
67249
83495
50286
23805
27811
76569
21581
61821
1629
70688
68911
8041
47000
42988
59800
37498
3528
64954
2007
15399
6994
95976
69195
18059
27054
79565
96763
54843
64676
92075
48201
64975
6774
52559
66246
89278
66461
18916
99040
21434
30222
20478
42444
44028
94757
2670
26074
46264
30541
87843
92986
57180
69341
94383
84629
10086
75532
65131
8207
21269
23594
86123
383
40970
83240
7579
68579
9019
36024
9434
62600
5727
1089
3195
95749
55732
81796
24338
78668
83366
59394
47467
78934
12231
14998
82547
51720
41187
65879
49222
17529
3857
52259
89593
8880
88544
66166
42142
66603
28574
4284
41084
26688
25883
14895
76271
7479
51232
52693
21909
20937
29305
22780
85541
33925
36242
17330
41578
95799
49209
67612
60618
86340
21212
39049
47894
32561
39305
63816
67797
6137
62643
98452
53131
69257
82951
46876
99956
44960
13885
70343
10424
74815
94222
23473
41179
91901
63660
672
18767
80865
26509
20488
4198
70227
74411
63431
45571
40500
67254
34156
96941
61441
4051
56809
70820
58954
18932
9944
72287
42423
30625
4917
47185
83070
29734
55019
68066
82318
91634
29028
42073
48188
77144
56803
71102
65611
97649
40466
83050
38524
6813
10911
98138
43005
37771
47881
75210
61484
68990
54520
60260
94035
99066
42164
67184
40873
90342
45522
87085
545
33269
24863
93455
60251
10100
42681
48326
49230
5572
37653
9719
10133
41883
3673
65540
93688
50404
88530
82154
76119
97008
84813
17909
65058
93803
60558
70668
32536
59554
64811
52739
30812
6074
11188
11567
69810
51882
5410
61282
72991
87836
67967
43883
87750
47119
97226
25993
84969
50820
26340
23353
25610
52911
8806
10441
58033
10487
10501
5490
10460
67912
54925
8384
76688
45088
33513
62660
54139
28786
89827
57038
27058
26501
83133
6597
63797
74895
43911
31876
59501
22463
73662
22859
28773
27694
9887
11899
54491
71263
66730
53818
49625
43435
17928
46119
93354
49691
74390
57455
247
88988
19619
6305
36778
90200
98242
69293
8913
55291
70104
72806
62642
87473
74744
62898
63887
88512
98620
61900
4647
27487
30133
14295
49089
35386
14196
89361
26322
69835
14131
41395
6676
87712
10791
94296
43060
53828
53173
41649
32366
3641
32970
7263
66701
87719
57048
58730
83268
299
16824
71012
78066
84304
94348
25763
61527
72356
10085
76239
90900
22032
50037
24594
41714
87359
3353
9837
52517
69205
12735
58637
55974
29127
35404
46798
23487
47609
22808
23832
98550
32351
91379
1583
12670
63163
49399
49261
84651
59532
15967
61235
40443
99591
51387
95004
76568
62742
94149
1391
22010
4081
51927
74299
24046
80158
50457
87523
95076
46357
37766
30360
40174
91839
64471
94145
5578
45555
47122
72338
6303
63982
71989
75655
27638
97613
39454
64057
42147
64729
52932
87278
67953
75389
11615
45506
72108
26808
32372
89678
77787
38357
73081
51230
86490
74461
24119
70791
17839
6454
52979
20811
26864
99129
90697
83204
13788
50220
77567
29669
56016
13214
18397
85714
80382
82550
48320
78869
22402
81731
22270
39304
9191
53624
20398
66404
44087
53069
93933
242
95233
47091
40952
51527
44050
94878
11417
78606
53431
57206
30960
95844
18673
16528
48199
4715
6919
63208
82611
46460
17980
67226
4304
43561
58207
24815
49756
67551
68078
31075
75639
66023
68128
87919
48861
93275
49128
30265
55168
56682
41318
96021
63542
33362
2790
67627
73586
16800
61846
16436
38816
14581
9661
8914
89135
40974
69998
55843
22812
7860
34081
58885
83032
15800
52247
86947
79499
35853
78647
99924
6613
7690
8198
19249
60694
44044
17875
89233
79602
7289
63214
87520
27266
74057
59840
88343
35576
82938
87205
70367
97699
93590
86565
38591
52038
64979
79192
38466
49317
62747
25774
69675
96688
56496
42487
99734
76419
54064
27588
74072
4995
53723
87467
44982
40010
61164
712
80149
50156
7262
15097
89667
28333
78823
6532
78074
82447
56740
20107
75058
25026
10684
31520
23631
41832
21083
26894
74883
19628
9452
31121
98468
15696
26946
20313
6030
58305
18256
72547
39752
32758
18849
29941
95802
38592
4990
25918
68971
53255
51484
56365
33844
70823
50905
83846
51233
9933
86193
47101
30667
36879
74487
57727
765
14785
21987
59931
40920
11230
23326
95245
74138
9212
61835
84839
15765
95160
10840
77630
40126
28732
87787
20818
16944
48190
28740
92157
15678
2919
88053
30487
65193
51957
17335
12497
525
63816
21671
60386
55997
1465
13301
18364
98183
61701
40001
78652
70595
24678
16555
81977
80938
57979
8161
72447
65318
16575
18189
94628
98521
63773
72493
77168
6543
85432
73468
59058
7758
5342
39006
17191
14484
79899
39448
24717
47161
38876
54059
5643
29872
46571
99962
76178
12709
8260
66764
99284
7041
81609
16459
98969
42197
46375
76808
68246
66760
22250
61612
493
65400
55218
47721
64480
61157
58693
7194
49124
2182
34623
83463
71623
10319
77691
48671
48524
48725
24134
40070
24082
80802
83708
35757
99858
71652
91053
67529
56010
96817
47747
60185
38132
80008
94547
98470
58489
82212
16144
9557
7845
15565
51928
17076
32859
17780
75886
61916
56341
48067
8721
32504
87384
42710
95451
47524
89829
6229
53788
81957
13013
62640
96404
66450
96982
99069
95849
4436
83032
65132
72228
50531
39916
28834
42441
4448
1868
20790
51565
2599
67045
70015
39446
91562
94346
60851
69655
1031
4147
56715
99653
18790
19434
42537
58465
70693
35337
42731
33256
31000
49893
95379
73499
99072
58072
29781
49304
68956
87206
17925
23084
21726
15480
256
88025
22018
89187
62545
46933
18712
46850
76197
54500
73042
67983
96159
67222
81405
10176
6270
65623
28022
11004
31748
79501
33672
75728
24630
55105
32673
13366
79704
80853
51447
54702
71582
54944
42678
42281
11533
58694
33753
47402
39119
24618
66420
61861
26933
54341
79710
14680
29073
5613
52515
76339
12116
95525
16798
35571
22861
85422
22087
62
30579
53668
17201
68509
93581
43746
25125
60633
8028
19155
73832
6131
89225
346
49879
65073
69382
20058
40841
57762
45960
9479
42989
80020
79888
41450
40345
77353
50354
39848
29498
23418
49914
80471
70774
54103
33438
20894
7386
85078
41251
60622
6663
14910
10005
21330
75782
62711
73616
32752
81608
88743
86251
66716
20121
16452
29656
24076
91426
42501
69564
66876
43172
82017
36523
11803
14531
70572
26721
15550
68939
15191
1461
38537
76919
41543
36107
14088
93747
58138
39061
44029
16191
45633
95647
48628
47130
66839
40677
33622
46230
30837
91084
95047
38666
75606
31521
27903
76229
2413
13426
36792
42355
92692
55838
1726
72094
40357
76599
61289
88370
53591
32494
65065
79931
10216
71408
25957
61562
50758
56979
59679
78468
80798
55276
46441
47268
44102
4631
66828
59192
5258
38963
32388
1382
49102
73529
85910
42092
11468
72532
5290
52960
8057
18047
41150
31969
75781
52911
10092
77391
73979
3362
3998
19942
63397
26608
98225
18883
60130
10830
342
23246
10371
79806
39096
27222
19822
86628
20985
40850
59482
25985
25762
39645
46136
75764
63805
63056
16245
12439
72895
45810
73255
57191
89191
6069
28967
192
26351
26116
43390
47374
86685
34931
82083
24545
19594
77116
53946
46678
60205
63960
49804
70066
76709
1963
86915
39454
29010
92755
29005
39586
38514
2778
77821
18748
14938
1435
82479
54615
26212
20273
36970
13048
87152
30784
45747
70537
19566
30729
52445
75509
39523
28275
57138
51125
21434
22370
46754
25646
22584
45738
19649
30199
81807
97049
42727
96708
61756
41773
82573
35593
98898
78182
91726
40507
5300
27897
97647
48523
41262
17250
33576
79689
64607
95410
20822
96250
61419
26778
33848
56859
29495
66764
93178
55343
92620
9283
65879
56118
10316
4943
62713
20755
92247
43469
58278
69743
941
44770
85709
75387
23323
90141
59702
75233
93799
18404
77317
8746
69915
33127
33983
55602
56619
29035
52238
54464
25000
70344
86868
36797
46874
96829
9779
85657
21889
1382
92767
16404
60064
30407
49752
57351
32915
33824
59569
8041
1216
39420
34609
62618
85552
39011
39400
54683
35078
37501
85060
57199
61645
83323
46498
99592
74601
21995
20914
2902
90919
51283
87275
45965
60198
16630
67362
5442
32691
9393
93297
69904
28720
50304
28338
65681
85315
31461
79256
99846
31182
70434
90056
38268
22346
24142
53493
54231
14850
25747
15374
88182
83373
62845
21331
24870
50692
96781
72517
45758
56058
29646
97043
71141
13688
21351
56093
56999
85530
21695
96273
84785
61624
94483
27153
79989
6770
40696
51185
2908
34617
23791
22908
44686
92878
3034
53522
95253
56693
98510
20946
51761
13715
66283
46075
62416
82432
65051
4968
54914
4761
17738
76401
48064
2404
16922
59972
13557
34100
67847
89807
7531
62179
18406
58946
87983
81033
38985
34033
51542
42538
34156
67201
81259
62966
78526
14654
62539
15820
79076
78935
14221
51826
74855
72151
98073
23487
80332
86257
46076
96085
67683
94588
82233
68808
63732
81920
63206
79604
26262
10569
83956
47683
40559
20396
9653
70319
45481
77542
1289
91647
20689
65563
51961
35221
17479
94773
75875
59400
10364
35331
25165
59889
32644
81492
28597
57264
12827
62080
54821
52972
43921
87292
74615
77303
35652
32198
90634
71060
84515
52713
58099
87605
37703
62671
11051
43005
26644
29102
37835
64822
63904
12555
67473
97389
99175
1884
41072
44068
39586
17142
33680
69203
37747
45803
7173
56867
21217
36607
82761
26591
94355
78680
37687
87865
92503
59146
53685
88625
55201
94582
48699
93304
55994
15551
33829
59775
171
50665
78522
36407
65810
7971
337
20099
4687
61107
68511
62853
28607
68660
2835
20559
90418
53307
9471
83667
47944
19031
74728
99339
36637
95995
55207
54569
7533
1436
69441
46215
65799
68584
8553
73638
51058
91046
57374
43354
22318
8712
51004
58554
95614
20185
71667
16768
8029
96373
13981
83313
55477
84599
39295
55615
55124
2787
75346
17662
29055
14904
46016
79332
32958
40774
5172
84954
98937
47710
84539
8146
97069
47240
77750
84108
33927
40364
55105
42078
9955
4610
58177
94283
34567
29837
32677
72599
36169
83128
56228
71393
83041
92703
27619
43017
50412
89949
2324
40745
47756
80292
87372
99218
42550
52298
30111
49426
34530
97391
74414
22383
65395
73049
7556
36236
75029
25313
30849
85373
33396
31694
34734
19432
15912
60499
95477
40326
67583
70425
39010
83940
80588
36223
7725
26489
85426
34092
41934
60513
64326
77029
28478
51359
36524
84110
65077
11134
6793
24833
55825
53597
2897
913
79734
73195
12673
4957
71239
54910
29570
94477
70553
5344
44687
16091
63013
92486
85863
31733
96039
83200
72582
75102
71033
76898
4618
17338
77163
39519
27640
3125
50536
2197
6547
9269
1440
79153
29829
11655
34225
13394
63154
82883
86537
85096
61119
41491
93629
25057
89503
70981
76589
50995
28312
65408
60807
55674
9756
13328
71690
40276
84552
97214
18405
23510
16798
23309
46058
78275
65421
14253
1078
25923
81948
36454
35292
96934
92214
62751
3353
28404
54357
1406
98268
18430
9807
8869
57656
13507
48800
52573
85872
26483
75212
2670
66889
5109
98125
22672
50144
21600
46348
79707
88325
5417
16654
63618
17370
30764
63625
96697
37258
4200
51699
41781
22759
99220
91683
43096
54202
46687
71046
3692
6167
87475
29589
79065
1922
33021
38797
93252
22852
69423
47578
32722
86801
89479
11351
17770
89150
44410
41456
60904
12872
56401
93511
18593
19661
59758
58750
32756
75445
88956
77147
89482
62633
69250
64321
82851
89288
12627
17073
35430
35481
68905
41137
52002
74614
86120
21672
2548
9901
43689
18212
92498
25559
87387
14578
80605
59423
25247
82691
21342
47941
35940
92961
38884
68395
42156
19153
76451
6659
42714
6987
18930
75527
56655
343
73078
64090
19226
10307
16931
8575
57735
76214
88047
43859
47083
35180
39382
16584
62688
95798
28474
29195
84640
70576
29275
455
60694
54299
3999
42519
98571
75545
6259
89388
565
24347
68998
89046
5703
73639
20728
27018
73862
61383
30865
16913
11850
60507
21879
86757
71741
53480
92546
56496
43283
1339
90285
41003
6099
10046
80245
4857
70355
32972
61265
50375
98825
7385
71070
45504
16447
93486
16741
65135
34963
38502
32287
539
51075
64552
42046
66881
8243
88257
22551
60002
45368
72416
23627
91348
12908
36653
53236
67753
51102
14996
2021
11336
65608
41381
22454
21830
81214
10374
76964
78145
39947
83554
31369
27936
93240
23214
97670
94305
93102
42861
58041
70620
57486
71559
61356
79820
86524
5916
64951
83373
2279
97794
73036
98445
51247
61607
5975
36601
7562
75510
66150
44576
75324
87433
44681
39958
45890
47085
52090
33032
75183
7552
41305
48035
63427
42539
21819
69765
28902
88213
37275
65545
23883
6319
20428
28119
33359
2975
73997
88722
118
80837
22241
24810
47847
80880
82386
22699
38370
58004
94820
10011
23523
97729
61640
64485
70855
96975
63132
56773
57629
12181
93307
23286
42169
7708
93021
21517
92537
307
85974
40079
11444
11820
52342
46722
28557
43746
84803
8192
23181
90095
36874
50365
91384
9542
7427
12131
28523
8240
19349
65796
68362
1744
29282
38616
67515
51699
4461
28076
85320
8572
20196
63579
23767
21409
33818
96158
17997
10111
62165
77547
87992
97190
92102
87766
46888
63113
54853
70215
98973
92158
39119
87519
64653
1560
96657
55490
23362
10918
33695
67732
23096
58910
77832
28101
13270
63803
89991
15389
32788
97446
15325
27655
67169
71524
10737
60170
84735
26240
50889
14957
76146
85066
27501
58759
2518
51891
96421
28498
76189
30245
50009
86830
53229
41700
18647
10581
59321
82537
62911
38051
2889
38587
96266
26815
5936
53987
10438
94399
65138
12630
54315
97945
18545
42486
25835
4332
12136
96702
44299
66269
14201
13214
9060
76223
38396
62428
8734
1247
17633
51265
35720
57624
37266
65157
8853
73609
71475
35131
6845
75753
47808
86743
11410
59326
20804
39915
39143
63396
47799
70809
69789
10832
96357
55351
86164
43372
93622
74981
91233
88137
39209
27485
74533
3358
11950
60726
53025
47480
47835
67344
45673
86812
30405
26091
87112
11331
32611
82389
73047
26422
68597
14635
6520
36553
53388
44036
74249
90489
74813
62916
42052
52776
50558
20430
7308
930
38775
86747
21921
25060
10936
80890
9880
12810
39710
9304
1892
73207
92286
98048
11244
70389
6914
99477
91539
30755
8363
27261
32418
41239
55785
52797
67836
60164
50200
48971
38102
78993
89052
57182
54720
71718
54006
76834
99688
41308
40690
9498
165
97565
82546
38386
37976
75185
54484
48602
19766
99749
13999
99844
27679
20227
9179
82432
46680
40494
17133
11921
69053
86593
53214
1237
8927
8889
55092
19935
56441
68898
66260
54509
50917
15490
54591
1475
31448
52167
22815
27312
92514
55578
40153
38461
18397
58333
40440
13515
50023
47040
44751
19583
45945
62090
99306
90157
72740
69690
46958
357
23645
86694
44636
34495
70817
25517
80982
64777
30324
15877
35144
38852
58615
94572
75975
68475
30718
1626
8205
13543
3927
13416
6465
16590
409
96827
51077
18810
83794
57143
88642
5715
14428
4849
61148
1367
73343
1339
81980
42781
98283
14392
78276
23114
35595
54952
81939
43752
81995
55120
269
39588
31443
62825
95372
82313
93253
83936
27070
84938
2118
78
30537
44761
81540
42314
57708
1048
68050
10436
2609
29847
84528
16368
75069
66451
96186
64013
704
64224
8274
7119
94606
45157
72265
71025
70532
53216
66069
69045
3267
79561
40194
93000
47539
26974
74115
34239
38297
85390
37109
73803
58527
95472
96344
66027
31173
84318
69627
89388
58620
78629
70459
42077
77002
72353
5902
16960
8381
51107
12911
39869
61264
82763
80451
72620
87458
20235
84768
24688
79055
6785
42436
31444
45768
51720
39861
70034
50537
23637
3869
57089
46484
39597
45380
76614
86983
35002
24313
96441
47039
187
78217
5910
85653
85216
93290
86206
4786
94533
33873
88886
15277
3321
75209
67504
95837
75375
94185
69359
14734
27633
84361
67794
49801
76397
46833
1134
34048
60016
73780
13015
14764
43352
77714
1104
19917
33225
97675
22427
81741
92311
50993
53979
4257
59897
71840
96870
72021
6712
86507
42082
96180
92775
82625
15971
44566
18315
92600
75361
13179
72662
66454
18000
89088
39365
23567
74216
73621
19089
44636
61640
35599
53612
39664
67708
29872
19452
28506
34018
94623
54849
48186
98660
51473
24402
17508
74462
11918
80091
21613
82782
34020
43217
83056
35760
15761
32131
44382
63331
42057
86325
60659
13301
90089
85341
74074
95650
53329
72448
40077
76955
92274
22105
68561
77665
62476
74860
62677
88587
57123
15390
7740
43541
16245
15269
37271
67702
79878
62533
35649
98195
57938
69296
10967
92561
70141
16485
97475
76978
22291
77665
58531
41944
90879
80642
99179
89057
6831
96361
35857
20189
54909
4140
63995
89135
44717
19214
83981
37976
38549
99304
28115
76126
97635
34208
85584
12118
86455
85211
69400
84751
4442
19923
25923
48416
35979
65254
12433
83283
60364
95603
22424
89144
54378
94555
74137
16931
16717
38407
99871
43552
79259
73736
2394
22362
41046
84478
42087
58250
34284
66658
60061
13305
79983
63981
10715
78360
36838
71210
35296
98036
87323
24718
5815
2360
44021
93664
38045
4594
86211
59170
23970
37274
56747
62064
53236
53546
48707
76523
76983
44139
64645
64509
44942
13520
25945
86450
43723
17261
78998
30538
16857
53738
20801
80807
55364
21166
37029
41352
39416
794
28723
71385
95285
17081
73203
99171
90556
20803
4611
64022
15241
68484
75410
52277
95093
18323
76728
32150
76657
95540
62880
92327
45550
47768
75674
34838
87735
46098
67615
77889
43829
50595
30008
96712
22507
39572
75474
10862
31567
85112
57447
32555
24910
37790
16568
2051
63520
39780
75744
74860
92058
27210
32318
5650
94220
49320
21561
82233
22149
15130
91248
53652
42075
2123
74586
95216
67345
59016
91150
66401
84532
84076
73578
12389
5360
64907
16213
34846
43394
22902
41155
41404
89269
10708
841
89674
27670
90069
8099
24624
82282
96428
47741
51883
42830
10442
36196
3658
91365
40302
35376
63929
1776
59174
15777
78906
64233
43743
96151
41145
56599
22817
58964
88973
82044
10454
61801
45621
56890
91312
32332
23170
54596
70251
75764
70063
34182
16066
74508
87398
46306
74644
60547
58460
67794
40744
33529
4345
45768
44328
62433
19686
63372
7808
50926
45403
44893
6909
26855
61093
36391
83631
55572
35454
14297
27977
5262
72687
40369
44285
27745
58230
69587
48045
63215
86325
85987
59888
19487
54135
15830
57526
19681
270
67670
81084
55517
42051
36153
41003
44320
34490
10727
51590
95486
96121
60524
52677
69557
30111
72542
85648
46213
73975
53391
25557
4882
38289
1188
35894
52873
83878
29039
62795
42894
80254
91758
78300
82155
3830
82985
13190
58080
79527
32248
95533
18442
56153
63864
4725
20827
27497
77141
96535
5520
67450
75939
69206
98811
71714
49841
6645
90854
81865
27666
89361
97538
31330
48069
17429
45768
16826
45212
56864
61047
75379
61527
62582
16259
57582
143
39120
46024
58158
90366
30637
7572
98220
37284
47243
47521
33660
73213
3142
15600
19781
69417
73728
46836
82069
16183
3297
74700
82713
52622
64805
90289
69684
95460
81011
74069
86937
35956
16782
77813
68960
64464
65705
60467
78243
47499
69355
24162
83348
54933
79880
33402
20779
94449
99646
8025
2987
74323
46390
25501
5971
47635
67400
30629
74560
95952
38247
40615
16685
98502
68958
42216
64581
41487
42082
90009
1583
45809
43054
30224
86523
46632
50179
93568
53397
13612
64986
66706
30786
86551
14271
53528
60496
66717
34508
83313
52208
43693
38166
58747
19674
92425
54358
32840
40103
8286
68319
77634
57697
97232
34054
97907
62428
98807
23288
62453
40083
6575
61677
53617
94192
80221
72446
10708
4894
8826
78686
21536
6773
27504
83424
71541
69121
97925
55603
50105
43037
56012
80647
75804
41678
12550
42983
66601
67061
45590
89844
7743
51678
35269
70915
74213
98497
68179
99858
69911
40561
99592
89055
55941
66551
94894
21783
73355
23217
98002
71765
69682
91734
71914
51371
58318
10618
61908
63420
50875
79127
17073
65194
97179
34496
3577
79021
4851
42899
2002
78142
33970
90001
2541
87607
70876
50631
69387
97064
89749
56420
28956
62052
64256
50996
22418
69351
59947
1524
67282
45018
27759
45729
77416
2461
9107
87682
64399
60329
85102
15331
98462
17983
81207
47645
41444
67278
22681
80023
59942
57149
24313
79760
53145
54540
70363
92319
49722
22877
66267
46974
74082
59333
7251
6022
7788
37807
7370
38771
7003
81337
76897
614
47784
47847
98105
38911
16239
45558
15198
86699
26778
72259
64894
13927
95871
91406
89191
17480
17943
29391
15360
87183
60068
68604
11868
67690
59
45904
25161
43873
52204
28503
20598
67563
79075
28197
65604
79911
26971
61989
18508
691
72713
12669
17037
83452
58618
12741
56381
65788
82421
49365
68423
41139
40863
16843
51106
84604
85912
20974
44661
21599
31154
18828
25404
13523
10182
34146
64739
68758
59837
81154
34562
15597
40526
37479
24010
28492
13721
48427
61550
17020
9521
45332
93337
79358
43102
86039
37669
7947
13863
87513
54883
76003
93195
22344
81160
67393
27054
78282
30390
65494
58083
31675
50627
38431
38215
85920
52083
8151
54707
20070
51403
71881
27680
8605
30698
95731
47332
34702
20743
26197
2992
43533
19185
20412
88289
80453
68755
34209
83184
34845
9172
10209
21653
21695
35064
78741
29955
52075
53650
62429
9490
62965
70737
78145
37127
33296
34520
80982
94172
52004
46953
72761
69966
18550
99329
50078
65228
91029
29805
51518
93844
46375
10670
64256
67719
53770
45938
53365
51076
38350
95868
72833
14651
64222
67716
84358
61781
28563
90876
49914
18226
9125
79909
7613
24452
7433
98279
11533
51137
89736
14666
5543
81082
64878
37737
99855
25046
13213
25184
78857
71789
95189
32237
10464
45525
47876
70954
41195
36567
47309
56376
53192
22356
83221
37363
1374
86208
64484
45326
65758
41519
54956
63350
29593
72466
85616
21096
62773
94416
36034
46281
30178
35122
89097
30749
56552
26030
45688
88420
85255
22541
7137
40913
611
32210
33105
52306
33219
18201
23084
30246
70894
99499
37993
9188
42953
89768
94770
10001
57686
5819
14633
69170
78319
53173
15208
59298
50407
28995
69484
33967
76787
56542
69377
93560
63769
41714
36828
89614
80288
25538
29487
72020
32743
29983
22361
53606
73970
45660
26970
22748
89204
88317
49129
70455
9121
64574
45668
17876
88589
98563
15755
59030
13335
73176
46137
87975
91870
87113
61186
88855
80995
48277
77804
33251
48982
85319
63536
23827
99548
52512
75435
44292
41983
15196
40803
2351
53826
19597
72940
19457
51461
77531
65286
567
46871
62335
12896
41856
44183
81132
68730
5902
24226
11716
53442
95719
13895
16335
55342
55920
54186
36015
8679
5102
18906
13033
35259
69259
85350
10848
9489
52110
65327
74543
95386
17460
46165
79492
62622
79980
66827
47705
74012
9745
54440
77926
77311
39587
66498
27641
92567
71821
82071
34942
78232
12195
89758
74683
7695
23818
16038
91607
89447
3018
78667
32595
22431
60213
73196
81834
35221
52687
25699
942
51209
81809
36026
44786
96559
16309
71018
16038
30919
44002
62164
12376
51943
3103
11011
55432
82364
48480
61652
39924
32961
1007
24623
29969
9135
5751
16427
76989
47038
9578
71668
90438
26881
95431
34583
55329
85241
60227
1317
2860
10741
76997
17646
52772
98708
76514
5822
48827
59241
36183
93482
90813
52586
12656
88188
18130
84479
39692
70999
58038
89837
52229
77125
64206
75091
65751
68403
80074
26610
59825
49445
86493
41242
64957
43447
47157
15574
75398
83099
84511
28506
53918
20024
8614
45953
88018
50994
79869
47032
67458
16938
97220
19677
61500
21782
5337
7178
87887
68038
32268
77050
78682
15476
36280
38911
48344
4347
68226
4693
1716
68726
22240
82051
57523
38500
84272
81856
75050
56923
83908
60031
94669
18883
52037
34797
27263
90329
27176
85482
13466
49445
95486
97408
83520
7139
99033
80744
52692
29639
91690
83748
62468
42331
50934
61727
984
20514
54446
23024
67914
7663
29231
2464
27857
19685
59475
13095
53792
52575
35331
71833
90285
79643
18064
87622
2927
18491
66102
91298
96749
88864
96199
4904
41293
69699
26662
740
91674
87150
87059
97204
62631
26038
29817
68520
53930
34112
55042
72805
85902
32452
47181
47837
10530
75010
83496
70021
62536
87133
69448
22447
97923
55419
3484
35959
63068
97371
59832
49340
86788
39943
99781
86124
93612
2759
72697
75114
54402
8926
44790
56326
14557
79639
661
48157
36336
10806
81667
83683
48374
63092
13246
79253
73659
54193
13855
5172
16295
203
48941
50441
90788
38207
3564
64169
23231
28776
25028
15644
96700
28953
87967
92089
99141
64085
42435
22452
80125
15479
22786
33153
95393
90939
2991
5783
3137
29284
8581
343
20930
55842
71156
4547
59083
72126
32939
12012
49354
84471
44813
24023
98322
28873
59368
52364
94590
78282
79239
88934
95148
97647
77401
3909
32863
66766
96920
28705
19636
10256
93132
86224
88136
96023
34896
83490
43901
88701
40411
68043
90080
87770
49997
8223
24676
25300
43207
14359
64217
82641
54756
23089
69531
80996
34338
81121
53740
57630
51209
12872
99013
61517
37824
56267
56938
97919
79918
30086
14173
92475
53161
96781
61976
66925
20453
40669
79276
60590
14845
69431
26787
64387
45692
95985
53950
89513
70645
18360
28831
99409
7631
53937
97347
12970
26099
26797
44537
30898
68146
50882
35252
65947
39049
44061
26195
25683
15173
10293
42686
37835
78826
81538
58551
56788
79936
31104
72961
58492
90632
99269
45946
48625
81082
49239
46180
89584
42187
75929
1286
19778
83104
79913
73891
76649
9098
38780
38840
12145
41435
44583
24404
25888
58870
62501
99526
29144
78745
38498
22182
69551
99977
39636
20712
22936
34118
38491
61118
10700
18419
60781
32987
40677
6415
22218
48152
21799
51388
77873
67360
27995
44078
89835
47697
5215
59869
53350
61429
23481
59087
41569
10934
79873
53972
99204
19406
58382
170
79165
9569
28143
94357
7134
25725
47806
3533
29431
39351
89689
45749
83095
77158
16480
44518
7592
67952
71970
9677
90393
39272
57329
87033
61298
40865
21435
28363
3253
67257
86876
10240
54999
75273
24620
50915
11691
78793
73963
40130
55520
45041
1279
70509
582
21480
60969
17855
62234
49370
97119
15263
36227
98287
45626
39556
47576
13468
39844
9529
89805
86469
66475
7739
18894
93430
26163
39066
97937
31720
88166
23382
92812
93286
99807
84466
34249
62316
30658
58655
50605
16565
20700
14584
10759
23571
80520
23703
65015
67875
18855
25955
13433
43971
24408
35351
55965
79433
31358
71351
86602
61499
99765
1224
90591
31649
10846
43771
92668
77637
34127
53835
2127
86340
5079
38036
7190
64572
20531
55739
40442
98047
97047
58213
23353
15633
96659
79184
12762
48498
85034
48580
2970
84576
18289
89225
39250
4182
2363
19138
89726
41222
33788
62165
29279
14205
27613
12252
67810
31236
67655
16066
64071
41451
61178
41796
54780
84823
5228
5305
50746
83772
32994
2679
84544
61575
50500
94801
87870
97874
98619
48314
20961
17439
41561
64947
83898
33742
50793
82378
86509
62064
87270
21169
49450
38450
96605
90053
86021
36714
50211
45654
53351
44817
34917
73528
76065
95872
40578
57895
88146
85315
68881
32307
15624
59956
55005
41234
22158
7840
61461
83772
17240
83818
72492
892
73597
46551
56564
76550
28018
54506
39295
60308
63513
21170
99816
45573
74334
72684
81270
43107
33176
99710
15741
10923
11068
34725
73946
50516
17365
29947
52430
20019
62270
21445
17758
39859
12244
71194
87234
57370
59668
89357
85780
20144
41754
59805
25179
50003
40788
3990
30402
35252
83016
68068
88626
34872
75716
86927
50319
86056
4138
87996
68998
94284
53336
26263
95681
68576
46733
77899
72691
16970
98377
53907
81931
60822
18539
20860
43910
83590
57852
11706
895
11005
5828
8789
25969
27806
23685
44433
77769
83113
59598
38288
77159
33826
67748
81881
24097
75037
89318
1960
1445
27960
36204
88436
58702
27490
74267
67407
15965
94875
14862
18789
72311
94665
56826
77726
26963
51284
67622
50723
12811
93461
25091
62941
77676
32743
93383
84219
70563
54680
54029
15707
47129
8957
43258
67433
30884
94102
97664
96054
59982
40367
52538
26025
2084
54400
79397
94406
53160
66450
48491
22403
78940
40435
24116
48930
72708
14506
41506
80510
60863
33110
36806
10343
37023
13428
29765
78990
7865
68171
20616
69945
88897
58101
25426
22091
98243
83074
18178
38914
39426
93589
70080
35861
99945
97485
8552
46625
22009
66043
43980
82124
677
53701
58151
55303
71753
170
15689
53378
67680
73660
77117
74824
2781
86548
70337
41446
87573
55439
13927
89890
55901
386
2170
99877
60536
25219
57647
13940
67012
64600
73776
7434
50394
37208
79342
90134
76572
92757
31209
58873
76981
29550
17357
6555
92851
91049
14151
78338
62145
95217
5787
61169
90799
56556
39856
88258
92288
45467
66989
58017
73525
55329
64763
93148
80536
1698
295
75734
94394
77659
1341
77635
50565
37540
49908
40335
59451
48370
87770
88615
51642
99212
36104
48115
82778
1723
7057
2635
70606
42075
64922
36657
82148
71504
47626
30876
57511
18298
64246
61439
53697
55999
84997
23821
68724
82834
38571
76048
41784
1291
97220
32692
98617
99798
99814
25526
17085
24045
12974
97544
17458
4128
84215
22184
7375
4181
57667
22876
54958
60273
76315
77337
13072
34062
72125
59708
69910
25794
7331
66123
10057
33149
24940
24508
76321
82067
35201
54131
99739
87123
3256
35523
17661
15234
22959
76953
30971
10544
70225
13509
64313
79466
26484
99212
83469
27711
46096
27172
32587
18031
70902
41887
64395
28277
58664
20028
21946
86821
61020
69993
71200
73087
29616
70708
25087
11875
62837
99503
98331
93256
63572
78413
13233
2419
55661
12604
97008
55825
15682
18514
19590
1981
99311
44475
26918
13724
49221
31443
83838
88493
15585
78228
50851
56854
8646
71080
7780
48476
8376
92916
14202
30943
3957
69367
94219
14160
11210
844
73570
69930
63942
32686
33486
45532
52655
65505
53221
57258
79291
71928
99988
51730
32462
81177
2299
86621
79102
10604
95530
97809
77139
18090
7721
54490
69980
54465
60478
51717
30387
46423
62772
41948
64011
44218
71230
81236
60861
52563
91900
93698
99660
62367
24720
18696
36033
25537
37517
47923
62829
2386
20265
60874
82953
33776
93596
55975
17049
59826
16104
43600
68994
71052
13303
20386
46068
6457
73617
12071
69175
11961
80374
23306
1195
90582
27255
10539
79254
8170
16799
94287
15981
38862
87318
71997
46996
90259
87509
78096
9876
48044
21475
33507
35559
98775
23028
50422
85722
70769
94494
38147
27956
58491
77646
10305
71943
63933
62694
37798
27520
1769
46627
42664
33756
30910
51095
14159
55777
21295
37509
74650
25031
24732
77217
63338
6643
3398
11021
30624
30097
98310
54351
83049
26501
1701
18741
12393
81140
1798
50099
52084
11220
7839
42993
86089
61961
32940
57084
25508
79203
8682
65333
14887
65557
45912
19669
31413
55355
34143
99925
82724
24341
69032
43994
51371
1279
56111
60264
36205
2872
72975
50668
68650
30522
87184
7627
61408
82864
34282
62020
40976
36469
83341
25165
14233
81199
3486
88962
1766
31883
54923
90070
20463
44902
86290
57904
81654
85888
62438
94632
69605
47982
73582
14068
86433
24445
71011
47070
33675
92742
54310
49865
79397
92412
92101
44852
7788
91912
47773
1106
1825
4607
43265
18623
94233
46370
57462
64999
81323
86942
71433
86425
4757
94834
16666
31691
19564
93638
23812
69461
84260
89462
25957
13442
58732
48540
48237
93445
95216
27163
92439
17897
74549
34106
27667
78387
9729
43957
46827
63595
13539
15141
57191
93448
16744
42233
65673
27969
74025
25247
19570
56545
47684
16007
11269
28659
74286
26496
65829
75927
20243
28304
82493
14902
30449
69491
67792
6922
15542
51757
17226
67488
85285
94724
41887
24139
50260
3645
40471
16508
92018
3831
63682
96813
81364
37810
35091
13401
20481
77460
11678
21713
20458
24971
53335
83545
69108
56189
65476
95330
5154
47916
72722
77
62021
3093
63395
19781
435
22922
97708
82635
97966
41809
80540
81823
64160
1430
59027
62095
84517
48590
91778
790
55019
25340
49038
64269
30867
63250
16692
18328
93135
24376
93837
32382
40579
79387
49312
67882
643
70838
59467
23343
5926
14816
16325
16681
24262
22160
47449
54943
53436
64316
1364
32850
44133
90164
81053
16766
99536
74904
28511
20526
43525
32249
82423
16199
50766
53531
98532
34459
59116
6954
55059
49382
7347
25836
27401
97246
44261
64597
13456
69828
31648
39294
44930
43112
50779
60038
85218
67034
54522
32347
97232
56082
5886
13937
9239
45370
42348
39567
88017
94842
24659
47866
55421
81918
43974
33843
91354
75849
81140
79209
76559
793
6917
17398
75973
64640
92765
73532
94861
91182
17371
34127
74090
75099
87567
16976
92638
31850
96103
14208
71679
29928
19369
27251
71308
78180
54428
12480
27334
27383
84881
47250
12754
25450
54544
73882
96665
50026
59266
47651
35351
6573
86671
62812
57202
98785
1927
72731
75412
42833
89641
60999
40845
66424
32843
35912
42004
33774
4746
37716
68579
83041
91235
48824
65547
54578
86986
37489
55401
1422
28452
87902
23381
89899
72061
27897
31982
92045
56842
3016
68879
76634
70607
14927
8099
4820
4102
11050
20911
63888
33479
22943
2252
93867
56193
82373
74492
24215
71246
17902
37517
9966
24075
92603
45029
959
93767
14108
6382
23846
9381
95369
73627
66505
65033
66106
38770
12939
97746
79171
11245
1824
47577
34215
19237
90112
65866
43648
69053
71454
90643
2084
71523
97909
16986
92130
67239
62054
88690
35773
64210
43001
40767
84469
41597
47209
88495
82506
39393
67000
75587
64446
89384
69809
10465
26556
43292
17542
62821
1480
89943
94852
58134
97389
35660
54473
98986
49926
28316
66918
33356
85811
8753
22509
39882
3080
37735
87348
45519
35850
20627
41293
23151
31375
67165
2861
31252
36130
24892
76288
47554
57993
19594
