31574
86669
46420
4014
93006
52549
85671
72979
26349
43661
46638
88533
47391
30591
75975
2735
25999
89258
31658
78053
13870
61554
51114
87992
13607
93739
79641
37173
56602
23887
1920
24919
21128
47959
43811
96865
3157
19398
76934
75184
23958
27955
41745
43219
34104
9804
85575
7391
7331
32364
78535
50162
98418
32643
8875
13860
9402
39849
1822
84790
89473
71934
56795
56052
65119
70230
19588
88233
72959
26010
95583
80757
32233
44103
19546
45408
38502
82879
81462
33611
30859
12629
11930
22457
11011
96158
21754
95124
34226
97116
32619
78914
28356
88154
72317
63290
91785
82391
91663
34622
71282
35487
42453
6225
90860
50609
78534
81624
69169
54054
61685
63021
35821
56084
45194
22411
97682
99148
68127
86225
58112
72205
73098
79001
70821
75167
184
28120
39846
74299
74575
82559
67680
79268
63257
65950
21509
53319
80512
37243
36490
20069
33939
53554
4850
35776
62158
36663
50486
84184
55571
14157
89891
22739
47880
49248
13678
50328
38079
91703
53020
99194
1002
22248
74970
89625
61456
7875
47427
40584
40211
79377
53575
4229
33048
16689
16055
22677
69015
74389
55306
69310
50973
66326
18664
74136
17634
31220
53453
63313
7720
92712
15883
1607
24759
8174
76153
12269
14385
60596
69071
42994
57524
1574
96625
39107
53827
71906
35168
47610
39557
12861
75079
22422
66898
23292
17883
46958
71941
67109
16059
48662
27510
99909
89499
80368
52843
73149
45445
6931
23463
3623
80441
76713
55723
25479
35595
90783
29898
11590
3906
23366
86105
59309
21921
44802
97266
42436
60878
75280
94110
40741
59007
22270
1470
59340
3131
4200
32176
85772
47295
86906
25358
59869
32790
69580
83857
5410
25031
55996
94051
7475
41559
53938
91220
37130
57192
55611
83656
62623
296
43643
79448
35197
45711
8426
34392
5953
16736
46847
13425
75959
66356
51903
4584
95119
6411
388
26015
86344
49088
84033
29976
89059
41026
39958
99365
21396
37280
76621
30723
24542
45917
23207
12680
22791
95879
57853
79760
41376
8422
92584
37139
5080
93921
30556
96719
47569
14062
34312
97865
28508
77609
32675
31641
16008
24499
86354
32233
39257
13459
98889
70624
29977
12395
91982
89459
3
83720
59997
98504
69883
74957
93666
55449
60408
60604
12994
74850
7242
3685
12142
46093
25960
46339
32190
72336
49847
91488
74563
77522
68807
32456
91451
26632
78024
4809
10253
11394
4527
35251
55612
67036
26654
17661
75030
94156
99706
27337
89367
55230
59911
49855
22644
33575
27020
75771
36320
54459
89285
87494
61706
4482
60005
79899
16769
91179
15775
45284
49738
88021
16099
62424
44878
97700
29295
58557
13697
36890
41525
67972
63067
40199
68955
58497
99856
80601
28768
97176
16157
56516
58331
10971
22177
18852
81488
82731
32024
27373
91930
28115
38838
35840
4902
70212
10846
26846
86430
48886
4404
12474
56839
2163
9371
60690
92224
86674
45720
13381
80400
73909
81543
79625
47106
70780
10283
51040
14686
55939
54817
4195
64398
37665
21034
37436
83239
14079
53675
39482
74968
88480
62705
75714
1916
39956
60406
23719
72264
59022
50152
66893
16163
39111
58964
19222
79869
28352
91614
76303
84787
10658
32464
27779
11656
83203
33805
93510
17636
3031
92657
56610
36175
89584
65331
21472
31643
46061
79379
79912
67249
93613
40837
92790
76932
69399
81871
39332
53489
29222
27254
21513
74764
59502
55505
34435
30717
27094
1315
70678
11125
42174
19955
30191
35456
49399
26579
16966
93762
53001
77366
46787
50400
63008
50083
20303
17469
97046
28256
52868
2983
35007
54171
18470
66055
48958
47284
4279
53328
51523
20974
90439
4978
36016
85953
59701
83065
28370
69975
92498
61262
11159
55970
6458
69942
22322
61248
11040
86817
19841
94715
77471
69024
5927
66022
66382
29861
97545
35812
57051
50343
58360
204
58460
14434
73270
12727
88692
19135
22265
9215
53373
56567
10861
70086
999
64057
86363
21577
1881
23655
46440
56102
99011
38816
79375
11896
4312
39800
97163
52247
81312
40229
75318
59540
89653
51349
38056
34123
82559
12361
939
14293
72865
81689
96702
80420
24834
11021
22454
18665
49686
50772
80284
83037
96724
5377
3373
10715
83491
58603
29620
32570
48220
24162
27794
44169
75683
53139
11463
17473
84881
68737
34909
27248
43009
56103
85402
76264
86106
12077
28787
42481
73660
96799
9762
77847
5624
96618
97695
99115
97542
52649
60578
68744
24865
98360
12143
28811
6679
48432
84354
74491
97583
58726
99453
41225
84940
69247
84242
77772
84892
37871
50306
15533
82899
76804
76625
44652
57915
63547
12292
19652
68958
66413
67895
59653
47818
65537
92950
85511
81275
95185
14355
31459
46838
47136
63392
13313
48817
30030
53863
82987
22341
11205
78652
88682
91303
33350
42184
30968
99799
4545
56818
81949
78150
70349
38897
68936
5320
45563
30329
53980
51960
7976
87213
32001
73224
92669
28699
94163
29161
97119
41532
143
57022
94060
38843
74295
3051
99340
18036
13493
98349
27181
49473
25713
83623
36355
2075
55510
48514
93479
92695
48603
54917
81265
63595
20396
2412
27581
34452
40602
36209
44638
82210
29422
84788
88660
39551
77270
8968
44831
63724
21179
62358
56530
80120
64974
7694
58067
28439
37309
9523
34732
48162
37366
98695
33895
55385
41797
74677
4589
596
2636
30348
10377
65811
44207
80014
60338
15544
67963
70985
22193
37886
13716
30151
52584
50901
59888
14443
42025
90784
26178
42593
16955
6861
60916
84581
81954
706
79034
97852
17049
54089
77274
28388
7774
32109
70421
53421
66363
97793
89250
2437
86842
98457
69286
59848
87417
29473
20845
35530
48739
2160
47551
3633
92357
97522
8138
18201
87872
87602
36081
17741
58071
29262
89722
95941
67164
66650
79093
49734
13953
14601
36022
65889
51706
89155
47193
84742
94625
51246
5188
71119
43523
11017
2586
7819
77689
62626
8368
55111
49443
5480
99930
32606
50057
95604
55787
97046
66477
74309
40200
40650
41550
31786
16053
8915
13145
180
12443
76323
38579
74718
42552
97728
63646
90259
40871
71517
65890
6469
25852
85356
89862
99331
92294
11645
37329
80289
30053
80702
43673
18175
83818
60979
53196
47004
96776
80960
38009
99285
98326
48364
19958
97347
19037
37048
24954
69508
61566
34117
14937
37154
76941
73260
847
31768
57125
64491
48694
99273
8655
49558
62184
43970
38273
92252
42278
69842
97353
27821
4968
1853
72302
24423
53665
57009
41976
86044
92572
83040
72786
17800
7063
2899
23339
4281
38249
76567
22002
52243
63624
29232
86677
33146
80484
44361
74245
87268
32901
99965
98895
64334
8116
53739
27062
11048
57474
92388
32314
68105
66420
67408
38041
78624
13335
3066
85381
92359
28431
48968
83783
313
55336
68931
6482
3965
95296
29628
81398
66636
27780
66676
81902
82880
69034
48814
89786
7993
38306
16177
92933
94260
63146
22107
90926
86446
67962
93487
75238
47343
80032
55745
70966
90027
46555
45989
35619
81518
36246
32894
61089
98367
78407
76135
67920
51979
23844
89714
86086
93907
78732
13623
76231
65320
34578
30527
36977
25113
17833
12654
40547
15381
77602
49987
5797
44660
69743
27038
50386
96290
57354
29286
98801
94515
71669
20832
82771
49151
71190
60915
90464
94092
19347
9607
24334
64238
8074
35564
70159
96441
87100
50439
57161
59659
26602
36891
40031
97914
45933
23847
76517
37785
14056
24063
89405
9448
41836
27657
63887
19306
19545
66198
60805
71082
15117
69145
46332
68760
60671
98644
45936
65898
9346
15846
62829
41765
99351
96619
20997
72066
74032
79067
71811
13439
20532
21990
26338
31386
57452
2169
58338
97339
7307
16757
42432
5720
118
66490
44340
70536
22460
23816
38723
80685
83456
46430
29643
40199
56186
4853
16060
49235
31576
38120
9993
94308
49783
85366
51557
16343
6169
81276
82698
61999
18811
83979
45465
86615
12466
85374
1604
97642
90291
37924
29563
67049
37247
86508
85231
66122
56899
39247
74726
54434
24368
71639
23232
34711
5643
65782
24611
38699
42602
86057
77771
99721
4550
155
92692
30234
38991
98281
25017
87384
35370
28883
51958
29237
44707
36854
82524
92196
187
23769
10946
16331
59418
9909
38308
32041
44553
73527
6301
7121
62634
56584
25853
97409
60089
93324
20102
76288
33400
31595
96419
67851
46621
84848
31068
47763
99903
92481
20344
32392
93682
8440
84784
46483
77604
67106
74998
86350
50858
96705
7579
74862
91516
4002
21926
74655
50024
80277
79080
29022
36080
25460
11968
84979
33084
38015
5099
59885
47241
60201
37511
2410
18264
77434
46061
91443
18255
12550
85894
14518
19652
14929
42623
43470
32721
82
80149
17252
86584
90505
20117
88131
65903
85452
27034
10009
62361
44878
71134
5191
55418
20487
96251
53728
95090
90815
41103
71519
99213
51756
8865
66360
77720
1359
87372
39271
13584
12402
58441
90340
50642
64311
89730
30036
73703
35204
89654
16311
68310
57151
88977
97000
47583
49241
96190
12602
48845
11968
26286
28799
67833
15470
23563
65144
53425
71051
90559
32673
51152
12103
11736
12462
2869
4900
16877
53450
69107
98646
3446
34380
31585
72618
5631
63489
8602
78302
45147
26044
92712
53982
30907
16017
1370
8366
47293
87199
71358
63465
26693
14406
54219
37830
23450
54327
41283
47781
19190
46988
37999
2353
88476
94834
79187
10670
33228
13924
71877
87484
3894
52143
76957
45564
20837
93245
32675
49722
10365
33303
99033
13786
53775
84606
2366
79791
85000
75644
28801
3760
49583
79745
4715
95993
69424
58553
84719
50925
89125
25306
76513
98013
36540
51456
42230
99399
40016
95117
83254
53777
21287
17997
186
15579
54261
45189
61280
19856
57570
88713
11160
97270
59257
10907
64482
43196
63196
62988
58216
63894
69963
64227
84206
40555
37808
32771
98277
70289
75956
16510
34840
26240
27346
49961
18540
14317
30296
56146
38535
59265
51391
65849
43989
92236
81474
8022
55018
84247
79368
68796
69561
41467
61037
60517
56255
16909
29466
70292
67664
18047
82713
60430
95282
67139
44998
20898
11202
25939
4947
84786
42729
70061
4722
66294
68200
56995
50369
35056
52059
50718
28169
19220
39857
57579
6218
52489
56852
72780
96998
97753
78493
8761
7727
28204
69405
79765
7902
70270
19498
16198
18312
65352
55463
2740
50514
35150
66834
77666
8692
75421
15501
96096
98384
15995
24339
82351
28557
26591
50187
13496
40783
61976
6370
15550
96464
24690
52759
28186
63948
5542
51082
12634
23686
64605
30358
12535
79545
50628
5194
38365
23905
15104
17501
80867
49132
23003
67050
49952
27616
30040
97223
48035
49255
99630
8556
35402
43855
48450
55981
65830
34538
7889
31006
18664
7523
81241
90177
69705
10705
47038
63050
36673
98221
95689
49585
40683
38346
54678
85609
43672
54236
16575
61548
10007
7079
60827
63311
87875
90949
70638
71888
79313
25361
56593
90396
87658
56292
65342
63311
12931
24483
7781
27675
26952
20044
43651
96717
94113
93450
23132
98300
30708
78217
98706
52921
95406
41754
9657
17572
36868
83641
65903
70847
86631
80759
6928
88924
72964
71074
27241
56318
87096
73422
14293
35685
81811
25596
55774
90641
42151
67553
41512
53277
13195
73667
52755
2230
79394
57547
80393
58944
26529
68036
486
76927
23107
8434
43011
49516
94503
9156
5150
29286
13655
91180
27677
5462
41224
51218
18182
90366
34638
83808
35581
81548
28826
28096
77267
16704
17720
31460
79719
74598
97359
91618
69581
94188
5307
32597
42060
5026
27437
75579
28933
8758
28885
8939
1077
42040
11222
64834
22712
3302
9543
30399
42647
25333
55530
74472
8914
50026
54513
84742
51423
67531
60998
66313
54636
20861
39817
97230
20216
81240
87660
54339
22516
58774
45999
67680
29324
39255
66786
78043
98093
76037
19192
87156
54722
75007
94806
75708
15685
68723
26750
49354
50785
31765
34604
75000
35979
32836
19430
92284
66041
94298
41721
26595
39157
97778
71299
79576
11250
4524
31538
3674
19292
9757
43554
60927
7200
29881
10374
34946
45129
43263
36864
82992
74582
47056
78258
43885
67859
29108
71630
8629
78887
83883
22357
50856
10649
95433
66048
64093
44387
93639
79973
81135
42605
7009
16904
68936
49193
94242
1496
4332
1207
33714
21669
96395
62780
79033
72063
58504
18636
83420
67642
49348
87310
59200
71874
57396
89734
25567
15181
12934
79698
26452
47526
26593
43159
22779
90540
31693
3738
49250
47912
15854
78549
16146
89928
72007
67692
67010
88455
18789
33500
49999
12379
50472
52423
17017
39854
25354
84612
32992
52322
2630
69755
43152
33066
1059
85946
13857
26733
31382
77131
50505
75919
49052
70968
29572
20600
90287
99085
90967
49362
45869
50742
71959
33164
20784
5753
47346
4410
31582
71270
57787
79264
12462
77869
88738
76512
80868
81565
70725
10991
59560
53553
73204
28296
47510
32
38375
54539
46711
87640
22378
55032
50837
71596
38854
18014
72760
36250
49705
45328
68908
14116
45220
51368
68545
62710
25488
21333
11790
59884
96082
52287
73405
19483
70676
75515
65356
91794
32816
63217
52786
76366
57249
13180
67723
81988
11489
39398
83637
81879
13601
39708
94865
59264
44054
50409
58494
12886
31550
15787
98157
3999
78466
42114
42507
46054
45662
72356
23164
70566
87366
28155
64724
2916
6909
74728
3955
74346
26193
66508
15751
91605
44637
91006
43131
27653
25463
51398
8773
7471
34080
79310
74806
82681
63360
47606
5960
99792
19706
93319
50190
47293
77780
48341
59166
64589
32532
18373
52790
58431
54405
29059
83972
49739
20029
62947
4070
52022
20810
32473
49661
37790
948
47806
12550
13424
35217
71717
29071
38995
78874
7636
28008
92588
73038
98416
80320
13130
8636
58167
63367
47329
20667
8664
94497
66985
57798
73163
9847
18827
76021
65488
16648
95121
39946
60163
51533
95990
20515
85366
85739
22053
14076
5986
46823
78825
46321
81567
41183
41445
61232
79635
37489
4658
73913
87797
85698
98204
36013
66116
12627
63489
74412
75941
63461
37833
10479
10662
50648
98623
30242
56430
97521
31790
39405
64045
27804
97517
61523
89422
19118
59231
17658
32240
25828
85547
74695
30206
1798
54437
7946
22142
47583
14591
40266
33192
68107
31018
32803
4246
471
84888
22929
86003
33985
84033
95324
75710
55994
59562
42437
4225
39438
30878
54992
750
56058
38099
8492
81521
59133
51952
11485
72600
85115
95432
52995
47226
15290
48858
71776
87128
28517
19733
66316
94394
67288
91593
34252
85787
79879
51837
69399
23147
52263
79061
98183
17468
75651
44227
82206
43988
50902
46859
92650
73497
54614
94993
63134
31599
84656
44201
80463
5699
87303
95044
94282
54637
34883
37951
32510
79551
90033
95935
69451
32979
63252
87969
46221
96100
32976
73366
46231
18553
85917
37805
23892
55454
81675
51540
21145
56837
33611
14618
44730
48652
81737
29607
93307
57365
31222
15803
82455
80784
47040
1782
80852
27577
49667
57922
12312
49249
49863
36586
61158
60770
95838
71814
48532
30555
87524
71553
2195
28851
82290
35640
93753
54525
28150
1100
27963
55315
6192
94106
496
9271
40520
43519
13202
97807
75067
61417
52041
67149
52882
77301
1236
24693
95
34959
33437
73015
53175
75270
74175
76326
48457
72307
96224
47309
19899
16908
43926
247
69511
89246
158
78378
62614
41259
33643
44504
24886
49957
6610
21380
13337
35286
53905
26446
59717
71261
13003
54763
49987
24450
37732
74229
42094
53048
44131
87263
4499
93675
74427
92569
19575
54648
6064
78535
19824
9100
1494
19472
83524
26295
92015
90132
71374
93901
18936
2322
84070
54699
84111
4828
38084
10313
93690
87580
11123
99767
17015
9048
74800
72361
92175
12899
24426
31568
97802
47733
32479
83583
70608
38858
76789
3160
17895
56342
98301
33993
89688
20459
28171
9891
43396
30326
7707
55794
13633
37173
30855
64291
72829
44040
91095
92024
25142
16584
13998
52693
7982
85319
45755
96913
23606
35796
5998
17222
248
74939
60424
5167
68416
32111
63139
97689
50312
5134
26758
23444
40780
14343
9043
527
79394
394
598
71666
42299
84022
9765
33048
83072
41194
34186
35103
59283
33206
5076
34143
78890
64133
95460
61876
89107
91114
58712
67628
83955
87377
29288
49770
83908
22374
75822
74047
33744
71321
44487
72183
68861
36786
25587
5856
31322
83555
85832
22334
81141
43476
28514
75047
56504
42354
74133
49754
56201
87384
77499
38243
38932
10755
77894
32487
85149
14063
60516
52910
83900
65203
43920
72882
74647
54390
69971
84191
9566
25520
4019
16376
36588
84324
97724
55427
74470
28650
2625
56465
29426
77974
36693
89849
64986
44148
56341
77749
48076
59074
22779
50889
23907
30794
47866
2059
42694
95911
70855
6307
37188
90520
88471
13577
93417
83629
46283
30836
12790
32025
10249
52579
80955
10869
61119
43707
55808
21820
55762
88245
26208
33504
87783
30743
78945
87599
90906
58926
1694
94335
46777
42120
24880
32401
11495
94409
10516
84803
72108
82920
5921
40363
21263
3530
83513
59972
94924
87943
99101
32482
30764
90593
41341
39133
96682
5312
51160
44343
92673
64484
92049
12784
37469
96313
50436
49104
7781
34628
14879
37801
14705
95515
6263
92871
33600
30340
21428
27780
83525
31716
5331
66784
41726
95900
3721
28005
15902
11580
18714
33147
10311
93934
77330
79694
62295
27762
26788
57630
33464
6001
26484
3433
92689
60619
32919
79714
77138
50073
66092
38628
87245
27267
7081
90127
59411
82693
18059
19776
59201
46450
14611
92467
84170
17643
65081
10282
33555
51582
32799
60566
66330
67223
78469
37615
78934
7750
52842
92216
74390
79555
87614
76774
84822
72615
87034
41146
89821
74746
15997
75921
81673
32673
17983
18072
59095
20338
68728
3495
84576
41804
11479
46065
22171
11409
89191
20032
23523
51210
75323
46314
4194
97362
74769
88645
46592
37794
40048
5155
81628
71930
62925
47637
36022
2130
73307
61764
53506
69913
36455
92983
94457
13181
40357
39556
98145
79068
43442
7473
9889
99142
17625
3900
71554
17187
61074
5131
38503
99268
26589
78397
74711
28406
23772
79313
60255
24509
28221
1051
90836
52001
34093
321
69785
49871
45260
77870
62422
90661
57507
795
61347
55465
37763
66416
19885
29777
62864
75121
57345
25495
23168
5588
21264
35411
41019
47554
53916
18042
91690
38910
65232
71511
36224
76794
53291
15623
33086
99929
32658
56680
85628
60653
91574
40737
47086
17270
27203
22302
20471
81719
5609
44469
99043
47562
50329
30148
64524
60093
16492
85037
29825
76191
52872
43854
29861
72113
34821
42907
95201
72818
24409
21554
17730
63843
39369
24471
29360
21882
18642
37079
51966
33082
46598
39950
24570
28284
72372
14193
86127
8108
22789
68762
15462
72878
94461
99481
76413
97332
12867
25013
80336
72961
23342
30647
40608
26436
15842
33823
15538
62485
35328
1565
32354
58612
6422
92840
4530
4564
71655
19661
29704
12315
50801
73658
70280
72266
91848
68399
70864
23363
36133
99305
75104
71537
98747
70982
22759
32625
99547
22715
73978
82550
69659
38517
41245
7228
36481
99667
95680
72037
390
78604
30987
17862
621
49047
60112
39877
40859
58579
34390
88360
71119
31077
6995
16475
81976
1611
14357
56883
90989
77012
31993
52429
93439
99643
13940
80165
34714
99712
65229
77076
38927
58112
1138
40296
35173
21068
33206
78590
10199
96967
10610
62926
47004
74721
13958
87657
64603
9725
49570
96964
41423
73288
97330
52452
95657
78100
18256
94471
80187
24110
46785
56334
6990
97542
28618
70444
2340
12283
64473
65304
88576
89285
60151
43451
42384
97221
78530
52493
57059
50161
64760
6520
2685
8886
82754
82010
84917
67504
40867
6632
23893
53670
55644
98663
40439
16393
18292
24752
65432
32693
5372
18180
6530
1726
82599
7269
89653
79915
68089
21965
22844
52476
18596
53833
18649
39253
81068
51117
4113
95142
68278
13284
18488
13105
25858
74054
77422
80627
6992
61430
84364
90968
498
53249
32516
8792
98475
37273
68276
46706
52373
23193
15109
62912
7496
4937
76251
1023
85511
57759
54087
18691
43622
43136
68998
29042
8049
90084
64363
97964
56083
87012
5563
49802
49224
86982
98235
34203
11812
7677
44799
15071
19513
10974
89396
57197
71244
43785
133
41697
65810
61239
8419
47313
75789
91970
20517
58440
89274
41118
1675
60985
46762
21381
36309
82858
63089
49592
17754
59962
30416
4805
70428
83839
65953
61168
87288
55614
12243
49278
81868
12205
27461
54834
66785
54284
89574
89213
97621
93489
39505
4409
43271
76679
52207
35230
71849
40138
80143
93263
22449
85532
75103
47085
71359
26828
31552
4092
96707
53437
47179
85734
39520
58904
19169
8511
9061
77947
51719
68559
22138
60322
98979
65633
7546
58896
61707
43263
39170
1124
37299
56592
88205
55929
14991
34954
96175
96031
35827
99231
29251
34474
80717
79062
49276
49829
66058
39462
79861
52200
80316
12854
42179
70560
74784
94930
68765
12296
77596
97064
15058
50302
99704
25591
84117
65319
23092
18949
10191
9451
66184
66271
23346
11907
37784
38767
11015
89153
20953
31145
60996
25871
54641
7510
16616
66196
97528
13066
55081
79929
29879
53086
18584
48678
76636
72895
7391
19255
94752
5682
19947
77870
74955
74048
69692
80551
58843
85578
19334
12230
47110
57516
90885
39328
17317
42831
61287
39883
25386
33537
97411
89353
24049
56177
38206
39432
71869
18509
17126
13487
92117
46381
20654
4636
68683
21801
68675
3067
28259
37305
38783
82163
67256
8634
25936
27381
13096
58731
31366
52466
58758
69439
83226
71839
11667
51773
939
47492
53427
14323
36832
84332
24289
5957
61288
64188
96501
5294
57959
6486
70215
67739
62118
99752
68770
97826
16042
90868
65876
55560
38305
31630
47219
56129
82491
50499
90335
74213
40593
19513
70314
44861
78427
11421
26569
83961
97591
68646
16675
61029
22735
78815
83376
74121
43379
80860
57633
33221
29065
5431
77879
9420
47841
4206
39015
89494
43426
23605
78123
81289
1107
99326
72570
4910
40617
41515
79065
25764
37413
68077
18944
45098
81153
25043
94458
19080
59020
86756
77224
71952
88117
29899
90716
70977
80831
56393
69204
12651
94396
19053
54182
79434
49162
34891
58931
60319
20727
13611
71220
65809
2667
77080
93502
78266
53669
60375
61707
51535
83170
95807
48713
54317
82464
70230
51606
57531
66242
46640
26980
51898
60244
20583
68265
95286
34709
58970
19509
90269
33999
24114
55570
78451
17298
72516
9426
9496
87919
30553
8409
47576
1480
50024
59685
88641
83380
40544
4810
75148
84563
34535
60973
56184
29861
21959
17701
54702
72327
69644
7538
59187
41982
21156
80481
17128
82138
50455
66593
50681
36155
97854
58081
10395
71773
31173
6072
48700
93270
57161
61874
33462
65686
22374
16973
48256
49518
31200
16664
53124
17044
22259
57608
89483
20196
89499
98329
78815
91511
8566
40251
6066
50603
17163
35706
36062
59408
25162
69112
50834
27034
87585
11563
20556
95886
41586
13781
4316
71799
66154
67331
24245
85637
48572
69583
67075
62003
36500
12004
6897
43913
25902
36185
35926
75083
80799
14543
18159
1775
10688
62906
44530
24908
17943
89805
25707
55749
52899
41174
17707
49905
9635
27909
30237
71904
67886
3075
87416
6085
81820
79451
74932
4421
286
21210
77038
37602
55227
58228
60648
31360
7224
40649
2272
32731
11020
17489
52368
40677
45498
69980
23759
71868
77759
11853
40351
39788
38153
70351
86947
21165
64213
71838
85977
88056
98522
30461
18870
51694
8808
31636
38150
82595
73203
38293
33395
11579
38276
29089
70798
16606
62233
65852
55204
57056
90010
96983
60517
4537
74002
66323
20045
21615
76775
86713
20115
3407
90318
96853
34702
27484
67147
94731
37582
30825
4674
12115
73528
80450
60696
52178
65097
9824
79910
3713
91216
69986
48558
25011
8200
55538
95372
90653
72953
50180
60435
56203
8170
26505
65707
12651
50395
71467
57843
65422
92357
74923
75677
55245
4169
29579
55454
27241
92266
12535
94607
79350
29078
80157
77332
17167
20926
30056
9807
21748
52123
85181
29032
29315
71757
85730
34443
4548
29251
54049
13203
62910
76909
35032
29879
87120
6058
21985
32044
46025
31908
5744
54703
16532
5562
35224
16691
10912
82545
86431
79954
68464
84616
10106
99013
44244
98406
94145
92027
54182
49960
90013
16750
77371
41523
18596
87100
97411
73074
16788
13205
34131
66864
41008
74345
18968
47535
36749
1794
41790
59202
96673
83509
26258
7143
88924
19357
92712
46219
42133
25300
95878
82759
42751
58691
95276
35786
96810
81795
41073
57118
13175
34294
81997
52341
10647
76644
78559
93181
96638
19069
226
13633
98499
55231
33283
99377
95435
57234
70894
47208
97790
41787
96975
43997
26558
24152
59576
24493
92486
21055
95444
68765
31584
10977
40645
75083
2155
96445
43766
66273
56850
69188
85835
38386
59624
93254
35847
55250
82874
10471
99475
86333
48059
8439
69859
54861
24809
66874
2431
93125
76253
19541
31925
94652
96238
34609
54094
24179
67724
70527
19110
23813
20435
24811
68143
33099
53394
21468
64497
27047
47288
90766
59579
20667
25483
90235
87583
72519
6998
48734
33062
10678
95333
27634
31893
39591
20386
1907
3771
18302
471
57920
17468
36549
20142
78330
16105
95030
62056
66202
17239
17425
88665
26526
87586
18554
78142
98263
44482
56910
70974
30492
23511
84014
30939
28982
21919
46046
44958
63377
12791
52168
59984
19161
67046
98860
7146
63113
78998
50168
83171
34563
54855
80667
59406
61367
23668
9325
43246
30743
60776
60292
59015
16835
59276
56872
60853
52208
69894
65192
153
73636
78228
41284
15019
85701
11897
17610
93878
68322
94294
60876
92222
70557
34271
63065
23462
40052
24888
79893
19442
31935
76012
27858
19730
95047
63875
69283
69265
54808
47842
12392
99420
82083
67827
81757
6422
7217
34134
69430
24366
14034
12119
57243
20404
70177
7882
90215
2104
28787
94155
80608
6676
87498
79126
5418
95512
12534
68048
91976
9435
99849
5102
61152
90431
68508
57556
64080
1694
47509
18909
40405
3542
21895
76735
81309
97132
1477
381
20731
12539
7005
96510
77481
23096
37438
73767
20883
12461
32048
97992
57762
70171
2573
86235
60906
27926
47929
82682
84702
68219
2709
39132
54876
53401
78235
39508
4344
47226
27611
42396
45877
46564
30856
81303
90457
18000
14454
57520
87559
55968
74528
57102
37754
7494
23517
46142
21223
16200
25770
22766
13120
184
7504
75831
6913
44384
59800
18894
29924
93579
96652
56450
19668
24648
48233
38958
15564
590
84929
18887
54318
64745
75164
99878
21975
6063
10166
7931
12895
99841
8761
93408
37448
2262
33195
26417
84972
60255
28856
917
19063
61720
88714
73474
77122
75329
43294
15247
48465
76266
27271
56700
66175
87348
25229
11915
76226
60048
56232
52564
46283
18698
88662
70505
37713
89407
72098
86073
24602
60004
35189
63155
30214
7847
37191
59515
14139
30830
62396
40661
79681
63940
50664
23966
99271
36901
53231
54104
44168
4655
73009
37561
64673
23228
89001
69184
80862
41732
68858
70704
1768
94310
8306
18002
2503
57481
79737
6019
93356
2745
57222
97277
95139
58974
96672
83225
50626
23732
98040
19136
4221
46305
93757
54170
98531
37182
7948
40768
38057
14605
94856
87372
56009
63687
23542
11867
64684
46282
97813
13055
25928
34201
66415
11958
70773
60214
86637
90566
77341
60205
65470
35653
40427
59460
33111
5381
22139
10664
18907
1256
49832
66165
84268
10545
53951
41295
65319
34481
2051
77777
97200
72882
3984
91634
17262
5504
27574
49160
73673
89770
66766
22783
32285
41374
69336
36756
47029
50230
77091
11865
66986
54530
36730
65481
83428
58786
55395
83100
93845
96271
15875
21584
53978
29878
77127
16954
55479
25045
64489
89872
29064
75452
16009
2665
59857
76782
47074
90436
95049
38004
38877
20744
69552
35148
42632
96057
10805
14176
93305
4473
25845
11923
72111
73639
51766
53500
25421
99076
38183
88117
66582
80937
27841
25577
78511
61831
48221
80019
56230
54947
93608
63203
48075
21842
93600
39827
46643
55088
88099
35474
19771
5903
37359
53998
70910
2814
7311
65438
3154
4401
83765
24086
96773
7774
25561
75113
63761
36230
53169
94074
68433
20940
38917
54808
5095
11304
69629
65872
7544
68785
7674
93576
44055
6725
76880
76851
83664
26745
99827
2633
20098
75048
60393
63456
12763
96615
65308
63132
35846
32249
27285
78366
69264
94564
88424
98101
80041
57324
68873
44380
95744
5295
69892
79483
25226
98710
1035
19186
52436
90514
57404
73910
55580
99721
32945
93643
87157
34747
19411
49669
72280
31951
35135
5087
33207
68934
78944
16549
92425
51778
55360
56060
98669
93282
68591
11754
89583
62941
71959
3702
35632
22492
69722
73436
56136
84233
43854
29979
29387
22643
31965
87884
26087
63111
3393
69654
54822
35285
61502
38803
80849
39849
18748
68727
39885
63286
86763
5928
77218
12819
55683
69136
38487
1539
44696
79018
37535
90585
63173
75588
76058
41744
22977
4118
4276
62413
54874
66348
88687
139
64393
2209
31241
84445
70161
21108
3811
41618
93038
80131
37687
41922
52511
9490
75447
58993
84708
61845
26357
42521
65713
21831
39165
23182
48854
77873
70731
42140
17490
80482
59014
8340
79666
50934
26205
58278
59220
42875
27675
65631
319
37652
97392
69505
25424
36026
22704
83001
48971
42812
35349
77583
52990
92380
98950
3225
77840
98603
7721
1060
23945
81838
57836
82925
24377
28299
79528
62373
8564
3561
72315
57779
90500
16980
49857
75218
86203
50300
48580
44052
34722
37190
2684
77781
53
33727
34271
94687
34286
81376
14040
59766
85025
85373
42557
28158
65633
32142
78119
63984
23599
51769
50946
37117
71492
37265
11036
82323
80516
7580
59560
59378
4949
87972
34748
54695
32122
80260
17048
34443
20073
48672
76895
88100
20080
32907
75805
72237
82804
52753
62422
7124
35017
86158
53427
79507
54163
14705
38458
70056
42687
85265
41034
46605
10708
73061
98253
76051
44842
80462
42320
28266
45077
72583
19
84024
67168
91753
14150
48624
30523
2201
36934
23617
70177
23074
45478
60059
93898
99173
62474
57178
83344
70134
14749
35143
13018
81114
59648
36980
35188
11998
54659
25793
45107
51637
70978
41392
23631
73626
97461
97449
17645
44664
69620
86477
26493
3007
11872
15487
21811
7481
39564
45634
70067
65932
20469
41421
25149
88432
98540
55143
87329
12814
88129
65099
29871
77371
80223
49320
97614
10572
96958
55841
86183
26166
98557
37847
88201
30982
2654
91829
81369
75077
94075
21444
80705
49368
62569
3121
15778
93932
91979
97940
37008
59219
52050
71958
35215
63603
2138
22404
31439
78511
43413
73480
67028
35073
15419
13663
76955
3459
97338
63455
54919
9374
43868
36585
50020
80969
56433
60191
11395
77432
67113
67633
49428
31440
3053
84650
36413
67226
87983
59244
64585
53983
81333
7963
39444
70866
3346
9091
83763
13066
55842
55885
89621
3355
9308
57934
72358
19314
70437
36761
88111
97550
41266
55953
98997
43911
5329
48696
95626
82940
82863
50992
83143
65331
92829
33366
46461
97064
28811
43248
78954
70887
11362
10137
30517
17941
64737
26142
84102
7959
5419
5593
35690
29216
37962
70874
78057
8271
18104
54237
95350
51577
80251
91060
61008
24575
74547
95712
84908
3057
28615
79840
31958
55299
32067
92895
65855
65879
88397
26605
25602
92690
13155
41679
45833
75684
46373
31597
97081
66472
90733
62922
95388
39923
48752
57570
33814
78119
22668
42229
41848
88558
46991
96492
67681
67141
99806
37580
55347
98682
21799
59065
16831
79549
28381
91208
48877
88096
15765
4068
68426
6087
51050
8735
7614
91698
908
49014
20730
66255
29531
98013
36990
16712
59949
54794
77444
64260
48273
34461
82447
42056
87531
9844
25187
1536
10911
33895
94154
80945
69820
12612
62732
37089
46406
75182
84248
19812
73606
49639
2829
31312
10301
47801
30094
66462
49201
82804
1811
60731
90649
94237
53429
72805
82266
28074
26787
11971
20624
55054
67217
25765
66444
52691
47570
56955
66705
80235
5135
8352
14063
75484
39315
15367
74817
9620
14489
88298
80297
11691
15499
97604
75953
51159
70910
53440
93340
97445
94017
11477
21977
12458
52378
60790
64381
33540
27889
8063
93158
75739
46759
24668
24889
74465
92233
13289
51587
5869
3130
41227
82941
67393
10043
28384
94000
64817
2158
84461
42607
97762
4987
58865
11797
88631
50528
16646
52011
58824
43971
62154
88450
66521
84328
86130
89374
51517
23196
40080
41060
63662
3238
73345
86008
10928
56703
34995
90179
54639
41758
26574
2145
12549
49566
49776
9463
17367
46389
14401
28777
90400
37596
48965
70611
28476
14812
90054
18571
7584
649
92337
61807
74295
8141
69758
76906
84611
56706
48940
95425
18506
1029
29352
53276
66543
625
86681
54099
33430
26659
45325
12492
11639
89574
39655
11113
71961
36691
60851
55020
68098
55587
50359
42228
66941
46471
98756
76108
96440
191
1101
87096
40751
37266
57683
27450
23062
62986
28954
83255
44521
74059
90541
6444
64101
53934
66647
69628
83080
68939
7057
28473
57918
16099
73462
93510
78112
61973
33895
60833
5713
28456
4496
86858
45055
37786
13920
63222
2568
70835
60170
46668
70949
58699
13696
35427
64578
77
213
55599
14921
12018
29316
1307
40759
79298
35897
87562
98795
26809
76363
36955
12736
70934
69028
54751
79501
39948
81331
22830
54024
67497
79314
52401
97512
5040
8132
51580
40247
29632
83570
22323
97346
18543
45443
73248
81921
39853
50894
64832
50191
85805
23861
68964
66145
51394
88271
74138
90092
99864
87192
37435
31408
95604
76447
74093
73008
28250
41112
25410
32097
46885
79675
86062
18057
18454
75172
83502
81811
73134
74665
9500
11226
52287
32562
33073
85850
30742
69169
29173
37232
76776
95640
31184
63098
55276
21965
43938
99539
54308
6495
39123
84212
76059
92034
91809
43623
41275
13526
41234
88601
85824
25928
19706
77685
15255
73728
20504
6549
36291
90124
89921
39357
31024
2675
15468
57504
74324
59421
17328
11739
98807
56749
12984
33940
38611
66606
43441
98541
37810
32288
22522
23409
34182
40964
79986
2373
23157
66477
52479
13105
99849
34568
91970
39422
13538
55962
27739
58208
30756
36025
57070
96830
85623
96214
30134
16193
47780
94107
69612
8760
36754
84762
88977
70220
54035
38322
37215
39768
34254
32234
88307
14508
36551
59215
67715
46301
33876
65624
65102
94673
76474
43846
29290
91621
36479
73602
65601
56909
12840
52730
31761
5580
2633
49546
25320
80891
30367
43201
41447
80806
93020
53906
99299
91056
77645
12855
45076
22922
78921
1528
63839
62926
58984
23657
63519
46161
47998
32117
47004
51275
41121
25161
49632
17758
71145
34844
98094
47838
74805
37881
76314
28560
92967
73965
14041
60885
28984
65150
54632
41681
74444
4337
73753
69138
49953
98243
99660
36067
8237
89472
9551
97417
20639
17062
69917
64031
68794
88973
795
97008
74485
81164
43838
30185
89131
7006
11579
90108
35351
39570
59842
72805
72887
63543
73651
82703
36786
35939
69791
6198
78658
85343
19568
82192
99003
5924
30700
66995
65385
89658
6098
21179
73731
76535
75835
29371
15790
58408
75017
43198
85978
18137
33841
28077
768
61708
1033
65299
64255
72293
79219
52336
82719
68801
47814
15777
88973
93002
4072
94723
53093
90977
68228
23297
7788
27240
31596
25452
66973
34495
34014
96358
38800
12381
11615
78111
33497
19778
1694
17771
224
75259
67709
52130
60026
56348
73537
10303
86397
50443
14506
96453
55242
74159
55038
16996
16225
97384
68116
28174
42801
32891
31484
44555
23086
46384
41398
80083
79078
97911
33522
5719
95819
39945
35904
97208
85907
18164
86258
8615
6084
61535
40009
58951
76233
25527
75224
43152
89780
35490
37276
73910
19230
41772
15351
7811
64006
42201
33524
58044
18193
30421
84663
24287
73597
53736
47017
56456
55231
28379
25681
72152
84091
28623
58964
9550
73868
26747
54146
78635
23615
31725
39458
2147
85132
69745
44467
40375
49831
36436
54725
91071
42827
6757
93150
91720
80269
20113
16298
73079
22617
98715
4454
50744
57515
46541
91939
5303
96942
51920
73864
76531
46258
88823
23413
13659
33451
78722
18069
7571
42336
28860
92161
64099
54219
11076
54751
81717
89104
94271
38935
79702
50362
91859
56932
15193
84303
46614
44043
5158
15265
88672
23475
29052
92923
92568
47137
94657
11656
80363
98884
39419
64577
86062
92678
73597
26093
85223
6294
2144
85666
79161
83146
79142
56965
63060
68752
33389
63846
61760
11951
38839
68677
14135
1122
18353
97796
9248
62257
41102
37463
24831
95333
56133
61571
33695
23461
98668
57640
19855
24392
42602
54269
39762
50083
47716
64835
24121
91121
30561
40081
2980
80586
65928
67218
19664
41946
56412
88240
72427
6472
95507
87820
26382
16842
7419
87605
80316
91461
17794
85939
30872
67883
92128
74385
34648
98812
86910
20001
36969
52308
92786
98438
76840
59023
46092
21429
91463
79775
66987
81257
97520
24348
91755
42739
38016
87983
31198
15050
23721
69004
24531
83931
40016
84171
61633
1810
71716
70371
59717
16073
80250
68767
46615
79714
13563
71721
32798
59819
49926
61278
93190
70430
95413
26252
836
38196
78724
96013
28602
56213
19199
79283
69259
33489
34225
14833
95275
65028
25342
94592
40279
56875
73376
52416
31427
31109
45023
54765
99361
49214
4265
63068
41908
5984
58779
86854
62352
32887
89923
66322
97984
31805
41509
49751
24658
74870
9736
42586
44475
2059
935
2967
78862
61262
73765
70093
67427
17920
72579
50432
82329
66190
5935
69030
76072
92150
60776
44316
91289
8195
92312
1865
76672
7949
37909
5820
51727
84500
26542
49977
29924
98839
60418
74116
52438
25314
31340
34203
97403
14374
4195
6442
25791
3042
420
53557
6473
65356
41929
47269
54238
34317
55459
56618
46123
53242
69093
30431
89969
39787
84959
25837
2208
45554
80193
54138
18352
42093
40175
56106
34924
442
73130
65855
57588
61156
75608
69446
38238
70283
42294
68974
79494
77643
2120
14914
65472
66460
79802
58689
2185
7414
36778
50966
84095
36507
17582
90041
77732
88925
15459
54827
15757
94254
91031
33675
80417
77647
76069
32331
27610
85131
15767
52482
22120
60519
55424
73262
44889
38743
82991
2253
84931
28281
75748
60166
50703
22185
46127
37440
35976
30260
61684
44037
70806
30700
77093
15947
23439
64293
80901
47478
67924
58282
84434
46771
73349
57312
53477
69534
15834
74146
60892
51849
42967
90496
1562
21735
34458
19798
88758
17316
41058
96340
85582
68925
40455
26836
47959
58492
61385
7249
60052
38875
68846
68150
30570
73192
36836
36171
64895
75636
55050
85439
69219
45837
49242
9553
87100
6595
97990
28231
19467
6892
97999
99168
58580
15769
73239
4367
66104
40915
21380
70699
2972
42367
38852
40379
49659
26904
19039
31784
5490
59961
54713
7360
59626
95160
28698
1055
61878
47036
87122
98662
24125
13628
74841
33554
36966
96871
79326
80586
75604
33837
86755
2079
54240
64348
34856
24210
99904
85279
46388
44834
52272
94995
75534
41922
58373
30232
95542
52716
65631
24877
68265
9378
26288
81968
64333
56444
72990
14433
74759
68958
5539
47096
65009
6024
95418
78291
18966
59911
87271
45438
83786
50539
28077
73846
52798
67464
2727
75747
25026
39337
87402
74835
34545
26713
25278
51799
36301
78576
93556
83026
52642
2599
80364
33146
61997
16698
47686
15633
23323
62051
95678
15005
5369
47427
47586
5438
14526
76512
82546
94152
20733
91236
65633
42697
78169
84860
96613
53171
38756
67252
21247
80183
41050
37546
10617
28408
59684
28036
59689
50721
47686
99772
17810
41841
80570
14555
51432
71562
78868
35371
65621
80431
92811
85008
31152
39364
82062
82158
788
18922
64310
82889
82287
17086
15756
49737
40897
29848
60164
26009
96573
40374
42749
84176
93413
85475
29453
91091
25813
6045
82049
26217
93343
96952
21242
71636
12547
99774
69200
2908
10302
57781
16535
87947
86144
45623
72832
29587
78668
99479
91917
10103
15781
10623
72023
41191
22803
30089
38942
37081
556
66618
26814
97211
66207
13323
64490
22977
72765
79414
54445
6141
89544
49887
49863
34027
11738
47758
67758
97730
47282
55817
31639
19616
4193
44700
73650
8118
8492
44334
94806
39181
12699
31682
79353
59751
76611
90931
79259
86554
26567
21846
81443
95368
95410
47622
50576
46553
6555
61075
65234
37334
75806
79923
60926
82651
76311
69040
6541
48921
19555
98160
2576
24696
28610
11581
37062
94311
40209
81279
95993
40736
51279
65
54086
81397
19094
56583
80485
76034
97826
72895
29241
78588
59938
56017
29476
86899
56395
34581
88495
62989
74604
31270
84278
69742
14276
58039
77382
72200
9310
16265
60982
37059
14246
26150
26755
98594
3734
95866
36332
90565
97850
56816
47306
43008
50260
16816
791
9047
10172
97880
63376
64762
96000
3131
88768
5494
29267
2320
63326
9286
10240
53862
84181
66085
54421
21492
27086
17429
4101
37775
50180
24288
20477
50952
26623
24076
36496
72099
69908
69433
24348
55593
70439
41735
17205
96749
25247
52770
85324
56096
18683
16926
88102
29559
25913
43131
61938
71228
21920
53600
63336
600
71728
65382
54526
7213
1407
94426
6894
45159
59803
12726
34139
95106
14552
55814
16905
82236
35493
87799
73542
4694
7656
90719
48627
51365
89587
24774
99250
93122
20569
81294
24652
93617
37347
94064
47949
37043
14422
64248
7025
57610
16203
58929
45754
72217
68034
16291
77217
71148
95312
66273
40047
42010
49625
36145
64594
35830
28904
39260
48667
53605
64512
32739
10505
14606
40882
46424
50329
15104
14819
15950
88361
9746
35537
74583
89910
12800
5596
17143
509
63499
68278
92563
93392
46538
10554
11102
79993
38894
44057
2916
24767
68691
86284
11443
62538
7609
83967
39393
60997
97701
1289
38492
62562
28890
60361
70216
39249
96450
98385
25240
35446
41584
6945
601
73131
56783
1014
75687
59472
15870
87472
14368
62470
13658
52364
19018
96765
86126
80249
90752
31058
92063
21347
76027
41736
49712
20981
85537
97180
38042
59729
67592
75973
29105
60396
24759
22785
91899
74412
30136
84027
60668
99514
64612
26838
66557
86541
12798
67035
47110
12256
16575
24207
3391
48715
44316
42561
17522
72012
31469
21354
38309
80799
97232
39689
2076
91642
1053
17857
75969
74332
8215
14043
53884
67744
99949
61526
43860
17058
74237
42137
25428
27011
13725
94038
68318
56639
62588
84431
53934
80234
14234
32095
51283
10626
74444
41110
75114
5528
51517
88802
9331
36466
86608
16846
84006
75675
9546
38386
99737
73889
12391
14546
29507
77257
62924
90360
38095
1076
51298
80256
63502
58312
98143
90778
20138
53804
22532
40421
19208
34237
78815
51390
11749
5016
20959
83137
81626
35056
26808
60278
84156
36708
67528
56279
53911
26904
98751
59706
68366
28997
46266
78539
53469
33108
21950
74631
34368
64469
76398
90972
89133
62047
84415
4911
99277
63932
73738
11734
66489
33967
96308
30438
63551
22913
72104
94914
28421
73586
26248
54560
49244
34843
20669
9856
77958
84353
33464
22957
48761
18956
43648
85322
26986
81080
13350
56358
87260
15369
75774
71336
84115
781
3979
48550
31789
18313
21840
64013
67886
77772
6338
67307
20569
2227
47004
63544
576
20606
57786
45839
97112
82427
67390
46137
80396
97393
93606
786
35213
57699
38772
33927
60535
86309
81182
47438
15056
38739
4451
97033
11240
36235
89567
99856
92494
36494
2902
90247
27531
44394
11551
42620
99791
75984
52082
91257
28302
99974
42738
4925
73315
53538
29931
78171
20426
72999
98930
48344
2602
9660
23440
98681
66993
29957
84572
78762
75080
85314
98490
57467
36730
48608
75511
39305
37959
77998
82374
24751
72075
14152
18800
38528
19265
50072
39351
35744
8514
52071
9132
9833
53609
16655
53715
11624
27056
4466
64952
45936
72379
40857
37754
87065
15242
13078
45469
57354
3458
7309
81397
63981
52379
37427
46595
85583
87325
34295
78824
41643
96740
45777
16626
64600
34657
64913
59595
92611
28206
69157
43130
26862
3474
53125
69092
5955
28485
90139
16973
19166
73867
81232
91308
76561
6299
90567
99505
19524
88128
30796
81737
15601
54334
45426
62980
21797
74647
45965
21773
76876
18705
66828
5284
45170
58722
8496
60274
95344
95402
43394
72669
73202
96037
99838
93049
5983
53555
29936
33493
40124
81585
61400
1552
63228
79044
9322
94683
16888
11288
47335
22339
6657
69792
8968
47217
24589
62085
27965
18089
4734
56117
52992
93946
78609
46837
94519
23476
49023
67129
1743
44096
98858
26174
30126
15366
22360
57032
8665
85347
34358
53639
13932
13160
49038
71163
19407
27584
31152
26958
22974
20287
7189
12723
77150
13873
58443
54158
30385
44188
50451
88241
41867
1475
42049
53228
27756
38639
70231
93571
65195
65088
94315
9727
14930
35305
56575
88547
58194
33512
61194
69119
86957
61327
10334
40934
60805
37570
50360
36670
85231
16051
79831
48267
2984
49152
97465
13255
46857
46179
71197
62166
30670
88837
18000
71132
44785
78148
36921
66035
30499
13203
85226
14994
24555
95388
61591
41539
20466
56493
71635
72702
65210
94878
69511
76572
60199
85517
15840
58683
17524
78250
9698
77188
7454
84862
68927
24182
80195
27232
85962
70768
19900
18398
64112
50896
73592
12074
11002
41614
30435
64658
51673
74912
70290
91610
24143
40581
29150
70618
1520
54280
22941
68716
19827
76275
49264
31613
59536
71994
86107
28213
2290
7365
73707
92755
95858
39667
80084
71424
60626
67714
203
24474
547
64012
29411
16657
51841
492
37533
48471
25447
37748
93259
32562
72426
28560
20900
64470
30091
7099
77351
86789
48904
54201
10631
88073
45188
98266
83470
92505
44379
26207
65753
48221
14898
30962
54397
82017
6151
21735
78090
99899
24322
91648
2220
83794
10732
96631
57950
39981
69301
17448
700
40137
76165
6288
14936
93890
38042
33451
8563
50711
57253
98955
14826
20541
94892
85887
35067
61503
38435
27275
81789
22724
77361
98879
56981
93158
98107
95772
7800
70653
92692
1968
59552
85438
82521
40968
76473
53173
8569
18177
47774
61739
13419
22251
97564
26350
7355
61354
59100
92538
28074
73936
85776
40822
49914
4195
48194
53561
1767
70500
79214
13418
55463
50364
31218
5587
85223
51843
41055
88811
83529
69327
5476
21415
24059
32091
67537
83016
79624
2984
61786
5425
41831
67095
53832
15138
92992
32714
5610
30541
19168
28379
20853
75700
42768
64249
20364
94071
38302
41802
77123
15319
49308
79506
78180
30238
95528
81527
25801
90070
21213
60936
72705
43006
60389
9884
58951
50381
98301
441
9531
40882
16056
87584
86434
68607
92669
24869
44410
23208
84381
87664
49185
37898
70476
28199
95364
93785
59220
63687
9141
34611
88361
15517
45795
49396
22210
50037
39464
68806
44458
79674
75679
72710
39287
50836
56013
28740
30450
82180
58379
85719
85961
69678
88612
35375
9870
89819
23256
8369
47184
14783
36638
25165
42719
57214
37618
53727
88117
61072
8885
77609
58192
55803
2865
22410
11719
54589
61963
88373
23611
46358
17853
42237
73951
17572
59285
51606
13041
43929
72025
28254
77641
3763
97270
26117
61063
13497
49800
54207
41612
28602
42740
43676
40237
63174
61018
9954
81032
72344
35786
91386
41939
30937
67624
69852
13235
46347
52314
79531
48433
71890
22914
74399
9465
80674
65667
43914
43379
54155
17145
46440
27938
54207
22764
58189
39831
2123
99743
96545
40573
57596
54420
58243
51665
70583
5079
89370
50142
53148
41422
6633
8016
14730
87981
11616
6556
91572
22657
42970
38428
61890
83095
32660
7171
35289
61455
96253
68154
95672
44786
83775
15045
85133
10455
35652
33084
39510
39324
94267
96089
91383
27988
78774
29766
68168
22514
70922
68393
27886
16671
56955
54478
1443
11612
80856
98034
95743
33725
28393
96553
20149
85369
69180
95815
93465
90589
38405
6646
24384
22288
98711
54176
82822
4586
2836
15816
24008
39409
38257
26104
11254
93257
49938
36024
34276
95646
92901
67126
62472
1234
48860
16609
26331
39774
81894
8432
93790
94801
60474
26955
90930
57439
72097
60889
74227
13646
37438
94910
37441
76034
61791
45138
20392
41399
34070
36915
2191
53386
19148
47365
12691
85410
91390
47691
46193
32659
17145
21042
91431
67437
38304
48572
38847
37316
79177
32960
13323
59044
79865
29389
95235
39529
32480
60603
39310
52654
13504
40896
21378
16784
85250
12727
96441
25931
22295
24244
93257
54062
54076
60179
87678
56571
12100
43293
91184
27644
66718
70556
64616
20944
12676
39405
65631
70577
29317
69299
98837
63005
25559
57346
5720
22817
29221
39043
61338
22678
76295
69676
63456
90260
82579
56944
79346
77789
4707
53968
91038
11188
2246
41749
29919
69500
26253
7061
38309
80646
55781
97796
86593
24811
81711
64549
19913
19790
41483
67207
45070
15509
77933
19175
70330
71442
66675
97903
1606
12793
77460
77898
32592
97959
64853
86071
80651
30194
91917
19462
86299
9567
46961
13891
22210
36238
89594
854
43182
16042
93733
49043
91997
4809
95199
42488
91427
2927
67378
94862
81435
77357
7635
33572
99977
62444
34810
59125
52061
81033
36317
82244
54851
17619
6413
63726
21838
92451
5477
55328
65520
34066
85030
66073
37512
3146
40357
84455
70216
43279
22197
65199
49166
55752
34725
13470
4366
98719
93269
33095
56482
30394
13043
87579
8336
99892
67907
47115
19497
26282
4644
51614
59709
56779
88219
46994
67909
20308
59722
16026
9092
5287
8676
39163
96206
84026
80711
9363
98043
2182
3850
50982
78011
27816
84811
32150
86663
79030
15183
64285
72861
60599
39282
48674
46791
22641
48607
22687
85000
59702
38099
66671
70047
11437
71410
81646
29090
14708
36774
67377
40695
77539
90479
32483
438
4757
58189
3489
98008
33905
53227
68964
27100
41333
92631
52573
64721
8248
11666
111
37600
19624
70604
11395
80559
14396
25201
41617
78610
6797
4470
38937
17890
77570
67513
10577
14967
28376
91768
69820
32739
56776
27541
52002
81529
30095
54187
61405
5027
93111
63617
5027
4066
74271
49708
81700
18356
79576
67164
85298
69290
22234
24223
23772
79113
72360
50295
25369
22109
38464
28950
10225
79267
17202
60963
1852
74114
49511
46262
5138
2845
96691
99080
3246
13138
26553
38976
23481
17613
43619
70411
52314
36840
31326
88720
70523
90772
77516
41429
63260
5700
62975
76280
87554
3300
65874
72629
10029
57035
57038
44665
11448
66319
37540
4801
67295
71354
24146
56403
3813
36458
37529
69650
58426
38711
18041
3629
78502
11555
72602
79144
39780
73872
14200
73962
47565
40186
34770
35397
79057
97726
19067
13523
6691
59256
58958
26047
98232
59494
80855
2620
42872
95001
53648
93463
71653
72311
7367
86906
45527
2013
68361
7810
92733
7203
30592
23012
79236
70167
99218
22318
78992
43432
70893
87415
54858
51151
14329
99346
84720
38481
44832
13252
94636
55412
27224
46680
88423
14480
7624
53351
2949
75152
72949
80840
76158
30136
52079
20929
12248
24603
26839
83361
98843
46289
48438
388
58810
99717
63307
81989
71763
15241
56562
17641
76759
256
47986
11485
56274
11782
36798
21863
41060
56699
45337
89958
59767
54186
14899
91519
8690
96619
51771
2569
87329
86720
72181
37240
14608
59965
52193
873
79470
42411
70480
83969
28715
37737
15418
79183
77222
88288
40452
13606
51961
4307
7449
82306
77435
24059
22278
96940
2951
58674
83214
78207
73675
95243
97861
10174
76489
54787
16049
92511
91297
21934
63466
91649
72489
72783
69054
54797
80955
60426
43594
55469
35803
91383
40904
97187
1954
95495
37897
41589
2625
14731
23032
7146
60127
77575
52672
4505
72827
85588
46404
8510
5738
51034
72980
43366
6322
94603
41626
68309
44463
60127
33349
94519
13505
11235
28203
5561
33491
36912
50406
70549
39968
9191
83040
19460
99605
21150
17806
31708
54696
74149
39496
23612
60586
7726
2471
31199
46443
45939
74597
6108
7209
38470
81134
77280
29240
85972
62844
83878
30597
27500
23065
2637
13583
12896
68333
1955
42230
58621
60845
38999
93955
91329
35438
60327
76978
25872
43264
70993
50487
46106
78036
245
24240
82752
49262
12799
47592
26988
36374
86603
87878
95995
94522
60184
38994
82283
67225
17845
54295
12587
50717
59053
52082
36140
9935
93613
37594
97421
32611
93520
12026
63245
49568
20000
48152
64760
68283
85164
39229
17602
12399
64255
89099
53089
21053
29348
2312
22309
8253
45567
17285
66554
89459
49326
44004
19759
46875
89765
67980
48855
49237
3818
38311
24212
67875
77828
97820
20034
98825
56940
49246
37586
72228
9306
97178
92847
63380
84830
98700
78460
5033
18418
26241
95517
24885
63820
95125
62940
11209
9288
34545
8442
52374
72851
63051
31375
11900
15691
53046
39764
48810
63737
24888
97143
36453
28601
42564
64205
36116
60340
65649
2123
78625
50460
19816
18042
63409
41887
28774
31724
41323
30702
56447
13889
21950
76588
70069
78663
2770
27022
79181
8224
27641
69724
28426
77286
91322
78471
94306
86644
88172
55318
28223
42151
99990
31510
19830
1505
5956
80199
24819
90622
76820
96795
55846
80996
94555
33880
6634
34002
44045
75351
53521
3788
16416
81639
94355
38039
87436
20555
96744
31027
6455
32228
43965
94440
10506
8813
18558
61394
79155
44943
75308
52616
77777
69137
82125
89326
12185
84766
31781
54733
88239
7135
19695
30625
52618
53119
42952
56515
80710
52151
57424
62879
20935
23355
24852
6783
26648
26080
24379
48494
23741
53700
75494
85106
51288
55559
16990
28333
15516
69325
11531
70275
41974
13987
97332
42463
41423
54402
23544
36480
79238
66290
14632
88714
4273
68285
59314
29626
41324
89061
57568
41620
24083
1121
52553
58966
11014
14574
38564
28540
96996
40504
46906
75009
79924
70831
63218
98308
20150
48172
80217
77011
62687
4923
79577
65145
83734
41017
80139
60473
903
66792
12317
58608
1890
43080
90950
1936
52216
69941
92407
41372
72681
49259
78321
2378
61392
45353
62590
73711
61205
13741
88487
86314
86834
98825
30413
5697
93949
11585
67608
79865
46543
58049
27229
61048
16317
43692
15410
69538
19552
57729
93569
26657
6649
66986
12662
78504
84517
53181
46949
38885
28465
25181
10751
61408
61225
48863
52664
18495
37512
51360
49697
82027
90897
75157
75507
361
94326
88963
12979
44090
86775
37671
8802
36292
42171
45524
66596
67314
2307
50349
88196
36479
63873
618
2385
16708
95130
63829
35962
18572
26028
13633
44240
49986
98298
63290
64584
71675
61552
77334
22804
36671
20543
92740
35463
31409
9672
52194
85777
39149
40102
8299
68518
84833
22991
74430
57852
88686
94363
32108
99916
94778
22803
44306
74593
30802
39245
33650
9836
34690
37043
41976
32199
14258
85452
80060
17605
87683
15165
26356
95517
37323
9171
57881
40031
25480
52643
88834
92334
56449
70331
29247
1287
82859
28766
4190
48833
33081
8746
29432
24269
73441
88281
41387
3798
35759
39862
16468
39016
96270
11861
84226
95326
10609
97701
98211
59792
26694
81380
26646
67051
641
95865
49522
35852
93753
7788
7990
9636
85822
17803
7582
16252
34969
90576
90097
3996
83715
89317
72541
96902
61401
49184
73929
98401
77880
33660
14079
47656
27741
6169
34870
17325
74137
19312
77933
89884
61917
7032
22271
16494
22577
97584
62826
81364
69380
67483
23881
83269
51630
74765
64795
21503
95771
89843
23042
87804
82389
47943
30998
55228
13123
87153
63883
77831
68319
53167
91202
97998
43437
41812
64730
22837
27770
11777
55585
74227
39741
86985
98859
7180
69149
81793
30194
36740
72262
97928
26898
20031
33741
50168
86334
85838
70988
32702
48945
1125
14858
59993
345
53891
55586
72439
32168
25336
809
96428
95244
48023
19392
77054
54923
95272
21160
34646
28774
81030
15796
10679
14796
27833
13581
1098
69017
10292
77552
64359
53581
10219
90332
16666
24507
43563
94280
61246
13837
94953
59929
97406
53538
75775
83144
83489
19717
27977
24569
21948
81620
43616
24866
40560
35376
22505
38290
79185
690
31955
78560
11172
85970
43673
49270
25823
47240
38379
77943
92395
72143
49075
94516
36206
71561
65292
75600
80115
53734
38868
63224
91327
99242
21573
35719
69588
27676
1963
77880
82797
18049
31463
53904
57164
30442
50747
69721
51374
40741
22481
70271
3148
73496
87389
73559
69323
58765
53491
86675
85793
97015
66863
77299
27882
60100
93256
46056
6746
73959
96685
14849
80806
65475
41543
77506
41183
76413
99473
67223
58276
99435
27837
10150
9457
18778
47281
12468
13882
6093
34866
34074
70210
13311
12217
2218
27184
42322
54398
8723
90076
36453
75436
34994
44846
59023
62619
76878
16134
96999
53332
10183
725
60947
57759
80195
12011
85216
99138
61699
82924
3526
14744
33275
58575
7269
63640
65281
3239
581
75534
85509
82562
22462
2003
56167
61746
11317
71683
78683
93460
78155
58731
42140
84096
37351
21902
39624
4860
69194
82232
17681
70557
53561
52810
31630
99109
7171
22138
67444
5960
51539
81741
59943
85814
37163
68390
95250
99998
64660
6073
2862
83945
64363
79990
93567
34622
69353
77664
55952
41706
44182
89009
56612
83565
45766
75392
3225
10852
35395
69325
60880
14573
20405
63561
68821
17007
65971
36800
27634
94691
4145
51053
83046
20618
24174
70985
20918
83030
59002
19207
60043
76495
42079
76184
85572
3955
81874
86654
96572
1171
68313
27189
14310
44684
85847
72170
91015
57055
69426
69249
51156
13212
21215
8856
46363
15029
4621
59623
20206
73551
15913
84086
13058
88649
14795
70833
22323
7036
35081
19834
64871
45983
68095
39203
2007
15600
77978
59622
94254
56959
3040
44186
49812
97775
8793
57115
70685
52714
97378
12567
13264
93302
14683
77197
38318
44633
97012
59704
82623
12153
72816
4570
35091
46115
89302
88669
73215
51537
68663
82798
69536
91161
35700
728
33580
26527
74856
41974
63985
98295
33495
82150
99847
3591
12185
55089
48273
35238
76996
37145
49432
55604
25542
97027
17978
34146
87433
78724
57647
56625
77834
66488
1797
20070
96094
4196
59383
10598
41782
92804
72159
81222
84721
56785
44708
15569
3490
82964
69321
25072
28540
16759
8440
29645
74142
4124
37817
14205
10023
87873
1705
44315
85728
33737
16738
77341
46685
37041
96799
70225
14690
23200
97065
21375
30626
42838
15570
63140
39013
57517
53338
69310
37392
94770
22076
46966
18502
54346
15867
63385
68615
59737
25939
25234
23011
95631
74370
23000
46211
32111
57756
86069
66732
4659
20084
44956
10386
74000
90659
50281
51028
23518
89017
37152
23921
73417
41459
13585
49496
24436
55080
32529
3691
64920
98972
22352
16987
81348
86178
31631
67463
34209
25018
78298
59581
58530
46545
31350
52679
28321
58544
58740
97795
54172
99579
97102
41473
40007
72615
55042
2629
1149
69769
88788
10028
24953
74161
24335
66918
24034
98830
40638
29867
32617
85499
36140
37185
48112
17070
36931
24753
15871
81683
43765
99810
18882
26364
71591
53639
17126
33329
93693
66199
66975
80380
47198
82788
38565
69235
92648
43324
50156
16013
92961
94744
29321
99
41141
86121
33566
1305
41460
75435
98254
80376
69799
5753
8055
12319
81344
51343
22389
57516
89646
48899
34341
83244
33108
39963
87103
26647
61403
7348
56086
72578
83181
91377
69323
32546
83189
25293
24491
83290
40430
63500
82304
81773
38115
41678
35272
92046
70938
23434
70747
8265
63122
33089
55733
53040
52277
21426
76942
71099
18207
37731
91517
17785
35242
73580
10882
4502
2011
2453
46892
14514
72810
28870
65751
27013
97923
46280
73158
17970
10823
76474
33506
13418
98725
45776
32172
89226
26320
88408
67930
21089
69751
65417
95175
88102
7109
38552
88715
92755
41220
61614
89683
85843
87338
55957
80523
36042
26953
22751
13232
57595
7997
7334
55866
75955
57771
95440
48848
60295
90968
59714
86313
55962
44983
60299
88905
66910
79378
10076
2463
86098
57844
71836
97727
31845
2835
48615
92653
35384
89406
78179
68750
9381
34967
76050
48267
78927
65275
57469
59611
22153
70829
31701
11010
20603
11604
51603
24909
12218
38427
53180
45953
53746
75541
97159
3184
92044
4429
22413
44240
36864
73904
34514
83353
40687
55447
17907
78340
68267
83998
44335
92893
91213
67180
35664
66384
29212
51311
86257
38359
865
58837
30673
98184
70409
31141
21318
98715
37552
95291
25496
3611
34430
62995
56468
5499
61396
17218
78269
72228
93114
31570
89257
31988
11972
31801
69161
2758
1306
91524
22338
36168
13616
84867
27293
55802
47412
99279
36721
42392
99972
18730
44582
17991
77072
77592
29666
57799
26952
54028
50777
97108
59588
24633
15603
14294
49896
19133
21057
63876
52735
96782
1199
83788
83012
59009
59793
44899
49701
82868
61357
1888
92168
3985
18525
71867
27229
88502
905
16228
46185
30788
52837
73896
6731
92618
26678
62625
10184
71686
11977
92784
35380
20648
4933
79526
30797
33937
73049
89469
75755
84258
97393
99907
5579
93571
37289
67095
75960
81360
76194
28355
85817
78677
18006
41273
61324
11107
34870
19601
39953
75818
53840
56157
89890
80988
19204
5869
69498
70226
17386
28614
56365
31338
58453
44547
87501
62387
50947
11964
61571
75838
47157
82589
32232
94688
29395
56156
85166
53825
9780
42038
13804
81915
11704
69771
84557
1985
94652
77792
27306
88126
62166
60307
64015
92820
57627
22939
53141
56476
4521
64569
85162
51333
72794
25114
69774
7763
15918
40380
21264
89546
17845
59976
54196
52926
73657
57141
13115
46268
56663
58178
68537
34772
49550
21688
82921
50774
78642
30602
39512
38712
2123
56466
5175
99170
74072
18938
63794
49661
67257
60043
32062
52989
3665
31764
23878
20770
6853
73848
53771
74403
96719
38250
83097
39490
29652
33350
93840
7013
44994
15622
56591
64717
74617
89883
41522
96795
36252
26842
13236
53759
67312
177
3185
66066
58237
5141
80662
31468
24701
6879
41628
60258
28383
65684
44439
35230
11207
7524
13003
71357
53846
82943
53618
32199
23858
25760
23794
38887
20779
78657
6314
56621
12274
86887
61139
59147
30065
21846
82762
77189
19895
12895
98861
44495
29047
61871
86793
32403
24902
65199
58094
35281
98005
68031
97439
48478
84967
304
79072
27635
43904
54857
1966
17676
11373
65707
82426
12885
51628
97493
85439
57182
42677
56174
17322
29076
77306
27569
69416
80475
94464
63642
1870
59039
24395
42384
78616
7564
66944
5856
87019
51953
37104
15217
90729
19666
43204
73626
10273
53601
18539
9347
84322
41716
60473
49152
41774
66694
954
62584
33890
42626
38244
82849
76937
55932
77573
10569
49912
78415
11980
50960
45603
15618
45772
84072
82160
23465
87603
53591
42460
12201
72751
1538
49433
21783
78193
96574
12438
12011
4528
14834
57135
52348
89805
76930
44751
65670
92559
51832
64936
31509
88149
26046
46098
35678
68508
86977
71395
74695
72202
72289
83486
91062
13930
58393
73663
67511
21907
92965
17149
66761
85752
35960
49514
63128
18627
8993
9305
64312
59844
84161
55555
85415
33816
22443
86011
46873
25689
92967
14657
82767
43881
56075
95780
92971
20922
60864
53193
67296
23076
75922
77072
67123
11140
54303
36704
22008
60599
49196
65298
3342
54306
79334
59195
82515
23352
49666
26893
14141
68782
24872
71968
40687
80016
43696
74949
68123
71778
47495
27128
32112
69969
14397
8085
32343
58611
81718
66
3045
57822
17531
92941
82323
30341
46705
90847
31860
62731
81615
81807
6167
62296
85877
83881
60500
70612
7448
94821
42305
22864
40501
51460
62254
71053
49871
14858
530
52166
52891
10705
93674
55674
97754
23485
73855
25569
22893
80564
78345
5927
36858
77492
89187
2020
65652
82946
15261
47036
22390
6876
52467
77171
6987
94376
25222
36248
95557
54120
88072
91742
65997
20123
77712
6099
50797
51887
87003
71321
92182
46729
57227
56817
88400
22323
61114
14164
82487
53686
25904
88684
70861
72191
59729
23470
4474
