5059
2498
478
1939
7197
7629
3527
7272
1980
1526
8724
1287
1725
471
4151
5139
7456
4446
7614
890
3073
5602
4223
3292
344
5479
6188
5430
5752
9539
6863
3653
6090
2063
5936
3684
1593
4904
6642
8867
9180
4211
7634
6653
8685
5898
7279
936
693
2810
7855
4839
8589
874
1578
9605
8505
1119
8387
5032
663
5607
4607
7450
1497
3891
9612
7613
8461
7833
5222
2462
3146
4723
2419
8461
822
1269
497
3706
5171
2050
1615
2874
1582
2566
5278
5605
3411
452
3807
2762
3465
1449
9397
2187
3624
565
213
709
5352
6114
1294
2739
7875
693
570
2221
4411
1952
2524
1546
6951
5797
2815
1718
5317
8956
6329
723
3688
3615
756
5499
2523
333
1342
8301
9311
5593
535
7263
6910
1160
2877
5214
8857
6042
6178
8638
6115
6287
6608
7755
8723
333
1510
261
5104
2525
2635
1580
5802
4688
6318
585
4113
9657
8475
5513
9030
4613
4316
2613
3321
2714
3170
7997
3487
5422
8605
3920
3430
6494
4291
4131
2469
2971
2833
1616
9887
447
2082
7723
8467
6977
3379
3735
5868
5659
3022
5030
7552
9704
6123
7614
9719
4900
438
8990
3343
4058
1722
5412
8872
9351
7318
5707
5533
8834
5068
1815
9759
2304
270
8486
3887
4978
8339
9600
4737
3934
3055
925
2237
6526
3330
9623
9187
2799
4206
7590
3539
1991
1509
6134
7400
6871
9041
7569
4496
1464
422
681
7768
944
5694
9303
6794
4942
1977
7896
6428
253
2100
8744
5503
7538
4349
3684
4831
3947
7523
8223
3818
3089
378
5406
4630
243
6822
8367
5502
6596
8017
3937
1129
6614
8115
1396
758
5888
128
717
5785
9030
2292
8141
7025
5295
3445
7203
6638
6912
5558
5950
6271
6301
5134
8565
3981
5552
4852
2433
6151
6784
520
3391
7798
6641
4850
2711
6554
7856
5476
4271
7455
4433
9505
961
3739
1166
8920
6039
7180
6479
5074
1048
1696
6254
1156
8774
1257
1541
5455
6018
9208
2735
5261
2575
5798
408
5961
8870
6876
8773
4548
3048
2802
7808
9331
8852
3183
8640
1827
9673
7788
1484
8617
816
5651
9334
9792
678
3640
8320
4509
5833
3107
4406
84
562
6620
6963
138
6213
8335
6419
84
3987
3659
7685
7834
4840
8995
3116
248
3182
5305
1197
7996
5610
6235
3228
8297
8818
5876
9031
397
8079
9563
1665
5210
7641
3491
5340
1309
6086
6982
6627
4293
9880
7319
9597
4343
92
2836
977
1749
5057
631
2037
1202
2290
7416
2664
8620
530
9870
3222
7799
4096
6349
2907
7172
3195
1440
9747
263
2072
1851
1292
8505
5954
2919
7125
3914
3209
7715
9200
7432
8490
7700
7329
6589
5636
1741
3301
967
4975
9886
9399
4137
3544
1276
9752
8231
6485
1239
6230
2401
3342
188
1346
4013
7454
794
6323
2949
27
4626
492
9272
5144
8620
1442
8359
2901
2574
1374
2723
3458
9620
2493
9712
4933
6703
6065
3154
8226
7515
5293
6200
9974
4592
365
2302
6642
5220
7352
4524
8820
6555
8277
2146
502
5926
6079
5514
4782
4834
6577
357
7309
6034
1001
2430
9956
21
2765
7352
7313
5069
9816
7322
7569
7071
2015
5619
700
567
7031
4440
5598
6663
2339
7962
8340
3055
9835
7973
1481
6436
2418
611
2018
9904
5679
3918
2563
5584
4117
9463
2105
7192
5
7740
8404
4018
8960
7207
2667
1235
7287
2408
6355
5762
5760
696
8642
398
213
7181
5918
8507
1614
1434
9339
5490
7080
9871
6215
9174
8215
3415
1781
8278
7736
4649
3440
3951
2562
8029
7241
4182
2749
3754
2201
6775
7285
2549
6946
3790
7865
2410
2427
1984
1219
2988
2098
6988
2396
6649
1120
9775
980
2086
3027
3585
3022
7433
4087
3090
6345
248
4860
8462
3594
2727
2086
132
2008
5653
5175
8470
1342
6853
7996
4197
3771
9325
1842
9437
5488
4075
9382
3275
2351
4333
9725
9806
6848
1438
6976
4948
3061
7183
3528
9875
1065
3678
3480
9234
270
6194
4699
1708
8282
2577
834
1657
5427
6940
7712
1150
4527
7693
5086
8494
9813
6867
3484
2437
4119
1163
4556
1739
2268
7427
956
8000
8931
9655
1148
3426
1254
72
9474
4050
9444
4953
9373
621
9196
2773
5431
8534
9904
7347
1068
7301
2036
3141
3964
4860
3113
5535
4178
734
5936
9363
8050
6192
9455
149
3497
7539
6528
9152
3194
4535
7610
2535
2391
980
3944
3236
4638
971
5303
7213
8946
3368
3529
97
3855
6109
8700
6971
3627
6897
5040
3909
5882
8471
516
6167
75
8212
4523
13
5690
9755
8706
4997
7968
5495
1554
4819
1383
3621
4949
9033
5506
4459
6265
4952
5603
9626
1017
5397
3887
8396
1356
8881
9648
9524
9196
4308
9093
3682
4151
6458
7995
8389
2786
7052
8800
7661
5238
1293
7719
4067
4078
132
254
3580
5962
4124
4821
4678
3754
204
8672
9444
9795
3624
663
3959
1494
6533
2902
7522
8765
7254
2856
9007
3193
8596
3091
219
9171
9882
7756
7537
7153
8854
779
2218
1290
3350
5782
4249
3771
3177
1556
6122
3632
6133
2122
9921
5561
3823
2758
4421
5516
9279
5603
7470
2354
628
5156
3336
7935
749
662
1520
3037
231
2257
8324
1732
3955
8504
9612
5261
547
26
5045
7031
765
9090
8917
8868
8163
503
9864
2543
9108
9094
8715
8869
4204
9633
8603
1446
5346
8521
5237
1978
1033
4046
6800
1118
7487
2420
8025
829
9142
2188
9499
1397
3591
4211
8746
2604
6726
7689
5583
8396
5349
612
6055
7669
4204
1646
5926
5903
7673
7047
2515
6153
5462
2497
286
1863
2123
8795
9180
6447
8894
7261
6889
4776
7079
1195
3776
2222
3361
2930
6338
6940
270
6516
4659
3501
1412
6033
9758
1428
3540
4562
5082
9917
7070
1576
4976
754
9349
400
4206
1928
8303
7690
8660
7510
4247
5882
1658
9757
5982
4460
2617
8697
9197
8626
6936
5207
1645
6358
6873
7529
664
9289
7632
9981
1999
6189
2960
2913
5069
3444
9455
1687
8
3662
4861
3584
3697
909
9383
9216
4506
9239
823
8513
5571
2531
5994
9791
1769
3902
4684
7260
9899
1494
3218
2610
2322
752
6510
8604
9680
7525
9762
6456
8505
5433
2737
3827
378
2996
184
9682
4915
2745
9350
9975
321
138
4639
8888
1212
9650
3117
6713
2874
9078
9600
2221
8665
9821
1740
4907
7849
3168
3239
9950
4478
8268
4945
1360
4286
4322
2416
2089
9174
5268
2057
3316
9919
3157
6891
716
3913
1881
8957
6496
5861
1032
5554
1348
3153
9146
6377
7770
6455
9136
7499
7164
6840
4034
8246
4607
6175
5470
2615
4926
274
496
4826
8846
9990
4618
4113
4691
1596
893
323
4234
3746
7768
2710
5586
3980
8909
8022
1271
6676
4968
2015
9970
4662
2474
8661
6705
8178
7873
3029
7648
8930
8209
7730
693
1877
5997
9526
1430
9983
8748
4253
1800
852
1433
3689
3125
4164
5130
8993
3166
6682
3374
1841
2357
202
190
8212
4430
3740
4193
3995
1957
4013
5241
150
143
4865
2378
3667
9593
6697
1618
7813
593
6773
323
4044
3144
9305
2652
4459
6760
5935
3391
7312
5071
9717
9029
9398
5825
509
7655
977
6628
9827
9219
9328
5555
4199
5716
3047
8871
550
8167
6719
206
2120
4867
1107
6953
8284
7697
8809
2807
7408
3091
5796
551
7351
3601
7849
9486
9740
8260
2836
5615
597
313
9110
7611
1718
4223
2060
5031
1918
4533
2510
1913
819
2454
8956
3027
3574
1218
8245
8508
2947
7700
3802
7921
6384
5309
78
7993
476
5502
9646
9262
3463
6485
1974
2412
4782
9451
4432
9424
5193
6836
3570
260
4341
5306
9708
3430
104
4983
4669
6068
7246
6191
444
8284
8176
881
4408
3418
9651
5807
8691
4083
9174
2854
8787
1116
905
7125
2341
1487
2399
6327
5357
5103
3857
3359
5365
1390
3217
5788
1394
1588
295
979
7130
236
5303
2406
4063
30
660
1948
6020
4592
7067
6719
517
3290
1773
273
8747
6916
4094
689
5973
3662
9757
5212
259
7900
6357
5263
1556
7503
7081
2714
4419
8181
4332
4427
4044
8390
9562
3487
2848
4701
1695
4665
4219
6285
4403
9098
1558
9638
2561
6328
9643
6876
8668
6808
9809
2455
765
7472
9533
133
4654
2234
1471
5874
6871
9364
2772
2918
8089
9920
970
5431
5702
3500
4571
9999
7990
7758
297
6833
1854
9062
4000
1439
2983
4487
7935
1264
4404
5384
5126
4967
6763
6959
3253
7488
4042
2174
9107
4982
5844
4324
4028
8612
2727
8237
7895
5627
3192
1489
9008
9828
3581
4894
3663
8102
5312
2734
5426
8698
6260
6182
2461
6182
4913
2606
1084
919
4931
7158
1231
87
5882
3347
5064
2789
7452
2388
7883
4592
3012
8898
7357
2139
2791
4115
7877
5903
3856
7119
13
138
3470
2627
9739
4597
4639
2450
1265
3924
2900
3051
6244
9647
5956
9322
7765
1587
6063
277
351
7055
6158
6395
3294
2515
3884
1901
4116
4307
8257
558
4363
704
1422
1256
2621
4712
560
1560
5337
2324
2806
721
814
3751
254
4077
9271
3504
4454
7237
7447
2778
3985
1131
6729
8689
6826
8814
8137
8785
5123
8895
4825
2509
7990
3996
1089
5476
2710
8627
9173
6494
7615
7072
7286
8848
2568
90
9924
2217
7911
8879
6687
6701
7861
9239
7227
6552
5600
7212
2565
8012
5201
9282
2848
7173
513
3771
4675
7009
1372
4644
3505
7150
8159
5009
805
8120
3320
1173
1595
2081
6426
497
8900
7616
7712
1422
3260
4814
445
2629
9262
8232
696
80
6144
5031
4682
2210
9534
2860
9212
9576
872
1522
9145
3529
2885
7383
5741
6731
8363
2408
4403
9654
1472
1625
8266
5730
8338
9495
549
5730
7827
8458
2662
3118
4611
703
5656
9227
6855
8933
6760
2832
5688
9030
1920
9136
4756
2339
7584
3313
660
422
6589
9224
5789
8203
1877
5393
9346
233
954
9440
2503
6285
4093
1086
6544
839
4254
3957
2453
3846
5117
5245
1852
3800
1564
8838
6196
5605
8542
1217
3748
1113
9683
9044
3994
628
8820
7309
6485
8418
3249
6288
9072
4263
6247
2796
387
4436
9872
9420
569
7855
1589
7633
403
8379
1538
1865
6546
5575
4573
1957
4908
9620
2351
5170
8094
2899
1735
5995
3817
6266
6707
1625
669
2074
7342
8706
3059
29
2505
6357
1318
7638
3834
5175
1861
2380
2673
6856
1608
7985
708
4184
4644
3132
9724
8676
9532
3764
2595
1220
4410
8310
4129
688
5391
8151
4592
5404
5839
3125
1285
435
5662
1906
6444
9453
8813
1841
8428
9994
2994
2439
8823
3148
530
7755
8255
1520
8734
8761
9095
85
4148
7785
8550
3148
2524
9698
7462
5851
2211
4811
3006
422
7514
7500
4988
8269
5373
9411
8263
6974
8715
178
6390
1592
4204
3659
6398
7500
8723
4307
9347
5295
5269
6827
2110
9073
5541
1936
8245
812
8189
7635
8463
9783
9993
7479
2534
4334
5354
3898
7223
4282
2408
2443
7679
1576
4660
7129
2187
5421
6608
3605
6893
8594
7777
6900
8131
7416
3457
3070
7010
2330
9543
3791
9472
5772
9598
675
4850
5719
6887
9265
9979
3700
6111
8108
3545
4182
182
7415
4354
8239
5703
1113
4302
5747
2811
1900
8873
2084
4042
8189
2135
3278
3464
2753
7928
3641
322
9208
1576
3949
9938
5884
6981
2379
1555
1812
7954
6915
3582
8962
5072
2931
3530
1419
7432
1593
6235
7209
9337
5063
4173
1360
1685
8474
9964
7568
3054
9611
9128
4834
502
6407
9674
183
2229
3090
8901
8639
9209
7411
7425
7354
1054
5231
9139
9755
2798
2789
8834
8387
8990
7423
4627
8913
7442
1506
5958
3168
1143
2854
6393
9575
3205
6994
7063
9774
324
8549
5053
4360
4740
2876
5216
4159
9071
1141
8374
1981
6891
6913
3198
7456
8583
346
5799
2987
5622
8829
5713
2318
3093
8909
826
8065
5563
1576
240
2084
6155
4709
9071
6693
6006
2022
7803
1605
6972
232
7114
2190
6476
844
4072
9114
5130
8746
7020
3311
8254
3397
7155
5803
5510
4685
7891
4686
5835
3888
9371
2438
4108
1240
5652
2119
7430
5076
5214
5782
3249
5477
6465
3687
9676
3864
4515
5232
9752
5416
8934
6437
8017
8900
7552
1931
9478
479
4285
7415
4843
66
8632
100
4702
9423
353
7921
1523
533
7015
867
2274
7142
439
7505
7036
5693
1686
289
6994
4971
2677
8053
7594
5471
9315
1511
8107
2280
9407
7560
1403
3730
3907
389
2481
4075
6069
6691
1544
7194
8810
4681
2829
8149
2262
6087
5282
5746
3380
4970
3637
1512
3745
7524
623
1041
8757
3259
9887
8117
8034
1842
5994
9732
3414
1245
2383
381
7562
9298
1323
7649
8792
4587
5247
428
4958
5611
1312
1850
2718
2287
2026
5631
2329
3778
2447
5282
4525
7333
3811
242
173
201
8158
2305
8086
6846
3946
8802
6083
3640
2255
4510
6140
5534
3644
5086
9930
2524
1965
6386
6624
9722
4208
8457
927
3228
4734
8743
3913
8694
8348
7394
4216
8671
952
9136
5472
8890
6735
4432
3287
4264
6157
2340
6815
59
6164
3084
8050
1228
8186
5129
4294
1142
1971
4539
4108
5697
3136
4689
4565
5639
21
6140
5323
5398
7427
2192
4377
2865
9162
1855
1570
2018
9578
9914
7585
6896
5916
8578
1159
8272
8529
8269
2906
2449
4432
8749
1863
756
5409
1321
1618
9416
6467
3221
3732
347
7223
5781
5397
5710
5815
9580
8259
1781
4579
171
3640
1994
9833
1083
9439
2543
4481
7901
5148
5718
300
9412
308
398
5862
4565
3565
9321
7050
7370
4296
2552
8795
9616
4806
8143
976
9007
6311
1063
9744
4309
1003
5824
980
9673
6534
1339
2802
4231
7652
7157
8035
4240
3822
4024
5916
7852
6424
1471
226
8726
5806
4217
5098
3726
6
3409
750
6358
4884
344
8505
1242
9058
1599
4520
7670
4753
6685
4393
322
6931
5508
6655
9108
2641
8363
1317
8047
2207
8147
3884
2307
68
3021
6816
5975
3644
6963
3921
2514
5883
2798
8688
2174
5591
4323
4600
285
2089
1387
2148
7369
3933
2105
9880
9075
2108
4068
9974
4988
514
3648
3414
4111
8335
8859
7741
3545
8479
38
1815
8695
552
4960
249
7108
1295
3586
2690
1681
616
4130
5235
2886
1622
449
8267
9528
9831
1573
2372
10
8255
9208
7926
5002
6401
6043
8573
9606
1830
1012
7286
2065
8146
9394
6097
8331
1145
5734
1048
7230
1245
9802
2463
7546
4011
2008
1964
482
3266
1064
4502
4636
320
8690
811
3874
6806
9462
621
3712
4796
1385
3701
3483
6123
1123
1929
5105
13
5072
8561
7306
2341
6305
3059
7417
1084
7618
1307
1624
3816
5498
6650
1822
2835
1898
1039
4384
3114
669
917
1118
8596
6339
5213
9601
3184
5033
1158
626
6431
2539
2216
4429
3521
3222
2218
2474
5708
9166
9451
3658
4425
3867
5537
4209
7955
9648
6961
1464
1795
5179
8865
6469
4601
8792
2712
1300
7878
7894
5339
334
2577
9141
4269
671
6678
8712
3050
8223
939
4421
8887
8657
7588
2942
4712
1772
2166
3989
7016
4275
7011
4726
6217
7819
4759
5261
8813
8789
801
1491
1566
4935
5302
2688
882
6373
2782
9738
7463
8510
529
8271
7960
193
5450
1804
939
6752
5105
7957
7278
5966
5574
7419
9754
9465
2277
1968
9550
6660
7133
4680
1231
7920
1400
104
3804
7612
9434
2761
4914
2069
4432
1816
3211
3259
2198
5484
5175
7558
5344
8886
8873
9784
7828
6930
2355
7504
5526
6334
7569
2952
9119
1310
2142
4423
1376
8674
6664
7798
7121
792
4334
9290
728
7458
8570
9568
6743
6033
3071
6914
9311
1123
3275
3058
6025
8763
6874
728
3124
9425
4378
9881
1587
4859
4055
9148
8880
4269
4149
9045
6303
8246
4335
8394
6020
9759
342
3972
6474
2578
4890
6162
6346
8179
2439
668
6041
6198
8913
3384
9450
5787
4815
1015
7741
3223
9712
5092
381
3569
3355
8410
2735
1882
4712
4192
2761
860
5664
2885
9456
3347
1052
3331
2261
5258
9838
6613
1483
5999
4599
5977
4828
8052
8072
1062
412
203
3727
7187
1471
9453
8558
6205
6564
5252
8227
3269
8786
9919
5184
6665
34
2260
4258
1491
5457
1574
5474
3490
775
2132
5591
4460
5084
6905
4091
8877
42
572
4072
702
4067
8671
3595
1665
9387
4482
87
9889
1366
1996
6268
3933
2296
2147
6407
1141
6843
2100
8148
8221
5782
5232
5105
7148
7110
3283
8701
9045
1006
3616
1097
7527
9326
9780
9460
7044
9884
9255
8455
8608
6154
5389
2123
611
6810
1130
5947
130
3456
970
1272
9942
5518
4342
6320
679
6242
3337
1525
7461
3495
4557
7053
8030
6715
4678
8740
734
2115
3392
1345
9570
617
3393
1484
5212
8679
7196
7752
9532
1124
7163
1858
2593
9579
2898
9069
1843
6159
8511
9487
3155
3634
6135
8828
7599
8908
5861
3766
1858
7223
8505
3317
9719
9274
1449
1454
6641
6817
285
4822
326
8860
9274
9840
3140
4499
90
5228
6590
7815
4702
840
5510
9830
3440
7713
7924
3528
8555
4805
2901
5921
4326
6625
3844
5151
4093
4690
7107
4141
3393
2492
105
1513
1116
3880
7148
3715
5905
9374
3286
5416
2441
4944
8389
8399
8229
4784
9215
2899
7437
1532
672
5344
6257
3739
1713
4687
500
5398
9544
4342
516
9762
4823
4258
8909
43
3335
6143
1876
5701
2557
2661
2389
8495
1932
222
5729
4141
1037
4813
6762
3633
9477
1360
73
4476
8981
2918
7169
1440
3348
3181
4471
7663
4559
1746
8984
4514
3552
2757
5267
9543
7481
3461
5158
6011
9342
1509
7970
6754
8554
6106
9896
2829
9996
8136
9593
5178
7199
7298
8597
1117
118
1451
4543
8960
7699
5827
1953
4028
2584
9895
519
9688
8423
9978
3074
2511
1
6307
8101
8722
1221
3729
9260
8524
6256
6457
6823
1148
1655
8097
6428
7123
521
5998
7272
4826
9952
7223
1227
4259
339
8473
5630
3110
690
6606
1943
5966
1833
3643
5631
4197
8375
2297
3810
34
2334
9207
7473
3926
1671
7327
1397
1163
1876
6527
8024
6483
3947
3156
511
1136
1093
4356
8829
1871
2692
4876
9589
221
9352
6833
4331
9884
5287
8601
5570
67
7651
7353
8456
209
624
6799
6023
9785
7519
7544
8988
655
6807
6944
8689
1641
8312
3179
2575
5216
7432
252
5814
9834
1071
9836
2698
8344
3894
3566
1851
8585
7818
9921
4080
1750
3573
4445
7736
7476
2710
1860
1925
7382
377
7575
2031
6812
9417
3180
7906
3111
9740
7486
2105
212
2550
2224
1474
2733
2376
1072
8875
47
2635
3655
7774
3364
756
6308
4973
6870
6395
1094
3359
1535
4527
6947
8170
5325
4281
1104
2083
1518
7242
2633
8599
4103
7841
742
9684
726
1404
3996
4043
6935
6422
9929
1449
1408
1420
7604
7783
9812
4799
4177
2209
2473
4204
5894
4058
9696
4952
1336
9151
7829
2668
8071
8960
8596
6365
2242
4293
9676
6276
2766
5415
6990
4679
7817
2076
3657
2665
3015
6952
413
8946
144
3504
9068
9254
5726
724
944
4780
8112
747
2490
2497
7870
3693
1662
7655
7391
2371
4501
8491
501
6484
5488
8448
9847
4972
8806
9136
7381
2930
8426
7155
6453
3207
6404
2285
1295
5190
7429
3915
7500
8184
9262
5947
7783
4256
8847
5672
8616
4955
9986
5108
4595
3097
9768
6011
2982
7006
6360
5083
725
2933
5738
7152
388
2375
1938
4256
3036
5593
3707
9371
519
3063
635
6968
6428
5578
2428
5802
5389
4638
3038
5963
4707
1773
7776
1527
5220
6759
8255
9397
4574
4100
7580
6581
5665
8536
9052
5613
856
1643
321
7268
6844
4356
299
9390
8634
9450
4658
4237
2856
7232
7068
3343
1651
656
9112
5085
7745
2495
2658
2805
7974
2020
8147
3950
2439
8674
9190
5507
6263
7252
2978
5964
8889
9046
3129
3941
9139
566
5764
4572
7224
6766
4403
4357
7020
7919
5873
2719
838
8541
5898
1802
4404
3696
5335
9393
4864
7332
937
1607
5341
1315
9264
1802
2040
9575
7638
2828
5408
3047
9765
9862
1383
1144
3322
7667
7138
4645
763
1892
4600
4556
2620
5831
8767
2735
3434
4449
9042
3427
7948
3240
1900
6100
7343
9773
3438
846
3208
1237
2438
6408
7839
9940
4059
4752
3477
7807
7575
226
1985
4123
6629
9680
3791
87
9437
1514
8858
1942
7073
3304
2782
648
5604
9960
5804
70
8578
7639
1608
1566
4222
4544
6656
9214
5445
4336
1367
7555
2682
5802
1609
4080
7220
815
6594
8747
3389
695
1677
1958
4082
1684
9072
5897
6116
3074
5391
2056
2591
7782
2711
1112
7777
702
3651
3654
8438
1717
9119
9088
1151
9625
2834
5028
7226
3675
6216
7344
9293
4989
2333
6840
9232
9435
5189
4063
6643
8574
9071
2852
6694
8268
5626
8444
8483
2532
8050
5940
2927
8532
2377
7995
6666
8342
5470
9898
5183
9366
2263
6132
1932
5052
104
2859
1960
1411
8980
7397
1832
833
8099
8638
2795
7888
4358
6401
7278
1916
3665
3523
6977
9904
2445
4054
4423
4755
8820
388
2141
7589
5422
2387
6709
7236
7711
3572
4273
4743
2696
4856
5445
650
7436
427
3974
20
5216
5814
2680
8847
7633
6790
1968
4571
2631
1152
8023
3472
4109
7017
6034
2794
1149
1065
5930
8802
691
8368
4279
3332
336
7858
1023
4854
809
2971
9192
2529
7302
1133
6136
7102
1524
6484
8776
963
2261
6617
7922
1760
8448
5829
2288
8409
523
1007
7798
6490
5913
4821
3830
13
9805
9909
3600
7133
9931
5944
259
306
6965
9591
5535
4634
2848
9621
4057
367
2212
6426
4077
8855
497
2126
294
186
132
9113
9508
8235
574
8816
8240
6443
1475
8692
7784
6584
3260
4093
243
3739
7782
7998
9754
2023
4599
8325
3448
6472
1988
353
621
2289
7309
3892
5187
5355
4825
4186
5822
2929
987
7495
369
9212
4034
2593
7751
4842
7622
5085
3480
8918
1188
4722
4245
7855
9502
4550
1879
4399
1795
7588
2426
2226
352
9835
5225
4931
5620
4286
7849
8277
8070
6226
6747
65
9724
3165
3724
9075
1415
5533
447
7009
5212
5359
6340
8460
6565
8228
3069
6940
1750
1120
2064
9728
4059
9402
6517
8868
6466
4210
5625
3550
8614
4545
5907
3045
6324
3566
998
1107
9288
2260
556
6591
7650
6931
7608
4940
2681
8341
6556
9376
147
4213
2965
157
2451
205
4411
6336
5553
8450
280
8273
2545
4679
7048
3764
6465
5856
5443
5697
1308
652
9246
1364
3653
2051
2205
6779
1541
5054
6807
9028
5417
2030
8649
231
8302
8023
9700
6043
9381
7072
6874
4392
1852
1291
8318
3618
1752
4099
4699
2282
9549
7555
8105
1475
5812
2709
5502
9171
5711
8408
4866
7565
2858
6534
8594
7254
8928
5934
2822
8148
9710
8988
3608
7107
4479
3193
8762
7029
5019
4545
410
594
9864
1606
5315
6295
7258
3195
350
9695
7092
3090
7844
3993
8710
6575
340
5040
6268
4362
6362
9805
4771
4263
4258
1302
7285
9432
2424
3809
1061
7767
3964
6976
7604
3915
666
5184
7350
5192
1550
8844
2755
4644
7038
1832
7943
2897
3856
7439
4263
8898
6433
8606
1809
3330
4821
5686
1321
7744
359
7662
6029
9787
9239
6511
3240
8041
5160
4321
2688
4840
4092
9056
4005
475
419
9207
9816
3379
7975
5463
7670
7812
3752
9536
2556
9688
3169
8106
863
8075
2290
6694
2189
396
3219
7763
5210
5401
9665
6340
1729
9613
2034
2467
7829
8919
2617
2184
2339
869
3234
9891
2819
4419
7049
9651
3440
8488
4550
6577
3866
782
1214
6180
2461
3622
4418
5160
5477
9386
3967
8717
1214
2585
2296
5321
9206
2055
8088
8340
322
1625
6372
3382
149
5226
7326
7694
129
1507
7641
7053
6078
8263
7524
8241
362
731
5820
4856
862
811
1971
6946
6211
3210
2345
5155
1158
4359
5620
2394
2652
986
6931
9963
7580
9582
2017
3406
1989
997
1498
6989
1623
7482
3229
2914
9098
6344
5176
2810
344
3168
1882
9579
9189
2935
3121
8771
8003
1918
9025
2581
9576
2449
5711
9460
7256
8308
9890
2718
3278
5520
2960
8442
1865
8229
6007
7938
7290
143
5388
453
8853
6078
8770
16
8224
887
7373
6014
8796
1545
3579
8468
7757
76
8341
4859
2407
4379
5914
4482
4941
5996
5158
272
5438
9382
4917
3994
1613
9206
2366
2559
7576
9254
9819
3656
671
2339
7494
6569
7626
4948
2900
1195
7278
4917
631
1661
7400
4042
4755
6777
9672
6112
7456
4985
7459
6952
2169
9238
2611
261
3998
4234
3352
5307
1580
1148
8893
2310
1165
4672
6378
7721
9653
5373
2138
9494
1946
5654
3311
5819
3543
1070
722
678
2984
2656
9552
3041
5873
5814
9929
9281
2509
5516
6563
1050
2292
5465
2573
7920
1211
3066
3450
8227
9930
6447
5352
2771
9831
1047
4629
8836
734
5593
2709
9706
9602
3956
8541
8996
2512
7598
4503
7554
8351
2813
1071
8353
50
2248
5112
4240
6275
2937
8699
1770
8869
9650
1888
3285
6021
1524
2073
6414
759
3840
7141
5559
5089
2555
5377
7307
6285
4545
8675
9144
1199
6320
5612
5847
9330
4581
856
7588
8699
2349
7715
4885
9095
2802
5873
3753
6427
5779
383
1392
9889
6649
9599
9148
1228
5486
1469
904
9301
1430
7937
5621
7067
2299
1924
9601
4073
5563
5822
1955
9685
3221
25
2403
693
5966
1467
1343
8709
287
5417
1332
13
1339
4101
7511
3983
7883
4697
6013
1725
6115
3090
7609
8555
1226
9626
3917
8200
7614
489
4378
656
4623
4615
1944
746
7215
4255
4081
5925
9163
7198
8996
412
4698
4655
4277
415
696
3354
2823
277
90
9044
5811
8081
5695
9459
9465
8598
6882
6765
1856
3532
3137
5157
4832
7526
6759
2895
9904
756
9024
282
9823
2126
8797
8052
5598
2127
4559
7869
264
4397
8685
1449
3172
9521
5798
2136
5468
8264
8489
6521
4975
9780
705
7829
5108
7973
1885
4214
7263
8515
4177
1018
9520
5205
5658
8457
5552
4626
3313
3125
2472
8994
3896
2833
1398
8600
8234
6259
8834
6761
4916
8725
3844
7488
2600
9231
7567
6623
2751
2457
3567
4287
3039
59
6694
4098
3735
6411
5390
9239
9602
2572
6142
3808
627
318
8272
2694
2786
4670
2670
2947
9522
7885
8396
8854
4865
2728
5171
9910
8708
7126
4564
5996
2868
5259
9549
6779
4547
2423
9629
7697
7840
9659
241
2322
5586
862
5262
3542
7453
5661
4049
9305
7030
2950
5182
9549
4300
5606
1259
8835
3889
8056
6024
5245
7015
7339
2290
438
6504
8789
1654
3372
3174
9405
4633
3746
8535
2419
5536
7111
4068
5787
5535
1492
4126
213
315
6933
8334
5778
4321
617
9075
8575
2775
6787
8809
4513
9238
7773
778
219
5622
840
6389
5591
1495
570
8249
238
8197
3989
2402
7758
9173
3286
3081
5288
7077
7237
683
9562
2305
3632
9470
7709
3165
7772
4967
8635
206
9549
9304
8928
5485
6780
7237
2310
8835
9438
9112
9014
2309
6582
9529
5327
2353
4485
2938
4006
2153
9948
4255
7882
4902
2718
9646
4548
2867
4703
433
850
4008
5805
5535
4496
8857
2743
475
5768
3260
8363
5699
3069
8509
5592
2064
7668
8691
5903
2857
1458
8911
4824
5589
2956
9658
5424
9662
8396
8212
7763
5429
3356
6153
4686
3402
7786
4667
8748
860
8355
1206
7983
2475
8549
2541
5697
8511
4638
4872
9010
514
1916
2631
7207
8314
2792
8464
6539
395
2226
5353
5197
8836
7264
7777
3818
781
9717
2122
7175
1507
7614
5124
958
2978
212
7255
1308
2889
6341
7716
2148
1120
6141
7756
6118
9578
1884
4660
722
4704
6059
3918
1918
9179
5771
2030
6216
1478
2754
866
4784
8573
2808
7395
8466
8521
2452
9833
1980
9566
5898
3398
5399
6071
348
9568
3798
7460
5369
1410
808
9910
5206
5871
9144
6745
3121
8516
1007
9956
6090
9213
7183
2327
8216
492
5151
507
2197
3493
2123
5063
9498
4822
1257
5982
1128
3246
3162
2004
7869
7819
507
5851
3169
2974
2641
9194
9313
356
4492
7098
3628
6342
5459
2320
1409
4297
6356
6731
9855
6570
396
5588
2518
2044
2727
4125
6955
8104
5041
390
6369
429
7551
3990
6518
5935
2193
9551
2618
5043
8694
6385
3048
8160
8289
2616
7525
7409
1432
5725
1220
1209
700
3788
7499
6803
8696
5544
6813
3786
1545
6246
4768
1158
3387
4141
5108
9662
6349
5581
1219
8583
6644
7639
6766
1365
6802
7815
2486
182
5539
3791
3739
7521
928
4594
7386
8075
4369
7304
7529
1231
2826
5822
8510
1238
5653
9473
8049
1643
9538
7604
9247
3319
5571
9102
3626
7188
5735
8460
7967
3693
9302
3047
8900
1710
1918
9359
6917
973
2577
6363
4015
5843
3945
4183
7274
447
1263
30
9252
6138
5286
8981
405
208
2651
8437
4153
5976
8144
6016
7336
579
5332
3053
1813
3036
8275
6434
6635
3341
8805
6351
3772
6978
414
7974
532
393
8133
3479
2520
8877
5921
2039
8960
3332
2544
8945
4425
6994
7346
8604
5979
8716
1035
2951
7563
4506
5435
9196
5561
3299
4686
5898
1843
518
3159
8155
9440
3409
2093
7873
5916
4976
8523
9952
9223
4332
8121
5880
4880
1868
5600
5217
1187
2597
6650
362
8391
1900
9200
114
994
8327
1291
4959
5028
5548
9398
9356
1821
4482
7525
4565
7384
2988
4368
7178
2393
2008
2302
9653
2589
3237
3429
3083
9966
5639
2925
2879
2584
6324
3420
3267
9344
9239
7033
1634
964
1037
2310
8164
8356
6717
160
3286
1697
9247
5988
8839
7664
590
3035
5020
443
7854
6109
303
9855
6657
7847
4758
8370
1994
9453
6629
3481
109
3702
8385
6984
6327
5561
6894
4421
990
7069
9740
1010
8302
2820
3646
5789
7223
2974
8682
7891
8728
2838
9275
6551
7974
3817
5363
8661
1993
7871
1750
6563
4087
1690
7903
1680
6437
1500
1226
345
1488
2272
5702
1049
1086
1677
9862
2646
8027
2243
4024
2560
2590
3426
8407
3778
659
6923
885
186
4872
7579
9055
515
4838
5698
9416
7556
9847
661
317
3333
7930
1730
1847
1027
247
1176
5696
7697
9375
1753
3150
6566
3055
46
1928
656
8414
9379
5097
9505
7889
7802
4158
4290
7004
4463
1410
4044
4300
1929
4255
3723
5877
9396
3464
3888
5091
5020
1639
8603
8314
3132
2937
3516
1277
3963
3626
6073
9330
7624
929
7590
2836
3446
9062
5397
8915
8019
1800
3165
9291
1850
8684
838
3709
8532
4620
1999
1274
3947
2006
3278
1924
6984
3382
7936
9488
999
742
1519
1207
4076
1802
1344
7871
4954
2757
4013
6731
4309
6018
8186
2706
6572
4635
8761
5578
7049
4965
4552
8204
8451
7774
9757
8715
5797
7732
8256
1240
2321
3624
9007
1187
3543
1038
405
3600
4323
648
5723
5024
7257
2285
8849
9312
9678
4728
9633
2887
3172
6773
4285
2882
5128
6646
9748
9970
2752
5228
9866
7160
8410
7389
748
47
2855
9061
7176
7394
3521
4434
2218
163
2413
1138
7614
1017
1889
5103
4602
6472
8232
9479
3219
6733
9590
9718
3713
1862
6056
4537
5107
103
11
9804
574
8309
8936
7404
6329
7626
6576
8880
1522
9926
2993
8716
672
1215
2144
7519
2228
4140
6117
8264
1571
9051
9421
1043
3162
2744
645
408
9870
210
7951
8944
5787
3641
6669
3420
4043
9383
4853
7143
1494
2616
5251
5072
5048
4789
4132
9456
7390
8565
4041
8440
9943
8784
4863
9152
6801
9565
1640
783
1463
781
9382
2080
3510
4166
1417
2607
2760
597
1607
6582
7860
4676
9756
1157
2992
893
3742
1770
1744
5993
4246
5745
9213
7828
9412
3231
1483
6692
5289
4483
8504
1767
5957
8817
2092
4377
9395
2860
6667
6406
3936
6742
1709
4258
3972
4638
429
4871
1948
2121
654
5840
6650
1463
5612
7929
3586
5510
8945
4928
1658
4490
1496
4348
8020
7161
9871
8019
3342
4582
9623
583
7266
9207
9400
8373
8647
5048
8202
3504
1726
975
9880
7381
4744
8889
6690
2819
5646
6808
231
8069
8721
3163
4338
1901
8255
6705
7346
8266
9298
9310
1734
9397
8898
101
3388
7498
5284
9929
6734
9641
6549
949
691
2680
6050
4978
7530
701
3900
7376
5372
4028
9412
1043
729
4089
1988
2687
2844
901
2885
6378
9693
6626
9521
4655
2805
4856
7867
5425
6340
411
1842
4429
3562
3579
2430
8365
2587
4281
647
3449
2572
946
1960
5638
6825
6298
1071
2389
9758
4137
174
7146
5844
9668
676
5855
8596
2603
7263
2922
3163
6678
6679
8783
8365
7095
3163
1121
5357
751
9356
4025
2820
4690
7671
3669
2855
7260
9167
2946
2864
4220
2020
6568
2305
6306
1266
3299
867
6856
6646
8192
2619
5622
3365
4260
9640
2461
3629
8009
5927
9848
2747
4549
8631
8929
6842
1570
7985
182
6181
6209
7427
132
4828
3360
8948
7863
7549
5122
2239
2021
6417
36
3132
3532
6327
3523
1595
5801
5067
3679
2345
8932
2642
2032
3983
7521
5250
7195
5066
270
925
252
8351
6567
751
167
8834
5351
7290
7176
7178
1433
6307
625
1968
9218
2647
616
7610
1853
8131
3213
2161
3830
5565
3327
2581
7945
3704
4677
3371
9826
7459
4425
7153
1022
3093
7473
7416
1399
6544
1003
9218
3022
6395
1503
1860
81
4161
3038
8939
333
4553
723
6829
6555
3632
9643
1606
4609
2914
8934
3923
2483
8495
6607
7747
8484
8586
9717
8664
5283
6609
5343
5829
1858
9233
3294
6560
482
8901
7484
8265
1443
6475
2392
9961
1506
811
2237
8153
1895
6367
5660
7596
2362
5590
4031
5693
6092
4951
1954
5459
8591
7588
3210
6405
4806
7264
5371
8361
3836
5710
1593
6922
3036
191
9944
9981
1159
4761
8668
8128
3642
250
2801
8428
8832
6591
5003
7440
6337
6417
6837
5584
7624
181
4882
5955
1333
5388
1022
1195
225
311
9543
1101
9454
4453
3023
1620
1212
4954
1952
5129
4158
8719
8815
3997
6112
9678
7787
4421
2137
112
2426
5790
7080
3606
3501
7385
4215
7196
8606
2321
3755
2132
3054
824
8461
6482
4381
3596
5210
3756
1750
9189
1498
6093
3668
9297
1032
5146
5180
514
9836
2583
4368
4290
2253
3153
3984
303
3102
8980
5960
364
776
6042
2531
7881
3151
2624
1745
9369
8853
7028
1117
6574
1943
460
1830
3888
1458
5126
7432
5158
4897
9937
622
7928
7155
8817
6903
5286
9948
4745
8163
8725
9962
4762
1512
4770
6979
5296
4959
3545
831
1311
4974
4912
5905
2028
7777
8298
831
1869
5917
8692
7046
7104
9861
7908
9890
9925
8739
2143
6208
3975
654
1666
3026
6064
515
9347
5756
2897
3919
7829
4989
9652
3015
2878
2384
3523
6445
7166
4178
5992
8469
2723
6938
6703
4264
1038
2311
6578
2414
348
1879
198
1433
1891
6791
6048
8359
6437
2651
9426
9596
5859
209
7884
9787
3620
8186
896
1674
1777
1552
4372
6761
6910
4943
5114
9847
6872
3756
5155
6565
6493
3611
2415
6872
2385
4094
1791
6768
2054
4039
6165
6833
1474
1909
4089
8647
4632
2349
458
1229
9253
2770
3948
8993
1291
6236
1
8952
6843
966
9482
3998
4475
5028
7526
3964
1012
5487
5744
6425
7639
9151
7098
2868
675
5243
2424
9937
9864
8645
2501
4252
205
5248
6123
6180
8048
8258
3324
707
4484
8508
357
1487
3302
2484
3217
8077
3527
4359
775
5870
5895
450
8743
5780
1941
9057
2196
1489
9918
1514
8467
91
1296
9389
1794
410
1213
19
6528
5486
3168
2229
6090
1316
5482
5474
7350
786
3415
1436
8309
2741
7017
6298
8074
9304
7608
3815
9030
9539
132
3843
579
9422
3935
6973
7005
2585
7609
5253
7225
4373
875
2207
8600
9367
690
3564
779
1597
1653
410
1405
9588
2590
136
6422
7309
2583
8338
2394
8771
5338
2750
5372
5345
3517
1867
3223
8615
8854
558
5023
9664
9506
6344
3385
4647
2141
9927
3565
9895
283
7760
3745
1361
8341
420
4372
2253
191
6655
3776
7561
2821
2188
3119
8046
4690
8366
2561
6267
171
3379
3366
2398
7597
9886
8800
503
8950
4484
230
432
9380
7916
3832
9885
5072
8754
4669
1434
677
2932
5552
7562
1180
4824
7809
9780
6605
4880
2925
4615
9613
3624
3935
7671
2482
9468
3661
210
5878
896
8856
7760
5387
7821
8429
2923
9239
1886
5940
9338
5506
3318
9289
8326
6755
2048
7250
4599
8950
748
8416
2918
7240
3949
6455
5949
1141
9392
3988
4545
993
6554
637
5688
1678
4413
568
4910
8420
8299
9088
7448
9983
3972
5796
1585
8329
9899
3879
5361
6191
633
1056
7961
8299
5230
4530
5762
5061
8621
9032
4302
9431
6329
2250
1627
8028
7453
2883
6877
7407
9683
6164
4711
3016
3409
8539
6599
7578
8011
7204
3064
5698
3375
9222
2390
5590
4399
477
9491
6820
2943
2768
5161
7032
7665
76
6571
6025
3980
7576
4932
4365
5123
9678
2015
2384
5029
8612
4356
9930
3809
4586
6842
9350
3872
4138
8528
2867
533
1891
6372
268
5522
285
2403
1756
8965
8336
8483
4487
7764
6604
5577
3941
6330
3931
7855
1104
2565
4609
5683
5479
2662
2650
3719
1631
2350
6117
3117
699
9998
5933
995
2149
619
4709
1788
1113
4019
1627
8079
310
7402
882
8449
6044
1950
5181
6996
4960
2124
1084
559
4132
6896
2497
2629
4153
8985
3514
7117
4192
4571
6723
8755
9990
5898
5180
239
3825
7909
1158
1
6429
7999
5770
5363
5807
9061
3881
40
5050
684
8968
2008
1797
583
7245
6153
5875
217
5234
7519
9311
5153
1552
4200
4257
2866
6037
6319
5277
7996
4425
7970
3144
2093
9296
2452
8477
4903
5979
209
7691
5152
81
1321
1467
1352
6987
9290
2652
5446
4465
1461
6281
4870
2080
954
1671
3161
4270
4594
5775
6751
6113
9209
279
1910
5755
6724
8431
567
3066
7392
3457
975
7443
2078
2656
4669
5834
9066
9205
440
4084
4544
1198
9419
502
3849
9033
6278
3042
303
4793
6729
5507
4169
3850
141
9890
6815
8066
105
4802
4210
267
974
7768
5529
8570
1539
7843
6694
3675
8225
8350
523
1064
4191
469
2908
50
3113
2373
8296
2490
2812
588
6273
6747
4511
6806
1054
7193
4672
9817
2211
911
2454
6421
9750
6175
7927
4284
1853
6304
2518
7830
470
7442
7881
2241
9750
7881
6863
29
1708
4881
9035
3005
505
5861
9239
970
9878
215
988
8778
6278
2340
4938
1691
2493
2556
4511
3481
4347
611
7631
8974
205
9838
9036
8655
6907
8564
3423
7548
5203
7366
1481
3914
6758
5778
5969
7303
3485
7398
1383
8549
1374
7858
3262
2637
5286
2202
5312
2998
909
8453
9793
8525
6223
3066
5026
4987
5858
6970
4817
2046
1028
3346
4429
2441
1816
6459
6590
458
285
2890
3791
7280
2862
3706
2764
5438
8899
6153
4616
7584
2714
5425
728
1240
650
4346
7730
9455
8455
4150
2997
4309
910
4821
8904
2107
8207
9719
9358
1465
7159
981
6404
5919
93
1664
6217
5624
8194
1877
5148
4255
1016
8816
2311
182
120
7409
544
6790
7484
6766
5307
4297
583
1187
3147
2007
9818
1306
6358
7225
2889
5136
4208
1143
215
6411
3922
9670
6880
8278
9265
5821
9711
1168
7820
6282
1478
1093
1722
6625
1185
3184
5846
1753
1562
4754
741
3318
3568
5256
7386
4974
4816
7232
6880
5383
8847
1595
5172
16
5976
8868
4188
3876
4806
3818
670
5514
9138
209
9740
5937
1579
5298
7020
5193
4391
4980
1170
3092
175
2556
4222
5197
563
3987
3797
78
8950
4900
108
2157
3432
582
4277
7673
8223
430
9744
443
8719
5561
4279
2445
1191
75
460
2373
8222
6938
812
3340
8574
7630
5022
2099
1365
6702
3911
9588
7288
1970
7335
1992
4913
2945
4611
1766
6357
618
744
5636
2247
6878
5896
1115
6070
6217
5573
4076
8073
1665
6452
3906
9719
4700
2979
9732
741
1113
2811
8708
3445
428
8448
2877
9468
4610
2307
7279
1
5299
5430
11
2178
7681
864
2552
1207
8684
7327
8201
7915
9381
4128
1752
3324
5095
4888
4832
4800
900
1407
6137
1144
8306
7457
9221
4035
9551
6825
5557
9982
5784
1781
1438
9325
8748
789
6683
5288
7533
2182
3219
5478
36
7931
4490
4384
299
7818
3183
5756
1401
2206
3620
8111
1818
3954
6015
1140
7145
5881
2112
6939
3050
6182
7684
1193
1102
3578
4924
9520
2687
4149
6601
8260
405
2520
944
7736
7218
1936
8976
418
6267
6883
1151
2139
3979
1961
7900
9546
2785
9517
9530
6197
8620
3422
7509
1314
672
1084
7371
8819
9013
7158
4514
7118
7109
1719
4609
962
9903
792
4659
9070
9704
6367
9459
1697
4474
4623
9535
4306
1525
8596
5731
8002
3685
1836
2627
9203
7386
7635
8067
8551
9646
8055
3454
9814
211
9817
4291
8300
3002
7592
6433
4166
3375
377
7526
9839
5893
4926
1768
2337
2375
6192
1310
9090
6658
1885
4637
5313
4375
8084
480
5247
9222
415
8144
1994
9799
7820
3945
7162
6920
6167
5554
7867
4968
1180
6118
915
3098
7422
7131
8746
1531
1722
1555
1669
4504
2087
5357
7695
8379
6273
9492
1439
1794
6962
1987
8987
1826
3312
8681
8262
2250
1646
8470
9783
6065
9296
2069
912
600
5680
7793
4777
3732
3743
1470
4448
2972
8436
4859
5448
4559
6803
8073
495
1349
9537
2229
7155
1875
3997
1019
3911
1270
8198
8112
4605
4159
7705
5484
1156
7175
6954
692
7529
8016
1814
534
4568
3065
5558
9642
8881
8495
6465
9563
4580
9044
8012
7734
9794
1198
7764
9782
3295
2567
2576
2734
3320
2603
6657
9252
9063
8968
3219
6268
3742
3132
1145
1608
2154
4523
8641
6328
8360
9960
6612
6924
6763
9672
7913
7049
7371
5535
2106
1809
2535
8383
5674
5097
8567
9178
2850
1953
7212
2346
420
5302
8077
4556
9792
3639
5713
9400
2859
6340
196
9088
7395
3360
3737
3126
2572
8728
1112
4362
9366
3446
2290
8949
5963
1355
5575
4772
7175
1545
3807
2965
9089
6359
5762
8791
4420
9567
5400
105
7995
242
3920
1867
5107
8150
684
6217
3363
9085
3352
5055
858
3468
4097
6144
5541
9111
5173
1603
8272
6418
1777
3715
4233
6183
5338
8647
8118
4472
438
1883
3677
8392
9074
8205
7728
1828
4379
2228
9762
1054
6662
8918
744
8463
3036
9436
1778
2261
3907
7391
319
1070
9887
3839
3645
8021
8591
5212
3734
1689
8987
8642
867
4220
1766
3347
9650
5593
446
5590
3616
8730
9901
2106
4934
8004
5472
8791
7229
3745
2874
1908
7773
8490
7416
6123
9990
1098
9944
9500
6468
8231
9265
5088
6821
9333
1721
1326
5455
2629
2398
3150
8146
918
7472
7631
7822
2907
7841
5563
3032
6911
1810
2253
7165
6232
4935
5367
567
1968
2619
9838
3392
5355
6530
7862
6421
7912
1785
8942
6418
7789
1154
5919
8323
9603
9460
4046
6941
5498
604
1654
2282
6891
2568
4888
7385
6474
678
7911
1846
9884
7482
868
7853
3106
22
3275
2729
6313
5368
5094
2243
6207
118
7736
1812
8201
5141
223
3392
2745
6442
4863
6783
5824
7819
7010
4602
4275
7912
4910
5123
1453
2077
2170
4833
4101
9244
26
4772
5365
8279
589
844
896
6400
4558
272
8674
8726
9587
9942
2087
2420
6831
8141
2779
3645
5386
928
6685
8168
2458
6966
9125
2904
5828
8039
3622
6465
226
3168
6408
4565
4615
2754
6320
9569
2245
8674
6109
7876
6428
9524
4722
6618
3218
5527
9327
8732
3144
6888
1810
6082
7919
4141
9742
9505
8783
2123
6740
3882
421
3908
1870
3683
537
5549
1477
162
7239
7207
1795
4938
6782
8537
4382
4197
5189
5127
6564
618
3
741
5962
1418
3091
7417
8630
992
9112
2469
1902
5431
7394
9993
8737
1260
4729
6416
9653
8110
4955
6490
1189
245
5385
3907
1329
335
3520
3617
6481
529
4070
2338
7278
2514
9664
6813
3466
5061
8188
5584
1804
4785
7018
1022
8270
8419
653
1689
7166
5298
6121
4715
903
9213
1634
7835
4926
9468
8869
4284
5392
9930
6029
7946
6372
4030
3263
6782
8994
8669
8773
7784
7293
6900
4676
8448
2416
6623
7385
2697
8302
7333
6778
665
25
2229
9849
516
3781
5244
189
4374
3483
6116
4274
3077
8160
3526
3932
4698
5231
1958
3280
3061
8560
1381
5430
8682
7770
1260
2438
1314
1573
4966
58
4554
6646
9925
2585
3151
3901
7816
4338
64
7515
6110
2642
5947
2337
569
9288
7111
8121
7072
6587
529
8260
6351
3221
5995
8363
9755
3923
3217
6540
5080
6490
1213
5164
2445
2386
621
8074
2638
4163
1288
6487
2523
6153
5913
9877
1610
6485
5341
4983
295
4966
9052
4264
3702
6566
7820
9458
6651
9176
4580
6122
9117
9726
6622
9889
434
6777
6393
4919
4888
4140
8678
4001
5146
967
3248
871
7702
657
9306
6778
4248
7395
2830
2512
4388
3047
6725
59
4192
2078
9239
3644
2144
5856
7312
8914
3329
5776
6421
4820
2805
7584
9778
7233
8481
146
4738
9417
5410
5649
5612
1372
3985
6277
1456
8119
4698
8671
8878
1096
6632
7371
6615
4585
5772
7525
9528
840
2776
7385
7865
6278
3343
8850
4441
5848
3289
1774
4342
4184
8130
2682
252
5120
6606
3522
6639
3259
810
7069
2876
8556
8719
4398
9386
9534
8828
4290
2000
3475
5408
4380
3849
9552
2159
7045
7319
7585
4040
4506
2171
6645
3569
2678
8206
372
2215
8479
8443
6649
6453
1075
8442
4699
8519
3702
7107
5851
5359
533
2001
7724
4929
5666
3918
4333
2709
5304
7652
5357
1564
7106
3284
5304
5308
2645
3232
3514
5389
4168
8799
9457
5785
729
8653
614
5017
6658
5055
8044
4512
811
2625
6991
1896
5730
8337
3005
3543
490
2519
6287
1356
5368
4526
9361
3969
191
1619
7527
9260
7485
2032
7778
9835
6729
2600
6001
5249
5183
9764
5550
8030
1259
8345
5412
2794
5459
3440
4224
9640
1528
389
2729
7188
9019
3811
6861
7764
7064
9992
5031
5677
8900
4704
7642
9140
5968
6837
311
3849
5246
8586
390
8477
7768
8116
4363
1271
4061
6936
7238
4540
3680
6293
9576
4269
229
5306
4040
947
1307
1817
4564
7091
7315
6633
5476
3772
317
9228
4072
5344
5708
7555
8287
2977
5678
6998
4579
7700
805
8684
3501
2531
8079
8332
8631
9179
5840
4292
4058
4731
7655
8183
8784
1755
1983
4346
6396
1529
9118
702
4208
2865
980
7016
7171
3758
970
1939
1763
5096
1831
7423
5651
4934
7575
9025
9982
1286
4872
6434
8978
7286
8307
622
3143
3646
9292
9529
3955
4447
5646
3284
3780
820
1681
4217
5129
2887
6939
2886
4334
4297
6464
1210
169
6683
9532
8139
2467
2250
7629
981
6077
2860
864
1533
3158
183
2811
5491
4136
9930
573
2622
6630
8944
2354
3197
7073
6905
3229
6358
9638
1928
5617
5617
7820
3734
9614
7143
6345
4785
4545
5732
5648
8525
3381
4519
1476
1028
8559
8406
6681
8401
4941
332
6112
123
4321
7216
1267
8250
9177
2550
175
7556
8805
3424
8847
9942
833
2104
2686
3859
8001
5943
2381
3315
9841
4517
6063
2725
9135
8375
1700
7927
5458
5321
3306
9550
4333
7631
7982
4922
5745
8360
5264
4666
1870
4495
878
7453
9431
1698
8652
6047
8859
3317
4255
179
9336
8363
6848
5369
8752
5412
5732
134
128
4270
1326
9750
830
5428
6764
4446
3450
246
868
4903
6016
5102
5166
3648
9363
2022
3693
4315
3417
8530
6314
2308
3558
9517
1722
475
9748
8448
1141
3011
3792
1743
4050
3427
1010
4854
1157
5431
4074
6821
6401
941
9711
2819
3995
8392
9535
6482
6300
2092
4384
5187
4343
6118
155
3587
9849
4853
7067
8284
6180
9493
8802
3859
9787
1582
5427
5226
1689
9809
2851
5457
6341
2908
5898
1919
5896
3954
9427
2645
7957
3402
8155
3357
9698
3762
2135
3696
5813
461
7336
2936
8010
6651
4848
8850
6007
7828
6655
6097
511
4817
6989
3438
4011
2421
3123
4504
6338
9925
1176
8206
6226
2426
9255
7412
1418
2706
9099
9257
7068
9096
2900
3973
3211
6016
6890
1868
2641
3971
1078
4246
3509
5717
5704
7748
1042
5590
1455
7044
7758
9885
2297
1956
8146
3144
282
2058
3470
9657
1959
3128
3689
29
8406
357
9112
2541
3179
1423
5755
6300
215
1059
302
4192
7995
6749
8166
9854
9204
5580
60
2438
3795
6119
4944
3387
8983
4294
1446
4161
2716
3965
680
5929
9627
1964
7072
8468
6282
287
143
3925
9006
4525
4408
4780
3398
5464
7284
7095
6280
306
1094
9196
9266
4115
1054
71
8904
3867
7606
7686
4350
6242
8387
5394
3911
4287
7769
5605
9252
1342
6700
9717
8155
1512
5590
1076
9329
9051
3909
8214
1076
4756
645
5559
7647
7651
3609
7244
7741
9267
1218
1170
5038
304
4059
2415
6532
475
2069
4543
8467
527
9184
9017
1303
9205
4628
817
5217
6525
1593
5115
3843
5334
9590
3302
8643
1963
2231
5738
7277
8133
6874
9780
7763
790
5943
3269
2975
9202
264
1862
5776
605
6464
5248
4265
7418
1027
549
8998
7141
3688
9549
9324
52
2483
5599
9551
4129
4767
847
7207
5622
3936
6715
2010
9360
2166
1843
1007
6484
1073
4732
8818
7962
3725
9986
7271
8351
9829
3610
6610
708
167
5995
803
2257
5264
6481
8150
243
3801
8175
8896
8577
8228
4744
2341
7201
7262
3559
3760
3144
2622
9546
2487
5060
82
554
7058
899
149
5771
985
7811
5918
6852
6800
3713
3462
4378
497
6490
5298
1357
4672
8155
5234
8866
7551
2837
4844
8140
2277
2887
2904
4088
4951
5379
3370
9170
3098
5601
1705
3534
728
1929
929
4836
2023
5172
2575
4195
1849
3244
1950
2985
3009
6158
8289
7770
483
6002
325
539
9201
6801
1585
2266
4771
6854
5960
191
3606
2659
6860
7291
6063
3334
1351
1729
5916
7668
3962
8619
4592
7157
2824
5704
5467
4699
8079
9389
9684
1860
8647
1675
5364
669
5456
4767
8442
7676
2180
7294
7144
1954
5274
6377
7644
8362
4509
1262
7078
5544
4904
2421
6701
7713
6299
5894
7428
5658
4631
2909
8811
1122
9946
1233
3848
1627
5894
5263
2740
6209
8935
7205
5805
6081
8642
1857
8468
3649
3160
3217
3558
7734
5909
6320
3184
7084
3996
9771
1696
9229
8141
3633
3582
5409
8287
4544
5418
5210
1620
5404
9030
4991
232
4165
3876
6024
2306
7850
8514
9996
6861
3279
4555
1909
4168
1150
6607
5606
1472
4950
1756
8965
7903
1167
3329
5639
8072
9670
697
8660
2817
2245
8461
8298
8244
4469
4879
9358
4421
4482
8181
6115
6272
5922
5605
5007
6877
8479
6685
421
1699
4883
9579
2713
9050
3638
6127
4511
2833
6436
9386
1424
3193
6599
1999
2090
8592
1583
1144
8
6053
4387
4217
6857
2101
2295
853
4961
6642
4431
131
1130
824
1097
5078
3122
7395
6556
2086
2136
5267
1179
3788
5009
2323
6073
4959
1698
4714
1216
2734
898
5895
450
6050
3217
9875
1239
408
2939
5529
8835
1355
6835
213
1109
3781
1500
2263
3578
4113
3472
7829
6915
3545
69
5684
5510
5015
6824
6164
970
9984
597
9250
4732
9868
1529
1116
8961
7449
4901
6813
7667
247
5404
3285
5737
4474
3343
1066
4106
733
3033
7982
7985
5279
7243
6964
1907
9924
1131
6297
1012
6049
650
4644
8263
6168
8154
2151
9935
8908
4839
5478
906
4992
7306
3367
5132
9003
9897
4024
6265
5417
9395
3736
3559
7417
133
3660
1988
2319
7946
3057
1402
3675
2693
549
3443
1230
251
372
5479
4260
3408
4964
6473
1009
1665
2490
9683
1056
8844
7848
9869
6052
8677
4682
944
7190
6267
2180
3107
2485
5837
5920
6847
3391
9448
6447
7358
207
904
2673
8564
7223
9921
5259
5695
9063
4267
1902
3574
9116
5034
8131
2743
6452
63
5547
6057
221
5421
7998
6314
6420
9088
5119
452
4193
4323
3773
8880
889
6910
9079
7373
5019
1095
5642
1029
2643
5091
813
4162
2701
6945
2587
2475
3842
4806
8785
5994
3421
8198
4166
6700
817
6905
4418
9266
5250
7190
3523
6847
9852
7325
5100
3075
7746
6923
5237
2938
4280
4920
2987
7695
5322
5488
5908
5187
5591
6428
6737
1195
3721
4938
7386
223
7129
1196
3872
5776
4785
7324
7442
5910
7631
6909
6591
8360
751
1095
9601
6169
7736
5786
1220
2498
9675
7935
7321
9621
2798
9375
8067
677
4261
5047
1285
1351
7742
4977
9260
9560
2691
8695
4282
9159
7719
6647
5910
2224
6522
9270
4235
556
1723
7978
8291
2812
6555
1340
6116
2043
8882
9680
876
7543
7548
3221
6384
6665
2745
939
5822
6189
7714
8602
7468
6330
2842
5230
2266
233
5336
3345
4956
4147
9812
8455
5493
19
9675
3549
732
6323
6620
5866
7853
5604
3181
6214
8117
5050
9372
154
3454
3249
27
8879
3062
3532
7398
7862
8617
8200
9219
3661
1704
7645
3263
4870
6834
7677
5161
2077
84
3571
2795
7747
6500
8746
2355
6241
1028
6004
3646
3000
3658
6102
2674
3686
2761
635
1649
451
4690
7501
5879
5622
3643
2299
3176
726
6021
9311
4433
4838
7239
4774
4905
8386
3206
7668
7306
8041
285
7634
8980
2567
3219
279
8696
5554
138
8031
6348
8598
3195
5032
222
3102
1350
8026
9469
5345
2644
8700
9787
6767
5012
5291
9833
4740
1993
6414
652
338
7641
4604
9387
5531
1309
4896
1098
6304
6241
6303
8331
4252
9386
7291
8046
7310
3921
1492
6139
7580
8342
7380
5657
5246
5845
4024
5689
9838
9837
232
2426
6876
6880
7970
1385
9799
878
8087
7789
1293
264
3794
3232
820
5981
5122
2022
7886
9606
9959
3952
3758
139
6650
1926
195
3098
1553
7097
2782
7384
1649
2358
6354
4176
5728
9357
3485
8217
2494
2005
2347
334
379
2895
8033
305
5208
5834
4269
9462
4652
4008
3467
8648
5838
4549
2395
157
8417
7900
5982
1621
9002
4009
3805
4974
475
8427
2248
6048
9170
2453
172
5340
204
2751
8915
4229
820
6146
7320
6854
9451
3887
844
9496
4827
8410
8705
8385
5679
8826
603
3006
2282
1215
5098
7699
7693
3348
569
7053
3060
410
6303
4866
7676
9976
577
4818
7153
3836
4550
6170
2805
6440
5161
4975
2535
8321
7244
2090
4256
6894
275
2638
7495
286
1519
300
7766
3571
9747
2460
9167
1398
8571
3356
191
2240
2770
2854
9629
1322
2205
7946
5841
9852
8619
1611
7872
6153
6649
9461
5348
6267
7000
1783
4847
3190
6636
7027
7750
149
574
6593
7621
2799
4876
7947
2136
429
9490
4289
4512
5434
3691
9837
7846
8093
5727
3993
6981
2161
4496
4734
7071
6212
8244
1377
3341
3780
2338
5549
5591
1570
8740
1076
4331
3451
8148
8999
4807
5783
3369
8420
3400
7771
1992
4669
7512
2151
3183
7358
7226
8226
1965
4223
3038
1476
512
5845
7084
6849
9627
2027
9308
2557
9116
8958
4551
4018
191
8240
3312
1372
6701
7411
2740
4136
5667
5021
8010
9079
5163
2962
7115
8799
2494
6776
315
1920
9038
2779
1779
7199
4961
9211
3704
7702
2252
7816
9307
1080
4494
3215
8951
1123
3212
9757
228
8266
5257
390
5063
6582
995
164
2755
1327
712
8005
9347
4545
8364
3788
4164
8772
2065
6601
3852
5204
3225
9079
3312
7628
1835
1712
6281
3952
8449
7668
998
9011
1503
1965
1425
980
4414
6368
4263
1347
1600
6077
4930
7191
7502
8944
8897
7195
6488
2442
4539
1065
1552
6446
4646
737
4710
3941
9476
3323
4088
5827
6781
2208
1884
4419
8635
5707
2484
3420
2612
780
506
6196
9296
4664
1511
5985
524
4530
8129
2489
1777
1675
4605
635
684
5643
1299
5134
7554
4221
7755
4785
6328
6525
8543
7235
9619
5338
1852
1641
6020
1462
2700
318
9968
5981
6335
5011
1737
4891
2487
1229
1430
4906
5403
1297
3592
5626
107
7508
9786
4931
9825
1103
8070
9212
5749
6176
7041
8765
5596
8677
5141
7095
785
4636
2225
4142
1624
4451
2107
1881
7950
2847
2499
4969
8705
9699
8815
9149
7619
8646
325
2016
3322
5652
9387
2954
6066
4071
136
2724
356
369
4556
4225
9846
5995
1508
4474
3227
477
8906
6431
4554
9203
8856
1933
2734
5562
5898
5619
6561
3879
1576
563
1177
8556
7532
2724
7387
5328
2420
3350
5547
9616
2799
5212
3152
476
4823
2897
419
5593
461
9230
2401
229
6170
16
8151
2407
8981
866
6177
1327
6093
4900
6412
4132
5655
1029
7991
9895
2062
8985
6615
1114
1736
8125
4042
6201
7638
4044
9605
9159
9958
936
1435
8307
4566
9489
1253
3808
5366
3014
3859
9347
5094
6455
4325
6639
7293
8877
3441
8419
5843
6627
7093
7714
2782
8097
7113
196
8423
7524
9589
121
5123
1741
6004
5544
7856
5972
8962
1645
8495
3685
8906
5602
1497
623
6631
2404
6421
2198
9651
8049
6857
6183
4267
1908
867
4745
3626
3401
2538
2893
5559
7935
7117
25
6244
7535
8222
1450
2594
9120
4626
2009
2248
6053
9957
1575
8181
6127
477
8525
4798
2020
8323
4581
879
2952
1871
5891
3891
4688
9706
6357
978
4394
9082
7846
7367
8948
1055
3430
7276
2996
3639
8880
8729
9971
6340
8220
2216
5701
9593
5437
6061
8923
8561
1474
7929
7827
605
6304
3559
6873
8008
9480
869
3368
9786
7811
4239
2050
4153
2288
8809
7470
6797
5525
6133
797
7683
5013
376
3105
3947
9439
86
5460
8192
4512
434
3535
6547
3016
1531
2915
8649
9042
1788
3629
9311
5959
6211
1042
3163
1063
2378
7774
1950
893
5590
6392
9279
5462
8561
8180
3775
4898
5161
5484
3448
9512
4270
7018
7386
9882
5631
8591
6081
8706
7470
8810
3079
7823
4961
8992
3518
1987
3765
6280
6503
755
8976
2815
4273
5801
4870
6859
4785
1817
7525
3449
548
8968
7107
6852
1176
7061
2176
7637
2410
108
7868
468
5792
4509
4503
5029
6690
3637
7623
4270
9210
8372
8765
1566
4642
8348
8946
1265
2765
3133
3975
8836
6042
3927
7823
4594
912
709
9078
2497
8870
9356
317
6371
1115
9360
9647
6466
6143
1825
323
689
3337
5017
9423
351
7023
3606
6354
8356
3181
2769
7416
2072
8706
8657
1588
521
4924
8702
1458
9043
7365
816
9628
3225
586
8105
4098
9890
4279
1812
2907
8392
6427
2396
9716
6252
3866
7714
1156
3636
8351
9572
6993
3193
1660
5564
2739
6559
2090
6197
9260
2626
79
2949
1282
4447
6476
2634
8588
734
2972
3623
4433
8990
7355
7414
8053
5477
6658
5403
7720
1402
7195
2483
2142
1450
4914
2107
9850
399
7039
2164
5149
6858
7802
2705
3715
9166
1949
3656
2857
1857
9785
7295
3800
5219
6242
1393
1293
4614
3363
4732
963
186
3670
1225
6329
1038
5451
9796
4913
5978
5709
2134
1686
6184
1760
1683
4750
8417
8436
9041
8934
1629
1735
8524
1990
370
1497
2543
3208
114
6842
6971
2792
3936
1098
6119
8018
1319
691
2336
4486
833
3955
2834
9651
4781
2965
8310
2101
3729
2809
5991
2267
5861
5504
8948
6036
7058
2255
6179
5596
9805
2551
6511
8421
9964
7766
2366
5975
