-83273
-2501
27401
19310
-24315
-21134
-37159
-70619
-86896
17129
-68355
75799
-93573
-16565
-83693
-39280
51473
98971
-84578
-40468
-81948
-13773
-25981
-43253
62031
72547
-68086
-94390
13117
-16121
52989
-29252
-25067
-6883
57115
-29795
-27435
-47807
99480
-2910
99953
-91629
53598
19466
61190
-29255
51617
-91599
-40863
-38198
97391
55025
-8759
8775
-74173
97900
-19687
-45285
30040
-86948
-30733
-50188
23175
-18816
13913
-56496
-61779
83382
40091
89116
-16282
-41533
41726
91457
10700
-38771
84453
-97763
-15021
54561
63839
50599
-62928
-47361
-63150
10239
46782
71382
6871
73718
99448
13749
67044
-50660
-36405
8041
61945
97787
-96951
-5377
17210
-66889
-71420
-45241
-16527
-64238
43901
86075
-49495
47471
83751
-69255
-47943
9558
-16681
-83248
-91714
-79276
-91242
-1297
-67022
28835
-29438
89387
-89306
-31543
-77571
12342
29749
-30052
61445
-2549
-91604
19878
-34076
-1342
-83845
93736
12755
-24066
-86973
60278
-24090
-35471
-77863
29798
-43635
55571
52219
-34449
-56736
-79454
20023
9251
51693
-31834
-89120
-81240
-52611
83976
-25824
-36359
94722
78216
56221
-2708
-55293
-11003
-77466
-59079
62574
23501
-84408
93694
-29360
81297
-44
5674
-21121
15586
31062
-42017
40243
-21204
30708
62607
86932
81217
-91681
-60838
-69531
10647
-90242
-80281
65531
-89901
-37032
57376
-13074
-27964
-49865
22994
71829
41339
5285
-1497
98007
-54183
-96413
-22009
11128
-57058
-57160
-19100
-12321
-5866
96339
93201
-37110
-12008
-36857
97458
18276
-64096
18030
61323
17702
93112
-57349
-64388
-64249
94453
99953
-82795
-35390
-56788
9292
-55369
7196
-4134
79021
-29435
-5574
36660
68693
8611
-69041
32087
-57033
-43358
-72628
6805
-45899
-16045
23307
17539
67048
-40104
-57493
-28336
-66338
6309
-74568
-51433
-74825
32312
-87731
67659
53868
69273
31955
21597
-51540
89411
-96203
-96816
-45410
20255
59528
-38693
80535
-52070
-25146
-37791
-37001
29783
-84292
56412
96507
44171
-24220
41948
-1770
-2353
35544
25975
-5760
61178
72645
-82253
37184
96024
13338
21860
-8110
45465
17556
-73564
45520
65177
97173
-88162
-943
27048
-49487
-96335
91744
50450
3957
-77534
12980
-73586
57245
-75227
20051
-92576
-97736
47211
-66524
-24117
74542
30260
-92807
-27153
-75756
-36200
43600
-92725
54876
73791
9630
13306
58115
-28733
-39243
-44454
-30721
1308
-2529
2263
44920
17879
68920
-43600
-58696
98252
-81015
-54453
-54015
-99896
81264
-46324
69105
1737
-48134
67623
-73992
5302
8990
75240
97474
95899
5365
44345
-50776
62019
1429
-17468
60917
46362
46800
76793
-6796
-50014
68279
-29900
28334
83343
-7807
-71910
-17288
72157
-55569
11662
21988
24752
49099
-60055
-39677
-52253
44363
-12022
31256
75485
-8903
64007
37952
94286
28058
-5149
-42354
-68337
-20341
-24542
3614
-88847
61127
27872
-50918
70745
39722
5372
94477
46027
274
64649
9345
-76117
-87637
-72219
14417
76364
-19668
-51319
76669
9151
9209
-37488
5304
72168
64524
-39710
-20565
20111
81501
-36911
20205
73349
96540
8540
-54024
-46147
91001
57772
-90067
54798
32452
-49506
-55519
-47750
20383
97990
-90785
-9912
88959
16782
41765
-299
91129
-92763
-35945
73519
93879
-2169
-95120
-33574
78403
-96698
1221
-46374
-42965
3384
-87474
-35048
-67597
-42079
-98317
-28128
2727
-3883
-31603
1827
-2164
33640
92551
-34964
-82028
25843
52050
-40307
-80258
74136
10772
91129
-48930
-42972
-35614
-47293
-97862
98784
84059
6291
-29497
-58688
56645
-94223
-91971
-86062
1962
92616
76173
-66304
9964
36238
49225
91022
91453
62844
-65740
3413
-51089
48175
-94532
-42698
77558
83075
-74925
52607
7538
-80699
82461
75867
87427
-23517
54007
-57562
-67725
-87253
21604
-24445
-59753
95534
-48842
-25563
-44537
-94856
-57244
63178
83209
81329
-5296
-66593
39436
-89896
91349
84801
-44
-26114
-56444
-83287
-42617
-25640
21984
1074
-62993
-22204
8600
73131
-6034
-51356
-92359
92818
-26136
-26510
20053
-17820
34992
-14795
26500
16543
80124
3513
-78827
-77707
-95140
56525
46022
19749
-77168
19175
-73615
-86771
-91358
-85932
6045
-53256
84554
10086
-92031
-72523
-42009
35843
38301
99240
-5593
-66383
-89318
61455
-81096
79506
-72372
99688
-74416
31854
-95344
-60888
11138
78181
10049
95783
-11362
-11676
12984
93249
91849
71708
-15482
-72502
32430
49862
58490
8207
-52573
-87703
34184
14683
-12911
-84800
-21791
98348
-27741
80827
-91724
-26291
-23962
50197
68729
20343
-30642
91469
29948
95937
27490
44601
7563
-61571
59626
95116
-56474
88780
9721
-89381
83823
-38809
-95190
55823
88169
-22549
50304
-60514
21087
8978
-43818
-63208
83570
-11572
-90868
-6979
-79147
38064
52234
-65634
18611
-57357
83398
86686
88301
-95813
-70806
-10306
-99215
-6587
-3779
-4866
-48801
-9689
77998
9739
54667
-15395
38860
-45112
24794
73602
33330
-78190
-21768
59275
43508
27531
87668
91502
2116
32234
-94978
-5152
-4509
73348
80898
-58550
63944
-69085
-26500
-2089
-3903
-23140
-42417
52834
24971
72149
-51955
-61145
72456
-86927
-19263
4565
-15174
68639
95075
13139
64264
68637
-7540
-46810
-96829
66990
-98575
41678
-70436
-86332
8563
63968
49597
-73075
-77009
92722
-33116
73639
49
-25957
25248
99776
-6817
-49579
-91085
87430
-31813
-41286
-61697
47570
-21215
92982
-8754
80547
62067
30509
-21830
-61864
-26111
-95660
-49141
21465
69983
-49322
-42318
-97013
-16260
59965
-97995
1665
-47308
13197
20058
-65189
61602
43177
75936
64805
59248
31834
-72318
30547
-71860
-43871
-97096
85922
-87252
21841
-61565
-13816
43005
60308
-89490
-8246
88706
30621
-19127
-29493
-92708
49921
43685
16006
98328
66617
7805
2794
81070
1637
77087
79445
70231
94505
-28279
1868
-9247
59563
77787
-27587
43179
-24340
62198
78105
94910
26453
74190
6929
-69553
50220
86389
70189
44998
56610
4323
-14423
-67471
76072
24548
46262
91656
97276
-22751
18358
-74865
54189
-74390
20887
73408
64514
34103
-85511
-22431
-35661
21759
-73289
-40693
-16854
-58835
-62868
-1
46710
12666
70869
-15285
-28161
64958
-20902
-61339
-31786
98642
27846
26239
-51477
96202
46038
-70229
-33196
-47540
11821
87342
11453
78533
94017
-75894
-69494
-48372
-93308
85437
-93100
60947
-31106
-51844
-72080
39346
21272
-11017
35116
-71464
79275
-76589
61359
-76123
12430
-37124
-38606
92
-18530
95733
86123
90195
31090
2038
48493
46401
80987
-76252
68407
15301
35342
-36172
30974
5561
48007
76019
-31191
86203
6891
-76211
44428
-37949
-45941
-32720
-2957
24686
54012
69197
-51039
33812
-43660
82138
-77004
80262
39685
27530
-93768
15005
-17533
96925
68652
83251
-11380
77939
-82973
-89961
-11322
-15179
-95611
37562
55641
36466
-50738
78702
56582
-89882
-21293
-25767
24001
88251
-55549
-11417
-3428
30473
-4589
65706
-74307
29406
87261
-70139
84376
84773
42074
40720
-16709
-40018
-42176
-55196
-16117
93188
45083
12222
10417
-47489
3634
-90688
25674
87436
-27040
-90190
20825
57962
1344
91415
87045
-69290
78008
58377
-44024
15819
84214
62372
81200
60563
74754
71076
-50848
70759
12961
76653
-4616
31479
-81795
72939
-48145
71529
-82731
-26057
41172
-9333
70528
-63564
95543
-63018
37931
-7620
-65798
92963
-79626
65462
-27167
47171
97743
-82810
-95260
44883
-86600
34584
-57549
49728
90041
1832
-93027
35799
45796
49584
90994
-23979
-6333
61332
-54101
-7909
2119
-35839
88151
-33245
-67746
-12421
-92796
-33528
-45522
-60850
23018
-22234
-70655
-60945
-37855
95468
44958
74882
20588
-97650
-94692
12476
48006
-84834
-39606
93283
879
-81379
-68679
55825
66599
-42076
-76547
-26902
-34083
57932
23482
-2037
-58193
-38406
-52861
57892
-46456
-86982
-88457
-92887
15088
-23608
-37514
-85955
-28574
24961
97214
-66100
72929
-23114
-81396
41012
-35717
30743
29122
-45625
6923
86499
24664
-16567
-93492
-23753
-61038
3975
-80435
1126
-74292
-57627
-92961
-33436
65974
-13624
-7839
44911
-89565
-18204
-92380
-80907
92772
74689
59563
56997
77462
-77741
18986
18088
26041
60033
-11510
47869
41770
93423
34768
-37293
-11144
-51498
67847
30440
-38040
6047
-47190
74429
-87280
-2626
-42524
75917
-2681
-7752
-94165
29435
95213
-80174
-74696
-90664
56066
-62315
59311
44712
-34358
-40411
67363
63396
-19297
43290
40204
-6573
44203
-81350
21977
-78969
-70707
-79545
65892
-48522
22657
72636
-80537
16009
-35450
77556
80292
-41355
85641
-95859
68754
23065
-81337
52388
81474
-76764
-12491
-25815
73407
73811
-59107
-40422
-87327
-36587
-89371
-7730
-83865
75132
-30975
52988
90949
-91075
-68971
-25745
-87844
-43274
-14460
-55537
-18243
-20851
-54338
-57159
-69345
-20486
-81922
33952
-57662
52323
-61424
-98191
29976
77947
-36182
-81212
-10349
-93493
-77529
46247
-54160
17412
-62986
-30766
-47806
-54273
5691
76533
33864
80626
54456
83822
37623
43022
-86753
-84386
-37870
42486
9135
-96315
-62787
18900
-23023
36624
18470
-39611
-86309
-62886
-12302
45098
20771
66781
-79242
28803
-64323
-75481
-96012
-60951
-90930
-77200
-24210
15929
95180
36594
38368
-77890
51227
-64386
-19584
-61614
-84612
-27524
83220
63195
3998
64351
57913
39803
17281
-38869
-95294
-96044
89954
-22236
29565
95663
56527
-24521
-28329
14278
-27276
66696
79284
-72653
-95871
21009
78159
32210
-94253
91801
38202
50317
49637
28492
23189
-52671
-20622
-45508
-49472
-22470
64478
-92105
14890
-51602
-73515
-5827
-48269
-93919
-60558
55543
23487
22750
63372
31254
-86426
7125
-36169
39930
89590
-31310
-77314
77167
19280
-68500
78339
-74218
84723
-81655
-81362
14753
-22988
72510
-36207
25732
-69122
-16579
-77913
27015
-73570
58905
-71071
94007
57013
-93692
-75499
-61973
211
-40504
-61013
-76385
-94151
90302
-37303
83999
10822
86256
79199
40608
-32627
39822
-20281
20519
-57940
-60346
15868
-40380
53773
-20404
99353
-95599
29476
-32327
29702
74577
-62891
97759
40493
-81024
9917
-84133
95672
62495
-43279
-6307
86575
78834
26475
19428
33895
97707
44747
51999
49363
8399
-35031
-59156
72118
99463
97863
-95047
-84692
46751
-93315
-90877
-70046
51504
84383
42200
-50410
-24641
-23916
68991
-43386
-16032
-25552
-23203
-64653
-90063
96094
-3589
-93903
35513
-76776
23370
38472
95732
47270
-76079
-47391
87863
-26565
10831
7861
99603
37
-49022
-25488
65560
-70983
69639
-35358
77980
86919
69224
35929
56858
-67477
9240
-48105
-79684
43768
-55944
56725
7573
75880
-52834
-12225
-96352
94016
-51107
1921
-86761
87299
-42595
97898
-12674
56057
-40211
-27255
95327
59192
-37646
48445
21069
-55783
86095
-3071
-63604
-16800
-76568
98613
77279
82046
75523
-48910
91775
-64832
-86691
33241
55351
-2230
-85125
49084
86053
-59136
-79685
13313
-9315
64669
-9921
-1056
-62857
-23211
-75871
25264
-51415
67521
-57320
-47916
-44552
70077
61306
-82276
55245
52896
-49275
-61065
1836
94
41510
23747
-63591
-90827
89269
3032
74870
-9133
-79964
-86708
1611
-30859
-30521
46445
84536
4448
-92912
-98198
-30583
9390
-49155
6065
77820
38261
86797
-31045
9515
5740
23310
-2404
55755
59333
-88646
-53567
-88741
62733
42588
88725
20464
-62674
-79363
-82674
91353
96998
74181
-6398
4214
-15998
12625
-54045
70989
99446
-69997
70809
-32798
49548
83593
62285
62888
20294
79665
-80484
-67818
-13744
-15341
19869
19506
75930
57873
-5103
-6040
-880
-11090
-59068
-92863
-15046
-69708
-81797
-59943
-73387
-77518
-92912
-57374
86141
-82064
-19708
-66666
-71288
-78444
-44999
20817
84897
8523
46197
-41494
-88977
-10262
-52366
73107
30360
-36577
58367
77535
12056
51646
55922
-15398
72968
37954
-76124
-27834
-75179
3192
6749
96192
-37612
54117
22730
8723
-2109
-96436
7691
12956
74737
-8830
18780
6905
69584
-89536
89263
73890
-24044
37581
-13992
74255
-31724
10159
10433
92055
93823
-41289
-66667
-16022
-50035
38639
-86034
36513
85301
-17853
-91239
48196
-72984
-52108
-88523
35963
-54057
16180
24838
-62762
-79699
50666
72751
11775
-62194
-76752
-42090
66572
-90854
-70670
31602
45145
-38956
32045
33317
61686
-41822
73635
8083
69355
-73657
70445
-73489
34606
68918
-81712
71469
3550
59921
86634
15306
-88104
16592
48892
36110
-72790
67585
-51167
23316
9190
30974
50204
-11871
-79467
6980
23636
20943
-12714
-79382
-80692
-28395
-18211
19619
69996
82576
-13488
-33896
15696
72053
-95473
58512
-82764
-38262
15398
28284
-66416
-66943
-74188
34155
-51724
98745
-85678
-38592
-29924
-4422
78939
-52981
63507
-2520
-87866
29615
-68967
-76081
-80983
-46063
-43810
10883
34578
-44501
69109
58399
62794
78391
58606
-82996
63527
-66283
264
48761
39446
-84672
-52255
-61032
-57722
26062
-90377
-92445
15810
-15069
-56456
-78986
-46833
75290
81037
16990
78764
23263
85287
57002
-64573
-74582
81187
91304
45448
17735
58470
24076
59998
51856
-59204
46964
-88746
-10213
53393
-90249
-1148
-3622
-75245
-82633
77233
27689
-57088
-12637
-36293
58899
39724
-61737
23197
-93802
-65964
93623
-17488
-56682
10010
10838
-3822
89220
-20726
17665
47728
1455
68165
96774
70624
49138
42718
-75840
95435
-57481
49993
-57483
12469
-77806
-99262
-30705
-49096
18746
-51306
59493
-10750
48816
54836
68604
-40559
-40025
-33418
-37189
64763
99760
18946
95299
-45059
-35157
58125
89364
-28681
-94803
58502
41566
9716
60059
45072
-43073
-81332
42611
63581
-70330
14933
67425
-48870
-45684
81273
52736
67286
70304
39207
43754
-42971
-89451
-2578
-81143
84611
38045
23234
73427
10379
32836
55204
-52415
87600
-73019
-42913
-94965
103
81387
60593
17404
10475
-58886
67012
65446
26590
-92825
-38475
-13145
83045
98122
42746
42150
7807
-50623
1812
-66559
-40125
-25753
21944
-77914
56111
77939
76330
-96613
-54533
-48807
17598
-5451
50865
-28882
-68171
56922
32710
69607
30101
35624
-86491
43763
20710
-98192
-62162
-84954
52417
43834
-7082
-53890
-13509
5637
-35000
-88171
17723
-32004
-74688
95461
-96654
5785
-7370
-16340
80175
74049
-21718
70618
38154
39585
-64214
9746
25146
87512
-28295
-29260
-18021
60320
99515
53912
14823
70134
65686
32459
44378
87930
12525
-32405
-29229
84641
74494
12284
-7425
-3395
-76715
-85900
-22737
51401
20611
-30272
17768
89841
89672
-86362
55707
-18680
83231
76234
83175
-18016
-59447
29529
-67244
-23717
-10018
-8171
-45153
-62259
92650
-8036
-12974
-283
31842
38764
-45198
-28841
-47319
57775
27399
-7573
-42754
54300
-72982
97236
-32359
-83471
29300
-42340
-72136
-70110
28657
-14886
38825
-4239
2652
84684
-22128
-15497
-86053
-5115
25685
-54049
72240
88703
-74771
-49250
-1558
99652
-79942
65044
44556
-17975
-82308
-87880
-98078
84957
-54008
-18551
2764
26352
-24091
75395
76862
-77560
43570
-64281
-43021
-90525
86912
-37803
-67056
40558
-76608
-26831
87854
-20972
7513
-39486
94283
-77841
-4256
18092
-58743
47206
24696
70513
63005
-86947
-79792
56132
99220
93402
63773
63286
9199
76758
84662
-40351
87638
-6015
-54070
-28775
-86575
83244
-5502
75298
-23354
-27537
96764
32916
78304
-90296
41895
-11519
5543
19393
-8152
94832
58349
-55131
-6491
20792
45205
18615
-74193
-58227
29823
84849
87737
-97775
93475
-79534
46295
-81773
3663
62281
-30878
38186
-58482
79191
1949
56665
95084
37846
88111
-48555
45442
87119
92896
-34863
-28104
7028
-71391
41692
-26980
24634
-77430
-85552
80855
74023
49875
32692
11501
8043
-76659
54228
31887
-8190
40700
-88652
-97219
-67150
68468
68923
-11885
54345
-60679
70726
95901
32534
-51178
33254
38575
84934
86669
250
-4037
19426
18412
-98149
80461
-53237
35318
55978
6120
86275
-52453
7988
-40554
98218
25982
-22506
-31317
74302
-33304
-94246
-85269
-51127
46364
-91182
51616
23328
-65612
41762
15761
92319
50294
-74761
98978
-91231
-89576
-97863
99248
9652
99562
75884
65867
69989
92280
-35041
63907
-93271
97225
-19446
-28673
-75295
-75129
59441
-10713
-76865
73881
33449
21843
-4062
53962
-88197
48935
97712
-59208
-35257
-85808
76035
-95822
73593
-44780
74252
-98787
55472
83298
99915
-42925
-49930
38985
-31045
-75645
90332
-66473
69155
97077
-97744
44580
-29837
-22537
7670
60663
72169
-70280
-53051
22436
-74879
-94499
99545
-7986
-85594
35632
82677
88286
-17032
-76399
77449
87770
-35116
-60242
28056
40875
5736
-30616
-68105
35
60976
9032
-16310
-50509
-64641
-26442
8367
-9933
21616
-79230
86900
92825
-8963
80925
-53669
48109
-54083
53826
54318
28949
71909
-75994
-38038
-13996
-88676
-15212
-33325
-88047
25832
72650
2799
-81708
-28210
36463
75184
-69905
42727
-13065
3106
-99271
250
95152
10521
92900
-73750
40665
-43991
-76833
10876
72069
69755
-62136
-79683
41875
20069
-85012
85595
52054
-26398
90277
-97845
-7258
24318
82139
-86604
71067
-81208
-34858
-44978
-23841
-46818
15460
64967
6105
-87491
-39927
28996
38868
11719
31221
-207
-43207
-13963
-93996
-16311
99051
-78856
73597
46589
48977
-94151
-12293
7943
7033
-44951
-60626
-25793
32166
-20391
97929
5186
17196
73983
-67273
23490
-13713
-90803
-86914
62057
-64690
91093
19551
93211
-23831
-34201
-69364
-79149
524
56344
-71405
-86254
82163
97633
85797
76178
-82141
-75650
-65065
67147
-63307
-46562
56621
97971
85246
41295
-85054
-48576
-68726
-15630
-30796
-18942
88087
57025
21088
-88238
84464
53862
-30019
30237
55292
90725
-7193
94610
-49501
-64880
-47558
8976
23267
50478
-92322
72701
34227
-16773
32235
-20844
83315
56533
35755
15462
68851
25780
17360
-10752
-64628
22731
89635
92857
-18223
50810
-13192
-81824
-92771
7868
-11619
72760
-62470
-5724
-17692
17715
-20368
56800
59989
-35058
20337
2612
-78820
-5837
73286
46732
77115
38476
55055
53644
26410
8300
-82151
-99526
-21253
50385
4134
37923
95550
-13743
-80212
51414
55077
14740
-37142
99971
-74615
-41758
74939
-1456
-62513
-98745
-3964
-61635
35136
65324
-27376
9102
-8112
-4835
-55594
-8593
-43867
37866
24237
54625
-69777
-51004
-5353
-2976
-24939
12439
-2672
35099
50187
28648
-62791
-46770
-2991
-11307
-78593
56475
-88075
58920
-55010
-77702
-94312
46928
-57921
-97469
-57293
-9195
-94557
35598
1935
98303
47997
21798
-24305
-47793
-57646
-97910
-65360
-61256
-78782
-96809
15228
-14730
24416
-39723
-91606
77862
59773
-14115
24185
17390
-62934
30419
-99720
28707
-38077
94975
-27742
523
-27427
-63583
-26970
-99785
-31398
-92453
99057
33567
21393
69548
-49108
93969
-11855
-8582
2982
66232
64396
-63013
64848
-76661
10878
58659
-53442
-84808
-60963
-73218
-24023
-16776
24821
-87019
-81363
81536
28765
8522
-39350
47130
-67203
1674
-76175
88103
-11101
96588
14273
95625
58123
78564
-28027
-71137
-22379
-40826
7350
9174
87027
15263
32528
31272
1983
-34724
33193
-25026
-48921
50431
19477
-78260
-45908
-14283
3327
-87154
44315
72763
-49885
-56685
-94401
52034
-20808
13735
28069
26886
66406
13915
8357
-29546
-11405
-78808
47442
84400
-20614
21143
-69904
51649
-42268
-14115
-50991
-8596
55443
18680
45418
-19417
-83345
69818
-39635
-51692
33664
-61634
-34067
19935
28531
-12949
64778
58111
-60945
-34082
-1128
4102
-855
-79264
29705
-68326
76007
-91785
-78924
-51958
7127
8686
-84665
11989
68284
68884
31015
10840
85672
-87016
-46988
-11229
-33834
-34968
-84390
28445
52097
-85928
39515
59563
-17398
10590
-65876
-8683
49858
-34905
1729
-4221
86685
-73257
-80228
-58730
-7704
40104
-4686
-51437
-12064
75593
-36071
-8517
-8244
67539
84691
71150
24559
-28229
91578
-23700
-20892
11757
-65998
-70605
64120
-48857
-70180
-55320
38009
39715
37483
-48635
25217
-29964
2068
98016
-72766
47909
-21134
-65270
-57027
-26520
-63788
-6271
5208
-73275
6563
-63106
17290
-82664
95583
-68863
-31351
-6460
48215
-7633
46718
8609
-57249
-67351
76231
-58313
77391
-2126
97398
-26086
-61823
-54183
-24501
-66424
98354
-21389
68426
45521
91987
18179
3666
52888
-5246
-85639
45316
85559
703
-62130
-74263
40757
20981
-61464
-27889
-96535
53706
68210
21065
-68477
-54859
-339
-24935
-56547
44680
91119
-91009
-72643
-2364
-98176
-34691
55804
-47855
52848
39669
32475
10076
-18807
-21586
-49163
-66260
49121
54077
-73711
20347
51234
-87078
-55394
44823
-23608
-72986
-49178
-42387
-3790
-77727
-97854
-37179
68327
-49241
60899
-5164
-65504
28222
-27334
-17063
38196
-22553
-72221
-50790
-5624
-34408
-90283
-27482
81808
-71860
15163
-62076
-18399
-74874
78825
-42223
20246
56021
79638
-8524
12436
94865
34620
4452
-6570
-4238
-16806
-1977
-10250
-56859
35492
23223
-74796
64577
2559
-76269
-61703
13658
77307
88324
-53495
94266
-15998
-34138
11136
-91299
-96115
-30756
89852
76945
85217
-86819
3352
80218
73474
-91572
93622
-5248
-66381
13605
93003
-47957
10104
65721
-58229
24186
66541
-59577
22507
-19082
-99380
89117
41689
-45892
69149
85564
-64468
50350
74755
-62007
20894
-30593
59021
71194
-14935
58846
-21068
-91313
-38652
83509
27009
56809
88897
-32257
-95997
-31990
23642
-33474
24881
-48591
48173
-38618
49224
35512
-95573
-39452
-10466
11966
24241
-47506
24904
-62304
-77582
-65943
-21048
43001
-28345
85345
37090
-53201
-52788
54054
90634
-90330
50943
-7779
12433
-57106
50207
70608
-22705
1272
64350
-47375
-53403
87393
46843
34643
-13277
-49268
90983
78020
65383
-16669
-98118
79578
71126
68571
-83485
8025
-13569
-53611
-99114
-99750
-67621
57835
63497
-86640
71865
73196
26451
78966
45356
44851
-90030
57025
24507
41691
-15738
80370
84767
97502
-92458
72273
85899
8043
72075
-21785
56110
-25343
-61952
13929
-98267
-73215
65204
-9959
38581
73227
25408
-42679
-12617
-25251
50766
-59220
17429
23917
-50486
48968
-66215
-72258
-49429
-48584
2220
-98370
-49356
21001
27931
-46892
-33950
95130
-3669
99871
-58581
29856
-27930
-62559
53391
-48726
-13275
-91378
48778
-84718
44491
40413
-30643
27190
85237
25364
-14533
72463
23178
48732
4789
-95391
-31692
-89297
90455
-10633
-99158
3075
1971
70322
94990
-24348
-3060
82400
15884
50728
48888
-43048
20367
-53613
38174
-99893
-54391
94952
-93786
95215
-28225
11452
-9776
-49398
-10109
-75983
-84766
17691
-42439
62035
12289
51705
92771
-80520
-33855
-86393
19707
98441
-23192
-12938
-99718
-36546
-85337
88128
-99693
81377
21077
-17966
-77936
18105
86508
37605
-44846
36939
-68275
41027
83474
-56403
88006
71043
52552
-36207
28868
75588
70566
96625
76354
50577
-93941
33559
-40376
-77841
-29304
-11888
-77441
36727
-74583
10109
-54614
3178
98926
21084
58860
-71250
31999
-37358
10074
74388
29993
35820
-64096
-51730
66747
-35440
-13284
55325
45679
-13629
-29435
-51140
15106
16622
-56137
-70418
76625
-95818
98378
12790
30237
12603
88418
-93377
-6340
95239
47365
64944
-71453
-57268
93144
71171
-13482
-99024
20203
17299
-37761
-68570
-30300
76339
18235
43417
-93355
50072
-83591
85227
10498
94119
-67289
28838
-35445
27379
36445
-62094
-37634
32160
68587
-4089
37182
55423
-69559
-25621
62591
18287
48477
94428
50642
-61198
-72964
-57770
-58252
5687
-22089
12626
-86071
17602
63776
30570
86545
-93451
-16082
-60970
-884
-3409
39568
-37854
71507
70296
-33757
14235
14638
57699
98636
-8304
-16333
-13199
-56598
-74390
20425
96101
66795
-92379
63320
-76516
-54141
57684
58847
21407
58383
-47881
-53448
-3181
-3235
41226
-85251
-66339
-44316
54336
38143
1594
65806
-38223
-57313
22622
21712
-36037
-17833
-40359
-19629
-65161
10360
-34800
-51129
62864
5627
-24507
-53898
16708
96440
-37213
-54932
-93175
-87979
-26945
88125
-29070
-66310
-32680
91075
27723
-5514
42877
44962
64268
87263
-97682
35722
-76069
79451
-55418
-5860
43526
-61719
-26705
12208
88004
-46380
-3203
-18481
-89181
-18112
39375
-66974
3667
-23192
32535
-34728
-82821
-72961
-66402
-96144
-71196
-19220
-3653
76984
-60374
98495
5649
-3829
77228
38169
77588
55177
-11832
-72322
34237
-15024
1350
-96294
32242
-23373
85995
-92706
-47801
-61792
9337
-38946
-39245
66270
-50483
99909
4280
40666
7369
-23000
-7402
-89122
81771
30701
83656
-79095
87804
-17366
86755
26224
64612
84347
25810
41272
24299
-47160
-38648
46096
-85821
99906
-44653
-66094
-346
-48688
193
-33291
35543
-40269
82268
27716
-66169
-83229
-84991
42208
34867
-78977
94004
-69513
20029
-73741
7008
-98645
60722
-66874
-88861
76230
-57575
-22985
23311
-3897
73528
13637
92960
42332
-65472
-69776
57825
-41992
-19612
72338
44127
49963
-33391
12817
85209
14869
39652
-46379
25667
-48067
49956
-18627
25094
-98703
-76082
38076
47520
26948
-71210
41831
75699
-13063
22694
15665
33918
-85926
-44508
-54423
84230
-42190
56897
-127
-98512
43107
-16887
81063
-36016
-96635
63073
-40442
-45832
25957
-60666
-70370
-42182
13195
-11327
-65008
46268
95734
17219
71049
82748
61365
64597
65651
-7494
-44986
-29571
12590
-82306
-50619
20762
26565
5100
-10562
75925
-55454
-19761
47516
15873
24254
55346
-10702
30446
84993
-19359
62372
33990
72514
54893
63114
-55722
8795
43527
40878
-74022
23281
-40246
6730
-94644
-65493
12961
-49291
-88580
-10028
-18149
-65519
-62969
62560
-62156
-67083
37053
-13593
10523
-12662
92569
3098
66911
-63581
81199
-33737
24348
-64016
35261
-57560
27535
-65759
-41574
94825
-83926
17346
58011
-59535
45332
-12798
55665
57929
24194
75051
94884
35867
77896
73170
59000
23059
46710
43216
-67736
26224
-18636
85741
50687
-24508
-14928
12477
25032
41598
15663
29841
26303
22688
99894
12739
-32407
-77161
-87391
-87178
23701
29813
25171
30960
-86341
58952
-23548
62624
78287
72714
74002
59457
43506
60677
-9
34262
-2233
-82796
79475
9806
-79445
92984
-62391
76333
5699
-86021
-53790
-81853
-63622
-63734
-91503
59185
79780
2672
50266
-68643
14287
48450
46973
44349
-33242
-66
31533
92997
-24439
-54914
82837
51759
-55232
48109
-47254
63399
22831
-64743
89649
30156
-82630
43921
89610
40095
-69846
-67125
-54726
-19875
-31763
99446
26069
-43069
79618
-61649
-71210
-16966
16250
-7848
56906
31585
-84809
91644
97076
-97677
-14408
82882
47564
-9751
32029
-35342
62061
-62836
-72462
19923
-24141
-46297
53634
-5213
-71782
-48447
-3912
-63609
-8196
-94653
92354
-63124
1087
-83288
-2331
-90920
30350
19570
28550
42324
-13842
-84602
47386
-63679
-42982
-9538
98015
21652
35757
68982
51917
-95122
-11157
-58202
-29300
-2160
-96462
-69070
-72628
81713
-69604
95888
-87523
-70704
-77579
63013
99023
24820
-63840
1320
66098
-44812
5379
-8980
-15492
10031
20555
78854
63469
5602
-64118
15004
-14045
20314
-83483
19759
-15365
95595
67510
-23632
62029
31242
-96547
-69309
41450
-65022
15948
12334
6909
99176
34137
26603
87576
87291
-57481
-17706
99877
66840
-9717
11196
26611
-73032
-55574
-68885
-83532
-91567
-56710
-23547
47990
-65306
62358
-11616
-29333
-25893
47350
68023
-91376
-10302
-87874
-82668
38214
27920
65256
36295
36128
-36383
17833
66388
-32591
-3376
28758
40161
14794
98735
-27088
34291
-52712
26735
-24490
-46751
-84634
-13489
-43891
77046
-62156
5665
88515
5744
46672
13538
83714
81245
4265
-96946
-84237
81746
68730
73285
11916
6339
40848
-63797
80863
37448
671
10399
83070
-82236
80314
-5921
16486
-98164
35338
95137
-59090
-33423
94073
-71801
-13252
-62489
-73648
-35492
62475
19913
70831
66532
-73690
80595
85904
23520
-12003
-75534
-54784
-38262
39376
-85832
-36598
46154
1926
12217
-93675
1757
-41050
46620
89592
-74998
-59103
-53720
28330
34327
-9245
-60741
49234
-38801
-11664
-8093
-9523
-66280
11059
59829
-73513
85997
-95958
2181
71104
-64583
4167
-75818
-11289
-8172
35604
-30265
-93681
-71999
-27826
64417
-89460
-18819
14849
-33093
-5649
72497
8661
82680
-16366
89683
-38916
6466
19455
54120
79219
-92108
50975
27667
85113
-17743
84336
-38717
-84252
-25236
35332
70413
48959
-77548
-51380
-79255
-92893
51931
-85876
-88255
-50904
-79371
73862
30454
53342
-24385
-17895
-12099
16045
-47145
-19984
-84978
-23635
-48739
57429
48692
12421
93430
11071
-60797
-10800
-94038
97055
94367
22191
-80106
37576
72388
-84160
24024
79600
-69999
-11486
42047
-60664
64097
-80593
16004
93401
20884
-24070
47556
28457
-33730
34502
32972
94288
-50753
-78130
-25013
-21887
52247
-21260
10454
-13221
52240
16437
33968
-16151
42720
-82986
-31173
54529
26592
-33049
-71602
9825
-8290
-60776
-1285
21814
-91804
-97952
28591
-87101
73849
-55604
-12956
-41508
25815
-60486
-85846
-23414
-92060
82499
66184
19152
36964
98839
-46667
54830
13941
-1078
-30690
53808
42534
-65891
29415
-12455
53005
50025
40371
29696
-89070
-11297
35805
-78845
-40172
22759
-70295
-69006
57309
80127
-10332
68541
31069
62001
-59773
71746
-42640
69639
-67590
67116
-69051
72277
-97840
51095
-13522
-16694
11099
25841
-16498
14549
-3905
-58040
-15675
-43681
74205
35745
62887
35870
-7234
-23151
53872
-35988
56475
-6845
-29000
82830
37013
50460
-29667
-34203
13737
42318
-89499
-12154
27681
-37467
98354
-57327
5810
-22835
-90510
-30084
-71499
-57085
-44427
-46863
1868
86808
32834
-16293
36792
8165
-15042
43404
-17066
-81644
-63999
71238
-56531
26279
-3454
28243
-60665
-96791
65440
16917
-40442
26711
85769
33206
-64844
-297
32588
60354
61517
-21097
-57653
42162
-62282
-73872
-60844
68761
30544
77153
87639
-31235
-33756
71357
-17861
63167
61234
-9307
92038
22390
-98518
-88768
-45161
-61016
31765
60123
98954
-78881
64664
-89298
-52412
-41908
27748
-46126
-5687
94151
-31080
-26608
-96315
4033
71002
90570
-32427
61616
-19068
31622
-21700
65067
56854
45360
34687
-4776
90214
-9990
27441
36762
29515
30037
-17043
-86943
57766
-4816
-87887
49443
45350
-18176
56785
-68933
83639
85164
70952
-59121
29158
48524
-15276
-55243
-95052
14545
59021
-44730
9943
-65981
-85701
44665
41246
-79337
97019
-1830
-63297
50244
1121
-49371
75040
-46873
-65446
95555
71778
60085
13206
-67269
5058
-73871
50938
45703
54559
-6587
-67011
-5599
83288
-19056
-89509
26116
22145
97895
-2231
36738
-81210
50646
-64781
-81172
4253
-53917
-85721
78377
68970
45058
-41793
-94989
-96615
38903
94240
68787
4339
28777
7447
-84115
18015
-92318
-66856
-92673
-48998
37570
-3310
-8245
-85260
62593
-83567
94805
42215
75237
6434
-85456
39371
51009
-67692
28547
-10908
64763
-50015
-83501
-31489
25801
-54389
-44214
43414
-93991
-72409
-51850
44766
38201
-18385
-42898
-34317
-57052
47115
-2593
-95668
98142
54304
-81443
-18966
34221
88420
71265
76448
-8717
23387
-82293
66631
-49424
37783
-54669
86770
93092
-23950
-3907
67925
74979
89373
44237
25545
7305
90157
-70224
-81134
-99897
-21257
-85817
73885
66468
8751
-58632
-64036
-33859
-88840
-27671
57352
-72084
-75345
-95685
15913
19047
57733
-90785
-96632
-71384
56534
69818
-18846
67647
-7521
-74870
-13702
-17188
6469
97258
-78915
99189
2652
37684
-67851
-7565
-92339
-5084
48369
1514
-80110
52831
-74125
-19438
-20452
-20893
16683
-35075
42648
-28994
16445
-11066
18196
-33066
95275
7719
89072
60633
-28812
-882
-55784
-71097
-77511
-82578
92569
60467
19603
43843
-92536
-50695
7979
-83606
87472
-89715
44853
-98202
85938
61854
-92905
92461
4019
-62204
-36169
32456
-85528
88018
28153
-36342
90842
-95673
62297
-62872
-55911
-52897
80346
-54679
-31203
31419
38205
76176
81193
-83719
-74962
70682
5289
19427
63212
-37761
-60486
-16963
5991
96174
-91699
27170
56309
7546
47872
-6759
72117
32713
29545
-19105
39137
44384
-14460
-10439
64232
79875
-22858
58038
54632
-25709
-86395
-97035
88805
-33347
-40784
95006
30288
13359
-75346
60768
-13399
19054
-73266
27160
7509
15266
-56908
-13759
26154
-77882
24596
-47508
45011
97472
13827
-3787
24682
7728
53766
81385
-19141
22824
-30144
-52628
14887
8965
15272
97522
-4160
-79017
-84184
35879
-85496
74592
-17790
-39537
-73849
45977
-57409
-68461
-561
40150
-39451
56080
-3836
-25661
54831
52077
-21601
-75261
54369
-73261
-208
6672
21494
78766
27149
-54663
-16662
25282
5371
-37677
-77988
68925
60240
25070
-69515
-8245
-5448
-56549
-85601
59560
19993
-73974
-8723
-11496
-81626
53734
90700
94575
86018
-58350
-73512
-39979
85533
1861
-52705
31275
-25913
-4704
-90686
54397
-95055
92230
68221
43671
-46049
59699
-72007
5880
86798
-83416
-95984
-33749
-33331
86057
-80285
31569
-97160
13647
54542
54584
91
-6195
4663
-71680
-62973
-24502
8637
52740
-65709
50279
4660
38811
71102
-2915
38363
-89980
-43291
-63023
-86877
-16885
-50555
85942
-21705
30278
50795
24452
-37507
14046
25414
56991
-57817
49236
25488
-87004
-70423
-3049
-18390
31156
-88171
60281
-31984
-97954
-50018
-26725
27230
-42513
-61115
56502
45730
3490
-80549
4542
51829
-52495
95253
74757
33008
-9971
-34816
-4868
25237
67595
53296
29011
-87480
-46867
-714
-78012
10787
-59436
76825
97392
12085
24370
-22902
-43417
97430
-3084
-42271
69548
-58415
32161
42498
70757
76864
-33174
96963
4101
-28696
96225
-87316
-12689
-19174
-90713
-80311
-32078
-72659
81428
-34509
-444
-30812
-38009
48609
48855
-4033
37531
28151
88169
-65149
5863
-91306
57906
-40145
54700
77589
44017
73533
61651
-55407
39854
-35154
-5932
-87485
3667
29145
93239
-74972
75865
10601
64209
-54434
-92089
70827
-99509
-90244
64532
-80434
47561
50309
-40928
79866
-54770
52021
84538
-82483
-65138
85117
-66996
-97132
86351
14607
67661
56538
9227
-18397
38815
-5859
52736
18892
45710
-5874
28804
83599
27932
59052
62092
-43335
57069
-48661
-75031
93438
-16135
-90076
95711
1621
60458
-37551
57943
-99570
61075
-31341
-44375
-93547
-42431
-86804
-11471
84843
-67260
69552
-95245
21568
-83787
28144
-8507
-40893
-82567
-5739
-65795
-6699
34297
13067
-4828
-20819
27014
74746
-69122
32988
-8338
18504
-3392
132
-34637
35805
57346
1924
-68149
66385
-23412
16364
35695
-58600
-92790
81132
-42026
-47718
-35070
-36780
49766
87537
-7116
34480
52265
-21543
11564
70746
-29394
-5969
94445
18733
-56247
-34480
-57110
-90068
-91023
-16318
44564
-14047
-90956
-19316
-76961
-15790
26901
-45750
-16416
-12104
-32271
20971
-20780
88320
43288
3862
-57279
-68142
-82037
67349
70676
16437
-22156
70177
-72980
-6268
-57936
18171
66643
7793
16880
38364
-77545
93383
-77313
15663
-97561
55762
71295
14578
9444
45296
5460
7644
-19101
-34214
-50941
-93838
-86741
12735
-75264
8219
38718
42656
53048
-9202
-52627
-37814
55163
-22348
-25766
-62331
84687
-30180
3013
-19473
-94985
56421
-34027
81980
-36729
92994
-43847
-68015
68542
43623
988
43187
-16574
51069
2427
57344
-81370
2816
-9608
969
66002
11847
-27092
90845
-53857
-31980
-23765
86491
80513
82404
96857
-53255
-89652
85769
94761
-72759
-22739
57426
54953
-87986
-1999
45713
-31867
-22353
12183
27246
41390
-31653
29352
-53303
64159
-55592
-99591
-24906
-89707
79846
-96220
-66570
26958
62435
-42168
26541
41883
-51525
43444
-14299
-24687
84648
50843
67429
87976
-50724
76857
-79536
70999
70630
-77752
-38133
-82600
94993
-77246
-23650
30301
34756
-71928
47420
-78447
-20597
-61804
22391
-77159
-40523
15792
63953
71801
-24779
-99073
64192
34408
21130
-55212
22438
-70719
22697
64999
54154
34266
-58938
87610
62674
-69671
7822
75651
14675
-2155
-18483
-28143
-89355
24249
70597
-63178
-50312
76795
3402
-64869
-77821
-92650
-59617
94085
10852
47726
-28479
60755
44838
-75663
-15971
-19213
-28529
-6037
-33048
-19536
1953
-65246
90940
-20412
18221
-6561
-85197
-89917
47409
54339
-33064
-52090
-78773
27617
-80908
31401
73266
51837
-32608
14214
-7323
-96878
61092
-37586
62220
-82431
98649
41910
-26578
91373
-28784
33123
-68367
-26564
-31514
68782
54514
-96032
2072
95165
81763
-89021
36174
31221
-10487
-83641
-11966
37716
25111
92237
-5673
-60793
34470
-86464
3974
6333
86571
77664
48210
-88695
-98207
98384
39467
62972
64856
49160
50811
-25790
42266
88190
-67632
40246
-26767
-20721
33654
38579
37519
59512
-63626
2317
-23472
6019
4841
-41623
-351
5265
-67797
67121
-97213
98128
56757
61177
-77346
-84091
-45197
18007
-42479
71441
74315
39166
-17427
-19750
-46529
8539
-6427
11447
-14826
56257
-23143
-57410
-31239
-82754
-65999
16914
15971
66636
-99481
-31823
84458
748
-28410
60911
70534
-19198
72321
-6975
-58855
59245
-14613
39291
-39475
74249
-69875
27249
35414
59550
66795
-9988
62224
64289
-93678
46202
87562
66040
-85376
88174
-66458
-38836
75481
-80466
6825
53643
-60413
-11449
22317
89979
93680
-79806
-48053
70929
-32163
-50387
-77283
36534
11666
4462
98401
40243
-70431
97753
-92862
67650
60425
-86742
47117
12006
75580
-27642
89537
-31792
70176
-45721
63005
-6024
-74167
97928
-29041
-36380
76227
37851
-74097
20765
77015
-53329
-8352
40831
95895
-60782
66205
-37201
-23010
-86738
-84093
34539
-10910
52445
88088
-74944
88519
83561
-98456
-97886
-98580
-87919
-54187
-4340
-40772
-77656
-17948
-33509
90921
-14246
90716
-42598
-27393
91522
-37384
-73984
13751
-84044
-16024
-98556
-35696
-80023
52655
82868
41438
-52096
-29565
6962
14613
89190
-47515
-59488
51794
-5521
-1471
51969
52303
74502
24713
-51349
18007
-24892
91827
-88711
-76860
-40902
87887
19003
13294
-80942
88475
-53734
-26844
1746
75390
-79370
-23412
43384
6359
-44988
-6534
20307
-49257
42475
11487
50003
88785
-44397
-78549
54488
-7024
36790
-1069
41682
26086
66454
-1951
30896
22313
35812
76277
-11253
-13299
19797
-26106
-99464
-45689
-74720
-63120
86790
-32777
-79418
-3655
-31959
-19631
58380
-54874
-79075
57246
35650
-32593
45553
-1633
11319
56653
-31426
11134
-76000
-87778
-71688
87939
-76860
35077
-58493
6092
47912
-65877
40912
50826
11317
-42592
60801
-39445
-97866
-34238
44174
2637
93493
-13265
-74390
-52247
23651
-83057
79016
29714
-18607
58077
-83068
-98478
-78521
53622
16924
-60529
-25495
-97568
-24738
-91167
1842
12941
-28681
49730
41264
26296
-92293
-36115
48951
94519
-37829
-28009
-35680
-41216
-90947
-56349
8654
-89390
65262
27420
18569
51387
-63073
-88390
81080
-56178
-52457
-60442
-24640
-84828
-10881
-15429
-29212
-67985
-25140
-53328
-65745
-55939
77873
2143
27102
3535
-71799
72980
69122
-31357
52794
72206
81594
-16981
70009
-24018
28460
95554
5909
-2893
-59248
-92082
-75488
-86349
75076
75806
-4820
-76099
-46838
-22710
1180
26554
-5572
99435
-25183
-48628
75571
16603
97572
-73037
-63615
51565
19815
-78545
30021
56634
-90731
9507
6439
11639
45444
-54024
76324
-78215
-49018
324
-69383
99989
-66355
-28036
-39442
-25672
-86067
-89661
4992
-78612
27290
79490
-4002
-35882
-78593
-91418
-26841
26439
34853
80320
44558
45270
-30809
-47774
-45758
13532
-87496
-1138
81676
21203
-76168
38564
-56142
-41884
30972
61164
73143
79315
37717
28618
-80223
-77044
40210
87154
-88008
63469
32943
-25139
-95088
80808
26480
27044
70963
-81393
58211
-20547
37715
-64069
84279
5666
-34243
83359
26385
-45136
3915
-98458
-77179
-52145
60633
63020
-6484
49740
44148
-79863
30546
-2790
-59036
-41611
-84430
-79517
-69843
-54297
42134
78377
78727
73872
81616
-72108
8015
49297
52243
-89737
67362
-44019
51544
85682
19983
88972
-70716
78701
-48267
55436
-36626
-83357
84523
60424
7804
14509
-33501
-89090
72861
84584
82376
-33453
95536
98932
93544
63542
81687
93772
-21350
-70520
96320
-88061
-17034
6091
6329
-25427
-67254
77205
-51274
-4296
-76153
93323
51371
-87446
-8224
44427
99473
38626
-56428
43403
99093
99634
75472
62409
-8500
-28828
32523
-36876
55634
-54360
93065
63419
74216
-81476
-39676
-59578
-56501
40381
-52817
-53486
59687
-91120
-42583
-57253
3273
52446
16013
-64392
48625
-76490
7536
-81156
-91421
12206
-3399
-17649
90170
13597
-60774
17163
74919
-21823
76837
-12053
98773
-31173
-23108
53066
-75014
62161
97085
-68828
-79726
-68766
81511
18044
-47253
-45117
34281
44699
-63995
34756
-17368
38723
-90470
-90553
-15297
-23667
-6088
49705
-9186
-14517
-79203
49904
78342
-96807
70746
5479
-95082
52253
-91761
-56858
-79126
77789
-24735
25068
40806
46038
-10738
-81034
4670
-2283
57133
57556
78320
50662
39563
22630
-65421
2219
-89754
72137
-34241
-86111
47175
-83140
71608
-35930
-96989
-97067
-56684
-59255
80379
-89441
4264
-19312
37616
-63653
97789
-2009
-81663
7310
52709
-14915
-74445
-11207
91811
90888
19427
-41386
-12869
-45318
-38658
-23523
-67522
-46132
92454
62059
54887
-85930
-15152
31507
-15872
-63798
-54111
-31461
-4755
21365
87169
-3581
-64642
7536
-33648
91615
76284
-60834
11186
1298
6135
-74058
33049
94556
23845
-6808
-6838
-66886
8335
93131
-84364
-3928
-63721
76145
-79774
-47238
-17717
1034
-30511
-91486
-36556
-47383
55353
83372
78653
40318
-21956
4905
66080
-41189
28919
-8383
-71044
-11227
2753
-47558
47737
-57935
-61441
69496
-62274
-10303
14733
63051
-82558
-54229
6444
-79644
1358
66978
-86715
87128
-71905
38447
-34064
87441
83795
-21954
91488
-36009
87633
-29934
-17395
72580
-99081
-1615
35621
-68076
-37801
-51592
-39725
4976
64420
42603
72779
-54391
-19541
-29385
-28973
-47886
-36354
-6160
-69596
-90481
-6656
13624
98143
4149
-66332
-87817
-20770
-92841
85683
-30171
73283
-52167
93026
-28856
43577
-40824
15270
-52900
42858
93522
57794
-77511
31488
90308
-77409
53017
-6635
-92503
-93474
90791
82731
-99063
58277
-98233
73038
-88286
30430
77757
-41640
-5318
-94030
39935
29048
53367
72822
-62771
-91575
68401
-33033
21202
46152
-37089
-90954
71071
-3595
-71178
46059
-62217
-3946
78328
21453
-85328
61919
-31541
-62744
-41569
-81126
37888
65617
-72824
94573
68330
-7034
-6374
86591
83235
10375
76410
30929
76206
-36148
63814
-54094
17434
24252
-16393
-61614
62097
-79229
32132
74040
-67484
60166
-2561
7521
-23989
50009
71157
-62834
-45593
21287
11498
-53603
36268
-11984
-17969
-94613
-6913
-36535
-83113
65687
43418
-40876
-85547
-29703
58455
44866
89363
57119
79661
30790
93144
-77716
64877
-13871
68859
68867
96241
16408
-28703
35532
63827
-85262
-58447
-98072
69404
33318
46285
22312
82491
57022
-1229
-8289
-78220
52690
-70759
6430
9483
-13828
-17026
17325
-37044
-64356
-34173
39883
-33729
-10557
3512
-41219
79898
-14126
56359
-81083
24050
-48268
36715
9095
55131
85859
53761
-81890
-69895
-75487
-51727
-44526
55967
-822
84328
-74966
-4398
85494
-6808
-91093
-54137
18368
43034
44290
-59426
11907
-92904
42248
89081
-40117
98045
34407
68565
-84615
-33654
88040
-48101
14242
51069
-17430
-66332
-43832
-93803
-28630
95189
64752
88295
56031
91915
-82294
85919
30213
97139
11936
-81966
17834
12202
76927
-77033
-67944
-6716
26240
3752
11455
9715
-89242
-15806
-61340
-78171
79355
33905
-18273
-37357
42795
-22063
-32727
-39157
-7676
95236
-38559
-22000
28688
56565
-54876
-74375
9054
-2014
-32402
-58861
-23621
93695
-76808
-75678
-46666
43881
-79339
-64717
8620
82448
-43597
94173
28286
84728
-45239
-18684
46352
21022
-52426
-8910
53652
-62642
82710
99841
-46211
26704
-47426
-19727
-95995
-15057
-14139
841
50839
-52487
24005
-62437
94772
10508
4475
10655
23353
-12456
-7426
40624
-65161
-18855
-53803
-51537
74767
-5195
26699
26062
42335
33444
89388
-53444
-32395
-7799
-73191
61909
-3410
-92958
67352
-23616
-16253
88632
72636
-90634
21991
-92895
-14971
-49432
69836
15559
76936
93016
70418
70444
81307
84629
74012
-60583
-32154
-88665
48163
59458
-85537
-39980
-7404
-54105
63419
-73850
-51494
-78102
-52693
-91557
63636
-14467
-77848
33226
42884
-61262
-33687
-32659
31783
49497
-8865
4987
42196
99719
-89702
17967
-56827
-77672
-45854
-26452
64238
61412
-24242
7573
66403
91117
-71041
-82261
46068
59693
-15394
-88643
6843
21872
-89059
51568
-29078
-42011
-56131
-55548
33530
22860
77872
10412
98433
-31718
58178
30537
24584
68328
95941
3765
-92886
-56443
-17985
50101
-90367
71317
-47643
-15088
-97758
-50210
79533
67633
84786
49891
8986
-38803
6662
82029
-71396
55610
43367
30329
-66252
-26677
93456
86723
-68441
-40199
4990
31921
77850
-15119
55766
61855
68018
-22413
-96233
55182
-207
-28478
14833
-38898
59619
-52796
-83447
72545
-26664
51749
-7613
-4139
24130
-38458
37830
-499
-92013
-82916
37003
-76400
-44620
-93681
24760
-91030
956
55521
-94500
73812
2157
-976
74138
47734
-86514
76447
-13928
-61344
764
-5803
-41851
15387
-37731
22254
46606
-25469
-28884
-38087
52322
26157
-58159
72914
5718
-95659
-49564
82742
-46955
33658
20947
-34194
-28585
83457
77305
-49114
-53285
-92263
-77579
-35963
48305
20927
6519
-74869
-75800
30913
-28323
-71718
-47832
11876
-3093
-73715
-72205
11246
-66654
96065
-85718
50158
-24709
-93276
71008
99648
17673
3214
23478
70672
74624
59157
16268
1675
42968
24899
43485
-27207
4580
-97713
53617
29977
-6518
-76999
52401
91382
-15573
72371
68237
44106
-24034
-44298
59876
39833
-67284
-47744
-19275
47103
62023
93192
62903
52572
-21976
-86965
19592
79676
-25777
-84502
-90042
80967
-92124
29868
-85143
37060
-70930
62628
11886
-50595
37636
99335
-3982
-49659
-97385
-98175
-2475
-34687
7179
16810
-35745
44762
-90574
-12636
60753
-97108
-39836
-53043
99730
-16717
53170
57417
-88090
-2027
40304
73780
33357
74841
-42759
83262
87136
21743
31127
32863
-50954
85532
18145
-97615
16220
22692
-3783
63667
-32216
-86038
77660
-85951
-87192
58271
-12159
-53563
83320
58713
-90776
82580
33900
-16704
-92956
-49330
-28018
45975
72058
-82874
36599
-87993
-55288
-47996
-26673
-80484
-6554
95996
55170
93992
77173
58413
-72866
29301
5336
10407
-13974
33933
-82258
88478
14083
8960
17498
-12930
-85053
60132
21499
-63529
37932
97228
51857
76711
650
74319
66452
-18013
-80828
-66628
-47537
17613
32097
50020
65652
-39307
82270
-42255
-26418
-68441
-61335
-21309
-76593
-38263
93150
-78106
8350
-49293
-97173
21863
-71444
10775
76777
-19417
-28470
-22219
30512
-41411
21733
3436
-89082
49064
-68069
-55493
-30088
86036
61261
-54765
9775
-41274
22697
-48620
52346
75679
74506
15105
-10575
47917
-9376
-16274
72181
-77228
70508
28357
-88397
74140
-70637
14428
37784
12101
-6546
-56086
17137
-83257
63908
52106
-33689
-37195
48612
-51765
-62627
52484
-25787
-17118
-68386
18353
43083
-25158
-22468
57631
-35901
85554
-66060
-28089
50836
-98251
-13064
99996
63068
8564
25046
-36567
7298
44421
32339
-92492
-16181
-4600
94050
60145
84561
-80717
30472
-9329
-95286
-17114
21148
-20378
33971
737
79906
-22518
-88015
-61569
38407
-15157
77972
-44824
-83880
6970
-18748
17336
-20763
68441
-60242
19056
84969
47180
-30423
-35519
99287
-93622
2636
-33475
69129
17136
73515
95256
4349
-19914
97830
40649
-17550
-39204
-71478
38613
-66981
-36853
26579
-7218
-66432
45640
66020
-85050
-69501
-34358
-46399
-88107
-71302
54334
-74888
-87687
9949
-31712
74269
22912
40299
17014
43865
13406
95776
-98819
59503
1826
57563
45681
22705
-48651
86542
51280
-44738
-49188
-54613
-91591
60851
12976
24368
-24836
62460
-66773
71673
-54394
72348
38280
46348
3533
-39215
-50110
94895
-21659
-72603
-70958
-26993
-45011
-70167
-44222
-25987
-89359
98242
-65492
-31054
-30593
-89591
-24389
-35162
-78031
-29047
-83881
-6451
75706
-28714
82283
64893
-51993
-16209
24316
9087
-78595
-60061
-11060
-57918
-79861
25906
-29886
-5414
-98052
46638
-8006
-26201
56989
-46005
-61411
71461
81151
86728
29612
14290
-71739
46286
76892
-18317
-77394
-95760
96878
26256
99615
44717
95970
-43271
-64811
48819
65756
-69082
6761
-1026
-71453
54488
7450
97057
-23307
22972
-41496
7633
26819
-17349
47590
29057
-82817
-17038
-95218
65521
50407
-64568
92148
21443
72749
1980
82385
83617
-68547
-66046
-21754
70347
-38945
-49491
95599
5217
-487
-15427
-35437
26689
-80141
-52742
-84524
-1888
88135
-17559
47810
-67357
-98168
-88274
53693
37704
-87185
83364
-82578
-46685
44643
-61245
53764
-85261
-29802
51593
-64504
95170
92859
84244
50184
5886
-9213
-14911
67732
-74204
-95155
-74624
46938
-19168
23351
1104
-45822
63649
33610
90225
54133
-35829
-46362
23946
14825
72496
-66195
71451
-1204
11156
94385
-12231
-427
-87391
-99606
-35913
-47585
-29406
-23852
61744
23941
-95044
77217
85248
-31478
29022
76656
-8407
16808
-92270
62917
-70829
-26397
-40206
-17434
-34180
35788
-14906
-60670
78600
-76769
78854
-92634
-77207
-2679
27381
-11963
57645
84743
-97776
-52325
-59791
-59724
-80255
-57658
-71434
70468
61917
75036
-67037
43528
30699
62814
-9224
70111
56098
46740
-15230
25662
61139
-66997
-85197
20077
96075
87786
23682
-8195
44490
49935
-83624
-386
-10066
-4100
63360
-9817
10549
20777
-19822
-83144
-6898
45578
-58396
-84772
-27603
-90882
88947
15705
43930
-25769
20478
-71160
-1152
93344
-69767
-25826
-23866
98546
-31028
29924
-22215
3005
56890
60211
38098
-20242
-92613
5549
-85939
-86652
-46408
77685
-32786
-66706
56853
-69955
-38681
-70837
1182
75501
-41106
-18050
15148
-67996
-82940
78630
10468
-39793
-17224
29910
81498
55394
-76965
-51049
82813
-16898
23134
62511
-23356
-49151
-38796
-76014
21820
39849
53155
-47761
-82831
35561
34237
87301
-42524
10327
17284
-97637
32740
-52424
-25971
-36144
-91376
-4744
-64590
80178
380
-33130
53090
-3947
-942
-94248
72165
-40546
25637
-52232
-26524
74421
16059
-96368
-53942
71611
57170
22068
39101
84539
-19633
98445
30625
-13567
-34657
-52610
-73865
-92362
-66338
-16152
-91971
73024
-86976
63414
-85412
28191
16222
40359
72374
-3569
-83057
22285
-95196
-77125
28499
-44967
-31696
83058
-67332
-57904
28567
72358
31392
-88571
-44831
-32518
81564
96594
-43990
50624
24427
-22858
89713
28827
25836
-76765
74733
-40267
30902
67729
-48663
-44736
-35370
88708
1054
26235
81714
-586
-2529
16509
-58198
-17970
92947
-79315
-12494
76811
26990
-98180
-92757
67035
-77151
88703
-74877
-77317
38493
-76944
78144
97366
54052
60453
20319
48599
-64209
12202
36011
50453
49156
-53352
38389
65021
44997
-19469
33318
-81179
-2076
20338
20835
34630
-71668
-17900
-1530
-49742
-90061
-50978
61652
-806
-42421
59667
19935
78002
65812
-82123
70550
-75448
56441
-86102
-48867
52218
-36091
6473
-38000
98275
93954
-34125
4084
18455
52854
2800
25800
-52916
-87919
74829
85571
-63201
-48590
-57140
-51110
68661
89188
72361
-11133
-25784
79412
-58967
20718
42678
13422
71986
15930
90778
5197
9749
42410
-32943
33294
-97937
91684
79447
71659
53707
1788
82924
87133
84843
35719
-48616
77968
89588
-25390
17511
92891
-81810
-2171
49684
-96292
-41900
76283
-86618
83765
60110
-49255
92081
62161
-12581
-60492
-47590
31095
33450
-51920
83184
91536
34739
2231
-51780
49890
49443
51298
-39121
-13283
-77766
17294
-87009
41754
-31287
47821
53865
-8530
-7261
19417
-21563
-57802
-16637
82489
75167
-25701
68357
67739
-52304
-30169
-49443
80726
-52255
15805
-89998
-41738
-67541
-88467
93426
74990
75129
-50822
81807
-29949
-28684
12350
51754
47780
27683
-39662
-61017
-53832
-98618
95114
5801
-80160
10648
47692
-85310
-98676
888
20051
92212
-32873
-32661
56723
-44836
-23670
-80844
19986
-37047
32151
-34492
-70493
-79506
-76457
72469
-24032
94864
-27386
-18372
-98134
-63406
-16097
-97097
-55542
-22914
-34682
-10577
54358
-28960
-34524
-52323
70232
-36375
39983
4285
-65441
-78971
-15201
87198
-78531
-43105
88162
-90596
90353
-91957
-68236
34897
-50159
6085
-53378
19280
7003
-97572
79654
56390
-37904
-80893
63324
88493
-41722
-13327
-31689
-637
70762
43583
52152
86502
-35680
-91188
48577
-23000
66353
54471
-89399
57986
89768
34791
81629
-494
-26782
64191
34251
85922
-26092
57843
96402
-36895
39184
10499
8906
-9528
-25131
-65797
82002
73166
-25373
33250
-21807
-92462
37275
33273
45694
70773
74210
54835
-50694
-61150
10080
-55573
-7996
-62688
-86835
-93991
82534
-99091
-60180
-29737
-23075
34022
-81506
75917
-41196
-30822
-24557
16583
-97968
22271
-18420
23378
57651
-13375
-54046
39147
-62480
-20923
1776
-77228
40499
-3754
84113
18405
44963
-86367
80936
-68371
32361
-59474
-49230
-63574
-29909
53077
94120
70184
5288
20113
63266
-81792
5626
26467
-31335
85800
17165
93749
-44609
18793
11657
47029
-13383
-20775
-81054
-61003
-58191
72277
81605
37131
-78845
-89012
-78721
47005
-42874
20923
-2386
74484
34099
59738
-59898
-25878
13226
88376
-81050
-72623
26452
-74370
-92038
26769
-67215
-31367
85574
55870
-10128
95309
-22143
82415
48237
21966
57725
-63720
-95285
84957
50615
34125
-40220
79504
-75300
65737
-17513
-60089
16584
45699
-45298
78019
-63771
95855
-67348
-51512
-91138
71186
-63085
67276
-49497
-14064
-54297
-14277
-95852
-43761
20272
-83783
-46037
10491
-68215
-37214
81005
92377
-64981
-8284
-28319
97267
16840
83519
80362
-28814
50145
9970
23822
-7740
670
-51043
76705
-81551
5010
-35133
74935
-77584
-86709
-39526
-63287
-13172
567
36888
37327
49984
-43991
31986
36581
40347
-61080
41196
31989
76503
7166
-72882
50653
-24291
-83617
79432
-23955
-65922
-83836
-30433
24158
-5168
22002
-31712
64087
29988
78238
-84670
63461
-88102
96997
-28634
-91492
-83928
-57190
73194
-53826
-28177
23650
23436
-72542
30663
89072
86925
-48213
-50141
8887
54156
42403
-43928
31446
38667
84223
-55735
-93068
-59931
-92042
-33278
47823
82729
-41940
-62061
53420
-16583
-21224
6298
97910
-14223
-91869
-19351
81621
-18151
-35021
37604
28953
-87938
-89754
27853
68223
61811
6998
26935
85663
18426
6517
-44034
24015
90121
10212
-92321
94215
20774
-43119
88454
34231
-54576
-45555
-13631
-62133
-13020
37548
76100
58349
-24795
-55125
68989
58859
71531
-630
93494
11515
-19630
1791
35577
77824
23889
38532
69962
-77551
98720
-73627
84025
17621
-45236
-92749
97535
92444
-953
-14367
-94561
-23932
75095
-56999
-32115
38441
40547
-87129
7002
-16194
-20759
-48257
48265
50246
84058
95932
-55775
-5083
-35256
11486
-45071
-49286
-463
34811
4206
-47612
-48283
-30480
25761
-12430
-80687
-13606
48293
13412
48198
31404
23315
83204
89695
42625
14629
-98898
4770
-53729
-85223
42475
25279
81336
10895
88433
-5193
-43394
30124
-87837
12216
-55579
17809
20829
46378
-22008
-14752
8530
29034
-82058
-21463
-53850
59137
63081
-14624
94904
64020
-16993
70636
-24913
16562
39352
3506
12182
38185
18997
-68238
-20654
-17586
-31366
-69496
10033
-64100
21464
-67001
97002
16243
17176
-36483
-45732
-43475
-90535
-2261
96614
-89507
63719
-1695
-25612
-51032
72110
-58077
61766
-31870
-29003
-20593
-67479
62567
24838
-28085
54363
62749
57517
42559
-63249
-33487
77044
-81836
-22412
44851
92917
88670
53021
-2109
24883
96441
-83071
-60691
35859
48734
77053
85570
-29105
-12180
-17441
36749
9268
51907
83303
-12345
68395
1205
91227
49736
-19782
-50920
73625
-33201
-88866
63197
24218
21497
-74130
-73705
2862
-47922
-72528
3028
17837
44084
-78543
-6794
61300
-25571
-58917
-2944
-75711
41481
-26288
-4330
-99654
-85079
99708
-15554
25380
49287
-27488
-51101
78064
-89384
54580
52746
-31550
-64425
-54490
1133
76491
68178
96367
-99400
-3506
22538
-70600
30729
11051
-11811
-95710
97287
-21742
-84233
15437
-15795
54712
55066
45266
90610
-23628
85202
71623
68373
-2326
-16053
-47168
-6016
-47638
-81264
-26103
41964
-7323
-95984
-74119
-99796
-39989
-1809
54623
-1375
17199
-74973
35956
-78850
-65171
32683
35480
-68278
58376
15525
-69130
94506
-65163
45955
85263
70115
21532
-4537
87866
90356
-19729
-37197
83637
-33368
-26284
46839
-12973
10302
-61584
-16071
3991
-43303
-89328
-63723
29205
25606
7224
-37298
8049
84051
-81489
-14427
53145
92343
73013
-94272
32110
-93586
-65253
-56760
31581
18865
-56189
-72520
-96355
-85030
-14176
30439
-11146
79055
-97738
-20298
-17961
-52405
-33585
83705
-49976
78526
43546
-29335
37328
99731
-38711
45074
-22217
-12474
58234
7928
-38705
-66684
84213
30815
-86174
-9553
63919
76086
42667
-8020
-19713
85884
91261
94607
-16539
5965
7218
82461
29675
18265
13321
-71727
-31866
-35297
94988
18316
92778
-41571
61305
15436
36619
-65710
-63721
-33934
-25998
-30865
-23306
18150
-57004
44926
-83592
27703
44396
-63060
46204
44008
-16676
-42255
8938
92126
-54398
37051
-18346
73458
-71600
95094
68808
-81792
-65341
87116
-30276
-40373
24000
55363
-43776
2857
56185
79894
69058
25083
30628
-51586
475
-75045
78741
-57853
82874
-16615
-92969
59828
97458
98606
-97924
25444
-59263
95300
-69344
50214
-97834
-98317
68695
-2933
-88546
-33484
97066
68003
-65062
-20396
80340
-52865
93205
-78772
87794
-47931
-94288
-44541
11984
93055
23927
-59567
70812
40884
-20430
53783
87816
-99586
95717
97931
-94429
97082
-63605
5633
-93309
-16124
-47507
84571
-10121
-71518
13065
95668
-99299
7596
95461
9549
-81928
22741
-54680
-29056
84695
83546
32350
37936
-33348
-41677
75125
-58873
91154
-90711
-58925
-25251
-40447
73841
73203
-95390
16422
91384
7522
66632
-25401
-53116
59697
8133
58742
92618
50781
55364
-83621
24584
50613
26791
-56195
94720
-74557
-80964
-64124
-67340
81088
-80278
-66308
22614
-16744
76935
22138
87386
28295
-53049
-62815
9955
-13943
64314
-43575
81603
-67868
-41148
-45068
38775
79211
60767
38432
47357
-41914
84497
95796
37530
34100
12045
73804
-79775
-62230
59199
-84579
-16072
-7605
20837
65639
-31367
-38458
68497
-15957
-14808
-8512
26421
52412
74104
-94796
15090
-14416
90445
-48318
77041
72071
-99264
-50769
-87346
74918
-5984
89898
-83285
15674
2520
-32163
23071
-65303
14833
71755
-81678
7995
-49379
79106
62574
-65347
-18751
-86986
97273
87611
86395
-78758
-70923
85279
21060
-22102
81183
27481
-18669
-10269
-15541
-80445
20667
-55081
-54537
-32358
88302
-61494
-5014
-73910
1777
-44645
29674
-2059
-36155
36208
-85021
3339
-10086
7457
41950
-57030
-70755
-5716
50912
-34977
-38922
78432
2190
-6861
91253
70901
33865
95630
-30275
96379
-7183
-88032
89148
-88608
56092
46754
-18974
-55856
42424
-28266
-52286
-88358
74867
38241
-98922
11325
39174
-50466
24815
79635
88759
-88936
84851
-67989
-50263
41762
86746
-88628
-17819
79213
-70067
-22367
-7576
-24031
-66097
95061
66079
20915
-16469
-2452
-22414
41781
6709
98222
-6352
59138
3883
-61015
-40590
49274
-69229
3314
76915
-53894
44535
28150
69030
98866
-8951
-64723
18732
-44240
72977
32219
-16417
42094
-32203
15371
96007
-98871
61651
-18062
22831
-66498
76655
-37518
-61293
96290
17623
31203
14192
91076
-14067
-46102
-76623
3246
41459
-58929
-62349
-55054
42656
65861
21519
-4993
40198
63037
33918
47494
-42850
-36958
-14335
49610
-36703
15113
-34424
4207
97176
10117
-22838
-1557
-80099
12277
85705
9197
84382
30474
79991
90375
66762
7129
-32683
40216
88983
-38001
-13321
10870
-29379
30661
93200
-17624
49512
69585
-45174
-44389
-99597
31168
82942
-33398
-5932
62097
-7713
82337
-83261
-49190
-71723
2198
18358
-2652
5480
85477
40798
98663
-97018
-43370
-28068
-28432
65591
-82380
-16576
-73561
40383
-73014
66164
69729
-87392
-64241
-95796
42650
24877
15533
-95871
-76012
96535
-45968
89588
-92880
-97305
10977
-60088
2377
87392
71907
-76453
-53310
-44223
-98876
1512
66963
-54208
43163
-9790
61048
-78284
-58568
16337
31956
98672
-70707
31845
21211
59124
-8918
41517
-65601
-16395
-42754
-99175
-95284
-60132
-85445
66644
2700
26553
-69975
-12117
-55411
16695
-2942
62483
-6752
72820
63301
72377
-96867
81135
-49505
8958
-54662
-49897
-17782
-41231
-35857
-51508
12807
-33215
19873
17215
70811
-4256
-30333
-53992
-21837
54359
9047
-37622
32334
81170
91210
-68493
38913
-47275
20239
-32892
-85696
-9282
3410
47807
94836
69893
-32600
-12762
74321
-1818
-51700
25396
70504
86934
69356
39286
-43212
51072
-24079
-21625
4806
53274
33280
57031
-66813
-91376
56975
-85492
4672
63041
17880
82097
-77634
-60121
-90509
59283
96347
-25438
-80021
55478
1700
3980
40158
97573
76115
45141
12074
-47633
54266
-81497
-54525
74565
38200
-56839
-79281
58003
32763
18090
-83575
-1299
-4367
35523
35010
77586
12237
23124
-71478
66042
-98718
-7832
99532
20691
5942
56136
-20596
-40995
66281
-64895
53637
-5674
-48781
-18811
-86980
-3024
-47815
-79256
-41194
54119
-85324
-13487
-77314
73797
21803
11459
51058
4089
-87768
79816
48154
-50314
-52292
-6388
-41151
72466
63701
-23726
72455
-45748
-8339
4647
-83919
-34797
45212
-14564
20878
87496
7105
65275
92686
42752
93624
41238
18902
-66253
-31563
-59339
1701
96419
-92048
61079
-84089
55224
-81413
72573
-15715
-70449
-45315
-33142
98259
-66379
48397
21028
67920
-99466
22586
-73125
-93275
18882
17347
-89924
-61662
40492
57756
-58221
61030
86660
52499
-3
98884
12581
91325
40112
32415
88946
-43821
-98316
-72139
-40301
-48386
-20232
-51377
-16155
21038
-70551
-33669
-5541
54065
-53891
53304
75562
-87330
-79100
8733
-19155
31966
-58589
53900
-43803
-15899
-14490
-13796
30348
-54281
-81372
-23068
64102
-59171
45951
-45746
81163
98511
49049
50098
55970
65832
50060
3829
6200
22145
65151
30547
79788
-43795
73168
18122
-23640
-85055
-13900
-63129
-42711
32235
-5512
79514
-28947
-63388
-91816
51427
-79965
-78633
60969
-80371
63940
-81836
67765
-79855
95231
-45619
30742
-42601
94787
-90518
-49360
-38232
-94254
-71883
261
10339
-48100
90177
-7107
-94273
40124
65709
-51094
84294
38645
58924
63993
-89165
-52829
39781
-82683
-50014
-42128
5251
-43514
73394
-39567
79009
-29010
-85311
20646
-20152
-29524
16414
77807
-70876
-99492
91271
-31190
-11544
-84190
82700
7403
-65853
32182
18600
39252
86008
67104
-27825
-3629
-13602
74513
51562
-24093
-62004
27673
-90938
-38317
-37685
91720
-14919
-4652
-76446
-54338
35829
-28170
-4254
43437
-89681
32420
98637
98812
-10539
21510
81651
-16597
90669
76013
68010
-40224
15942
-17071
-85392
-52515
50184
-27137
31155
12106
54418
-361
-35663
33813
-24159
-83911
79997
-30874
21086
65513
37765
-8329
52887
-80533
-11733
91331
4997
-12146
-68802
-51556
47977
11417
-88727
-21163
63927
98911
-35359
-95745
31875
-72102
-99291
-32991
-75136
-99054
-8834
79747
79345
-50995
-81855
2479
4800
69388
-24001
-83064
-80127
-17498
-68714
35007
93047
37724
-6993
-86174
71444
45911
-97566
49575
26915
62865
97793
-44955
-91246
-77699
-61520
-85495
-40656
-89882
32737
-69421
59825
54783
92384
-71421
-59431
80937
33648
3597
-22948
58628
-20040
93165
-4699
-81034
78685
-45003
-67560
81427
54734
32482
77137
-6546
2609
-1860
-6850
12764
67312
34665
-74655
27068
91700
-48873
1158
-10924
-57742
-29012
14881
-61514
-86131
76082
-60107
-31762
-18886
-19452
-83283
10459
-74451
47706
56210
-60123
-54549
64094
-13851
15484
29500
15996
98119
15106
-18951
-53017
-26452
20672
-74825
95072
3106
39456
39779
-93974
-85364
-46974
67375
94882
-21385
-14887
87076
1323
-16577
39331
15383
-96879
-74019
-14745
-99456
-72482
25172
-3056
3874
46527
-27860
37196
-33302
-13687
-74427
36827
-81770
-88016
64457
6220
-17598
30927
26313
93635
57358
-27493
66026
-97976
-94540
52581
40121
-69789
-86154
61861
-37193
-24931
-13488
7577
34284
78662
-38300
-27867
-99046
-95530
324
-35520
-91598
-95216
-86149
-8808
44638
-78289
85700
84050
-99252
-72936
61074
-58132
-73384
-38991
-6758
-5255
-16783
1828
81615
45791
-50429
55079
-36699
30763
80486
-94775
-98515
32138
-95737
86491
46599
-14673
52003
48193
58681
-34283
-58915
54127
-91277
42362
-53245
20913
-40112
-66300
-9466
78395
42804
24709
-97269
-29826
73062
23997
21106
-86893
-43813
-27823
95658
47068
2906
-49140
-23990
-15011
40298
-50920
73260
-88662
47470
-82531
83949
-18986
11122
59464
-91536
39599
83918
-75348
28749
-11932
39605
-75101
77907
1978
-11653
-38953
-81854
29424
-73081
58277
-65653
-28897
70710
-82249
96210
-65562
85649
21022
-80296
14383
-13193
24711
-98984
30449
51867
8960
-50935
-14442
23464
-75596
42276
-77996
-90121
-46429
74432
-29034
17708
82701
-53501
-54742
7680
-80418
76385
-7437
-25846
48391
-3891
-54496
3109
8206
88299
-33958
-18427
-59171
44635
-29868
-67435
-74294
-12043
-84011
-61235
86719
-25542
-33125
79020
66740
38272
-90055
-2015
-16294
20261
7258
-7333
-11226
-92024
-19983
62137
-90610
28389
-43694
19557
-13478
83167
29676
-17294
-12847
-15616
-28538
-32485
-22531
-52320
14160
74876
-76448
-1911
71573
60006
-34182
-28687
27923
-13930
-63028
14357
21172
18960
27129
-33861
-93197
-78091
25406
-31002
36738
24878
34867
-90138
57626
72393
-11250
-63143
-19815
-24249
93817
-17079
9789
78481
-97557
-15774
10542
1715
-5188
92833
-19424
97698
-95123
-92015
-38048
45178
16940
-99572
-73137
-30610
13753
-60900
-18394
-46374
-95695
64849
83355
16216
8152
91223
-11500
24403
42760
-23903
67656
29044
-26211
72642
2002
91895
-58995
19643
-12627
-92919
-79418
66577
3249
-53738
40679
34511
8505
-85406
95714
45275
-84846
44434
2202
-31946
20824
97932
-21060
94484
-18871
54844
-17772
79332
-1392
-84199
6666
-42509
-83849
-52314
73961
-48830
57654
-36558
-3291
-56370
81647
73162
58180
53231
19613
-84666
8055
-39617
-99276
-28906
4210
62388
-9014
-34282
76441
-53896
13761
-51009
-51765
-86487
-386
70302
-91971
-79416
82139
-41705
96682
13804
-39353
23080
74288
1300
-21586
4980
70930
40875
59193
-4994
-32038
93734
40424
-7792
13776
-42618
-72327
75307
95543
55741
-99761
50269
75543
95557
24218
-98125
-68560
-44393
-5450
6127
36484
9811
-73320
-5824
-19054
-93661
-96408
1555
-53702
-93202
28463
22600
-36783
-54529
-91505
-17452
82441
42718
-49904
-61121
67315
-63261
-90850
-41133
-28143
-65512
-15023
-95163
-83874
-31140
20055
-45621
-24354
4202
70220
61552
-85192
31473
-68433
52573
-66452
96118
79750
-95967
-14510
95584
-18196
49135
48235
14962
-78532
40639
58688
-46846
87156
95874
95242
62567
-66456
94323
26846
85153
82296
-41617
-84572
54814
8575
30158
-76184
37357
44171
44097
-26381
-16233
413
77197
-12087
46007
-14786
-19452
-25093
29080
-75952
-43967
-711
-34386
-19217
-64498
-57868
-64117
-98031
-64123
-95214
-88200
24287
-856
87457
94548
63658
-75828
-30709
-33156
70262
-95333
-67428
-50455
54976
99573
-60345
-33878
60100
48299
33514
-26729
-16894
-72020
2444
35331
48420
-36712
-42520
-96609
34720
-92217
49871
-70720
-81822
1662
39345
-63055
-65746
34458
30067
-46344
46448
47442
8961
-61785
16824
-20725
-40408
-71201
-81612
-2865
-29860
-75113
-90233
-7669
-85751
82803
-84823
-87747
38212
68267
-65030
14078
-50764
65500
-92129
22153
-13201
-91702
66945
-50778
19518
26131
16625
97163
28340
-25837
-22877
-44186
24276
49563
2556
74597
-5699
9995
-58167
-29065
-46657
-77079
-88253
-7716
-62856
66467
49587
62081
98626
-4751
-7519
-90306
78481
-39954
12863
-75255
-81904
74643
-46548
73976
11962
-9319
8416
36226
-88544
-62999
26916
91496
48593
30793
10972
65916
72690
-46302
5849
55948
24827
-37031
-11639
-51609
-82684
-75560
-79592
62931
86700
-61596
73713
3208
-59781
-96183
-62755
-2718
2952
-31930
-98775
-37498
6880
74905
-21592
-26699
-25160
-26229
45992
68381
92330
75274
96380
96501
-89414
50363
-9433
-19639
73905
1827
-78658
-680
-38789
-91430
-22759
94067
86526
-51998
14293
-34779
79107
-33480
64799
57409
-18539
29799
-55840
-89481
-28706
34650
14682
86741
67728
-11128
-72267
22898
12257
89412
7363
-98533
-37996
-98883
15104
47728
-91224
-72647
-77337
90810
-20645
46442
6118
-59514
-95067
98705
40069
-86992
87602
-82848
21340
46580
69396
44179
-41133
-6895
-87
58878
-67862
-19560
74544
-2752
-39627
27431
-38267
-26158
-70055
4111
41660
-20950
43635
38064
62295
-727
-13666
43673
59058
89078
-67621
87398
92926
9556
77398
71520
-50357
79830
-34000
93684
54373
67665
-54903
-45843
-60897
43784
-2448
25295
-55710
80179
82433
-37015
56657
25091
-14017
73986
59392
-3383
-84954
62596
75657
15596
-68880
-39506
-37028
-35585
-8419
82107
30006
-77967
-76228
63054
93571
-12876
-85552
-42948
-95546
27716
42122
-33889
22052
63167
-87455
-47035
95088
-30850
-67351
