-8206
-8246
-6910
9551
5507
-6464
4506
1579
5565
-6821
-1868
1736
-1587
3760
3607
5879
9341
-8322
-5956
3882
445
-3031
8776
-6463
9036
804
-3221
3481
6054
-9387
-8912
-4846
-9441
6494
-2070
2408
-2222
-609
-6649
4285
-682
-8636
-7898
8905
-8612
6523
-7513
-2091
2936
2257
4876
9881
-3228
3161
396
-3822
-6359
3047
-6370
-5064
5005
-2584
-2900
-1583
8056
4842
7243
4868
-956
8814
7959
-109
1911
-2273
-2688
4905
-6037
5139
-825
-7339
-1544
9306
6797
-6011
-8053
-5372
-5442
-6744
7835
6075
9434
-2992
-7298
4504
9895
-9965
-1545
1544
5154
4385
6697
5088
5362
-7615
-797
-2583
-1475
127
-6590
-1080
8860
8682
2625
-9358
4899
-2742
9460
4729
6426
-7762
4694
7336
8617
-5702
-9446
-3488
3799
-3200
-5526
-6702
37
2695
1485
-4792
-1252
9333
-3653
-1046
-3371
-9988
6118
8132
3520
8178
-6565
8578
-8566
-7329
86
-4171
3721
-8154
2810
-2299
-6899
-9067
-332
-5208
-182
5773
-3366
-7115
1870
-4220
-612
-258
6259
2800
-7577
1757
-7976
-974
-9642
-6881
-8207
4748
-4996
-8236
123
1127
-4588
2777
-8178
-4526
7583
3188
-8707
-7814
-7818
6779
1567
-9659
4574
2972
3751
-5475
1042
-2879
-7148
-253
4674
8123
-3335
-1752
-3604
9477
2684
-585
-76
7840
-3988
-1722
-9724
-620
3609
8524
2277
-1957
-3053
-5950
4151
8957
-3062
-4789
-5370
-4178
7946
3684
-4276
7777
-9002
-4868
-6746
-4199
6867
-1263
-4534
970
-9515
4029
-3365
-9988
-6047
-420
734
159
6714
529
-9595
-7069
4429
8159
-6800
-4114
-9239
-1721
4263
9784
664
9558
8369
6201
-5435
-2336
2302
-3316
-4407
-8845
1535
7928
4516
-2272
3925
4635
4915
-2586
-4096
3370
1964
-1066
-302
83
-9151
-6131
-9856
-3274
-1836
-3811
8381
-2053
4060
-9256
-4214
-8586
-2489
4045
8620
-5940
1035
-918
-1233
-8485
3535
1685
-8588
1769
-3990
8741
-527
7266
-5978
-5735
3908
5301
1239
-6344
-1948
-3804
-3504
-5131
5751
3661
-520
-8915
-1465
-3605
-21
-120
2170
-6697
-4886
-9985
-4385
-9264
-8822
3133
8280
2725
-7135
4199
-2578
8681
496
-4765
-755
-8723
7864
5926
-681
-6837
480
3532
6704
6627
-5978
1292
5203
7854
-3319
6154
9785
-1954
-9065
-1820
3404
-8934
1687
5850
1
1260
-3176
6803
3337
-2746
-6902
7468
9015
-343
-9053
8036
-502
3132
2802
-2320
-6189
-4195
-9865
-9185
8430
-5649
-853
8839
-4318
9239
-9800
1036
-4183
-6691
9852
4981
-7435
-4900
-3554
2262
171
2064
4727
5729
9930
-696
-6789
2972
2715
-3747
-1198
-6258
4579
2649
6506
-3300
-3385
9343
-7808
-5089
-9166
-3186
502
1242
6442
-214
-1872
2174
1931
678
8791
7804
-5935
-6931
-5014
4870
-5044
5530
6509
-8570
8078
-8480
1781
-8833
-9856
-463
7450
7016
-8292
-9299
-2066
3477
40
5180
1342
-2482
-6621
7185
-8256
-205
-7359
-3738
-3623
-4269
9067
-8211
-1023
6684
-6138
9437
4533
6270
3396
-8992
836
600
1741
-5473
-9172
-7585
1862
-7411
-8478
3174
-1341
4124
4956
4769
2496
1146
-6694
-2597
-9290
-8384
1851
-3511
158
-5441
-6369
-5966
-9025
-144
6247
-513
-3831
-4462
5515
-7311
-9145
7449
-2046
-7634
-7461
4639
2639
-251
7516
-8479
7700
-4671
-8448
2933
7509
1511
-9295
-8522
6077
160
6683
1553
391
6486
2813
-312
2932
-7343
-4836
5665
-7504
-8205
-133
-1851
1765
6096
-4244
-9088
2684
3453
9753
550
6234
2823
6890
7558
2302
-4790
5200
-3441
-7588
-3348
-7172
9111
3841
8518
-6715
-9347
1080
3006
-3970
5190
-8383
3503
866
-5664
5619
-6876
-377
-9750
5367
3008
7537
7507
835
-6139
-8375
3680
-207
-7450
-1121
6453
-8151
-7669
-3373
-2874
1760
8629
7871
2367
-9413
7941
-8887
-8578
9250
-5785
-4941
-3512
-5548
-7442
6326
-212
6077
-6791
-8832
8055
1243
-2374
833
-3308
-5412
-2291
7941
6414
5214
3133
-577
-1325
-7185
-8988
7980
-6312
1749
-8662
-4328
-2763
-7421
5319
3127
-1530
-1471
-9173
9235
-4817
-4888
-4693
-3870
-3877
8986
-1534
3019
-9156
4051
5422
6807
4419
9124
4416
-3373
2293
3392
7711
4693
2956
-905
6621
-5570
8679
8056
-2955
735
9366
-6853
-1948
-5330
3468
5849
-5597
6152
4273
-7874
5016
8679
6683
7258
2982
-1944
9792
-5234
-1016
-3278
-2319
2609
694
-7984
529
-9415
-7249
-2942
4678
3218
-3141
-8710
-6747
-4992
255
-3819
8382
-4856
-1697
-637
8366
-488
-6372
-2828
1554
-5105
-157
9057
-8818
-2565
-993
1502
-160
7231
-2707
8496
-8324
8240
-9107
-4773
2894
-3958
-1684
-8529
-8119
1631
-3762
-2140
7063
-1646
-5102
-8104
-7103
6620
-4388
3812
-5087
-7729
-9365
2480
-1908
-391
-3380
-2511
9715
-1493
5284
8466
-6684
-5147
6740
994
-7504
-5266
2560
-2406
8710
-5123
6387
6040
7193
124
-9863
-1381
3843
-5070
-9867
7867
9505
1236
-8075
2105
8295
2652
6789
-9315
1480
-7643
175
-8847
600
8982
5419
3683
-4808
8766
-1423
-7458
-279
9870
-5023
554
2817
7329
5045
-5706
-6289
-9161
5518
-3752
-5621
-6520
1797
7948
-2615
6325
-8232
-7923
7363
-2068
4275
9042
-5155
6626
-9425
-9838
4782
171
-4369
4214
1533
-7178
-7389
-3874
7404
4946
-8313
-2598
8290
-4107
2486
6606
9196
-9047
-6351
9741
1526
3749
9492
-6
2780
6051
-4894
-721
-7619
2638
-6827
6984
975
3620
-1614
7109
-4105
5300
-219
-3776
-7354
7773
-2507
-6967
9602
-1524
1051
-8659
6629
5764
-1503
8159
-8103
1814
-4621
-3341
7075
-4654
709
-4556
5253
-4318
-759
5254
-6452
3654
-2590
-7111
8991
-30
-4458
-9747
-3225
7949
8757
-1679
-9070
-3940
-1546
-499
365
7212
2294
-3357
-2780
4265
6349
-3764
4463
-3813
-716
-3132
-331
3183
-5109
-9538
-1287
-2818
2756
-4693
9246
4700
-1745
-8732
1959
-9760
3045
-8304
-231
4491
525
5251
2549
5717
-6311
3025
1885
-2538
2462
-8469
-4715
-4807
9519
2453
2062
5243
5359
-9671
6828
1512
410
7394
7049
1560
4588
-3347
-7735
602
-8395
2433
-1828
-5844
-1536
8219
8080
1500
-1765
-1713
-1153
-6693
4926
1142
7701
9286
3855
-6471
-716
9721
8272
631
1032
656
4931
4827
-2463
1032
9490
5145
8436
-2006
6851
-3508
5439
-1549
4483
6992
-5162
4783
-8307
-2192
5286
5859
-3272
8669
7737
764
2773
-3933
-9950
9394
-165
-9698
5550
-6268
3424
9299
-3356
-8176
-7530
-2114
-2714
4017
1635
8077
9707
1092
7078
-9728
4804
-266
-2856
3595
5436
2876
-3500
9152
-9384
-7304
-6025
888
6236
123
4463
3121
5173
4178
-6464
-284
-9580
-2931
2421
-8279
-2195
-3958
712
8721
480
4540
7926
8392
-6986
4821
-6499
3327
-7179
-5413
-8526
-6317
-6799
-4195
-1040
2974
79
3901
-4747
6798
-116
5117
8738
-5035
-8221
-7534
1215
-4928
1087
7884
900
9936
5512
4839
8838
-1620
-5649
-8170
-9981
-266
-5529
-3857
-4919
-4970
6908
2986
6840
-8577
9648
4848
5855
5324
4063
-2359
-1451
-4992
-5698
-7311
2375
-5727
-6218
-904
-5281
8324
2966
-4161
-721
-5179
4667
-6861
-6691
3578
7580
-298
9637
8580
2570
6447
-5677
-9783
8600
-3896
6970
-1397
9551
6765
-387
4455
-2397
8699
2105
2141
272
9717
7661
3808
-7961
4710
3703
1680
9205
8761
-8944
-1949
7373
7322
2816
-9357
-5682
8375
-8588
-6641
-8541
-726
2335
-2849
4303
979
3364
7475
6237
-5163
-9468
-3578
-3899
2523
6370
5517
8357
5168
9538
-5843
2879
5558
-3160
237
-5227
-6992
1994
-5856
6087
5831
-9487
5907
-3799
-6362
-8149
-770
9539
-6193
-4744
-2004
774
-7495
397
-6677
-340
-4803
-3767
-3684
5021
-8111
-2503
-2064
-5003
7199
6803
-5425
-1521
1201
7605
2510
1700
5936
-9646
9497
1938
-908
5136
-4174
3733
8897
-4402
3009
-349
-9173
-2611
4213
-4905
5769
4555
4993
-5992
-8606
1552
-4594
2641
-9110
2747
-7253
1963
6891
-7476
9784
4184
-4485
-2920
-6593
8525
-9530
7891
1437
9026
8342
-4042
-1139
-9536
-869
-2302
-6166
8815
4236
4025
2082
-6515
9132
5510
-2638
423
-2813
-8645
-769
724
-27
-7437
-927
-5536
7277
-3026
8646
7101
4151
8671
-4784
-9578
578
4544
10000
9715
-534
-841
-2403
-5654
4105
-7425
-1773
2662
2206
-2557
7426
-4667
-7364
2705
9546
1955
4736
-8163
2734
-8659
6869
1635
7335
7915
2445
7461
29
-2279
3826
-3238
5793
-1661
5902
-9130
-7239
-2158
4099
-2951
-9223
1509
-612
5603
866
7827
8383
3709
-507
1053
8290
5829
2581
6039
-9944
-8016
1774
7430
9816
-6265
6990
8321
-4879
-2923
-5394
106
2103
-1298
2133
2287
-7434
-9999
4477
6068
-3441
-5898
4544
-8188
6556
3623
9742
-3582
-886
-2744
-6024
-2179
-5393
-4762
-2419
3664
-6548
-6043
5949
2776
3990
-1839
-1785
-6092
2303
-236
-7116
410
6583
-2209
-3087
4750
424
8610
813
-1672
-9654
-2930
-9918
-9125
-5653
8085
8601
-3806
-3613
5853
8982
2805
8131
-2378
-6529
2497
6179
2524
5728
1276
-6389
6593
4307
9372
-337
-4075
-4121
8971
7489
5638
7983
806
8834
5151
3693
-3073
2523
-528
-9364
-3980
8488
-821
2212
3210
-1624
-5697
-6436
-5159
9246
4082
858
8199
-2838
1680
6294
-1285
5124
1741
3271
2864
7824
7447
-2845
-1888
5244
9425
-510
5707
8786
-5424
-9805
6648
-5065
4862
-1801
-7532
-5088
1020
-7601
-9966
-6095
-9586
2359
-7279
-15
5953
-2582
9424
-600
-462
1083
7018
5131
-5200
-5028
-504
2458
-7002
6575
-9724
-770
7864
3445
-6412
-6170
318
133
9715
-1969
-7473
-2028
-2966
8053
-8942
731
-7462
3768
1345
5926
-6155
-9256
690
-4809
4830
5236
-5920
-9776
-2479
-4469
56
-6025
-3941
7234
-554
19
-1042
4434
9027
-9022
7234
5319
5568
2176
-354
-1504
-6102
6066
5654
7672
7978
-1091
6912
4153
-6436
-9339
-8262
7026
5086
9501
-1804
-2384
6850
-1027
-4097
3489
-8396
-7970
-714
4710
-3982
939
-7399
9137
-5174
-4321
6626
-4562
783
-9703
-3671
8240
5376
1005
-2010
-728
4288
-9041
8363
8505
-9825
-5746
8769
-163
2139
-1234
6870
-37
5954
8079
5207
4421
-5932
-2217
3746
-5514
1179
498
-5433
1991
8038
2529
5062
-2835
1552
-206
-6943
7428
262
5826
-7232
-7184
-4153
-7593
3289
-3050
-440
-527
61
-5341
4212
-8190
6079
-1476
5289
-5845
-5432
-4480
-1241
-5093
2980
9127
1411
-8701
8588
2533
-1536
-9671
-6392
1325
6447
-2869
7132
-7788
-8962
-7879
82
5632
-685
-4488
-8617
-6830
-4583
-373
1366
732
6561
-2001
-4786
-4775
9605
4346
9788
9858
8650
4877
4017
-5595
8973
-4239
-26
3457
-4370
2686
2731
-835
8952
-8038
9184
-266
6534
4532
7691
4197
7746
6581
-2371
3032
-7505
-854
4048
7342
-2929
-5568
-6678
-3412
-7205
3206
-7139
7841
-6019
-9934
7065
-342
1845
3427
7948
8723
9229
9298
4053
3267
9560
8236
-4945
7405
-2299
4637
2488
5023
9846
9743
-9464
-5798
-8410
325
3321
7836
-737
5452
1002
1701
3568
4071
-3613
-6879
3756
5472
-7568
-9405
-746
-5179
-982
-9026
2313
6972
-9818
7380
-5496
-4746
4804
4039
9023
6731
7612
2093
-664
5151
-7207
-696
8771
1785
1795
-3048
222
-8796
-7142
-7312
129
4482
1465
8832
-7621
-8365
8945
8349
7857
1669
5748
-3884
851
7697
-5739
-3476
-7387
-3149
-6375
-600
-9898
7416
4912
8311
8372
-4274
-2256
-966
9084
-9678
-8879
-7534
-144
5929
-4385
-8182
6622
849
-6095
-6201
-4693
7011
-2190
2548
-8303
3852
-493
2724
-5043
-1487
-887
-2647
7593
-9122
-4261
-4139
3947
9465
7727
8405
-6925
-8842
-5190
-2492
-5434
377
-8144
6854
-7267
-7306
8546
-2215
-7360
1299
-6930
9347
-5732
2264
-4096
2206
-9964
5238
-5607
-7270
-8463
4317
3796
-6077
-3119
2395
3484
-5309
-9011
1167
9685
4640
-1587
-9307
8980
2578
-5069
-9850
-4578
2323
-4533
2199
9507
-2831
-1479
-8452
-6685
9136
5535
4124
-6134
-9991
-6742
2617
849
-4003
8108
6936
-7576
1800
826
3090
-1067
-1708
4357
7480
716
-7019
-522
-9857
-283
-3402
-1833
126
2163
-2677
-2937
-2946
3180
4660
2596
-5593
1583
4115
5840
7799
3361
4082
-6944
6758
2720
4110
-1943
8895
-477
2083
9940
2838
-3246
-6618
-8816
5997
-9638
9036
9138
-250
-9067
2486
7400
-2072
-2280
-6634
-4959
-7459
7851
9695
-5274
6558
-4047
-4929
9170
737
-6504
-1617
864
500
-4541
8628
6679
-9303
-9939
-2364
-8900
8034
-737
2808
-9504
9264
-1260
5201
-9456
-8179
9429
3928
2160
5255
-8264
-6608
-7377
-8185
7951
-3016
-316
9452
-6693
-9715
-5974
7580
6156
-9040
3395
8988
-653
7298
7633
1390
-4134
-3207
-9669
-585
-8479
-431
-6483
6797
-6380
5293
-208
-4993
-1247
-7245
8505
665
-9229
1960
-6284
-996
2098
6821
4277
9232
-5105
-2015
-9876
8299
-2221
-5544
1694
-6230
-957
5212
8339
2642
3156
-613
-3890
5431
7638
-3796
-8910
-4636
-969
8500
8279
-3812
2079
2971
3423
253
8358
9685
-7845
1302
-9647
-1016
5123
1641
-8700
-7963
-2407
8548
5884
-4392
-9722
7156
-4404
-1393
2401
-3932
5745
-813
-2920
7789
1232
-6215
-5054
-1519
1275
4391
2216
-6439
-7289
8265
7720
4722
-9374
-339
9318
-7093
-9167
8326
-1909
6990
-9546
-369
2278
8168
8770
2779
4033
9721
5327
6859
-1015
-354
-5287
-1566
1736
6443
-7606
5579
2012
30
-9490
-8340
8460
-4848
-9505
2475
1624
2453
-4991
-9445
8730
-8638
-6107
4858
9550
-903
7094
2594
-9886
-2099
-7474
-219
-7288
-9410
-5957
-3907
-9551
8412
5913
-5535
131
-2763
-6233
744
436
7957
8944
5296
3299
8777
6363
3127
5297
-8792
-7124
7375
-5369
-693
8794
-6248
4264
5320
-9400
9234
6161
-6006
7887
-5864
-6073
3761
5161
-1999
-7262
865
-6612
-1895
1684
-2329
7644
2054
-8884
2687
-6576
1263
-2544
592
-4057
3938
9835
-3935
6367
-686
-4627
-5428
6990
-3581
1210
-1802
-1511
3593
6939
-4085
-9546
-7530
-5873
-5122
54
-5082
-3595
-9876
-7282
7093
9821
907
-5637
6152
9839
5293
5806
-4381
5401
3425
4515
-4134
-183
9744
7337
-1896
6295
-8757
9250
5607
8484
5537
-6696
-3750
1062
4854
-1436
-982
2456
522
5
-623
-1364
6078
-50
3787
4005
-2925
-5949
1184
-9594
4994
-5251
-7880
-1545
-6713
-9811
-1737
7144
-5806
-3106
3731
-3386
-6698
1862
-9017
8751
645
3316
-7897
7184
6899
2813
-23
8395
4635
-9341
-5803
-460
-4622
-2919
3877
-9081
-3930
4867
7831
-4600
6129
-6397
9559
9096
3900
4144
-8177
-9806
-7514
-8754
5348
-187
4484
6878
-3934
9896
4172
7865
-6049
-4747
-1245
1487
-9642
8132
5630
-5611
5106
-8593
-2753
-3106
5940
6498
4451
7162
4619
-4621
6163
-456
-8605
2221
7835
4832
-2549
-7691
1135
-1522
-190
-3786
1145
-647
5489
-1059
-3845
3262
-2424
-6193
-6756
-599
4
-4424
5606
-7794
6071
-2383
9372
-7935
-670
-9680
5095
-1859
5580
-7501
9165
4738
2171
5996
4663
440
-9238
4592
-2893
3498
-3260
9701
5834
9864
-9976
-3680
-1829
917
3860
7431
-9971
5696
5127
-1302
6451
5151
6612
6727
1321
1449
-264
-2319
-627
-6181
6942
1969
2274
9778
-5814
-9261
-4447
2999
-9660
9361
-2247
9376
364
-2890
7393
-2145
-8205
-7180
6644
5913
5539
5267
6638
-1377
3948
6883
9213
-2053
3638
4444
-7558
5172
681
-6589
4652
-3482
-2097
-7304
7218
7816
-9446
-1850
2944
-6149
-700
-9188
-5298
-7109
1702
863
-9678
-1811
8160
8442
9738
-4850
-9551
-1163
5578
3513
-2683
6325
3416
5013
6167
7131
5554
5482
-3018
1128
9792
9033
-7548
9553
7061
-5162
6965
-2239
8695
-2619
9328
9126
1597
-1002
4178
6386
4609
-9242
-6064
-2594
-296
-3698
2335
5293
2799
2552
5200
-4154
-775
-679
-3454
1690
4286
-9429
6201
3366
-8849
9526
-3654
8090
-5938
7952
3353
9300
-4176
2455
-2884
-2905
-1194
1225
-6784
-5044
-7168
8200
5363
-6078
-6611
844
-5662
-7302
-2551
4651
4076
7087
-1401
-7682
-4562
4206
1886
8680
6260
-4518
8322
8432
-8076
195
-1845
1912
1170
-554
-4600
7085
-1097
7412
-6639
1119
-3374
-4674
5231
1305
3560
8186
4649
6715
-4357
-3025
-4062
9822
2246
9314
-9524
-3443
3881
7006
1305
-5420
-6905
-3044
5702
3379
-2197
6782
-1532
691
-5889
-6085
9532
-1184
8954
-1687
-5266
-5467
4297
9462
-175
6418
-6977
-2789
7241
-8461
-4233
5382
-4825
2995
-2185
-1622
2890
-6492
-2097
-9088
-1466
7870
-6545
-5218
3015
6913
1535
4767
-3409
6470
830
-1677
3911
-1350
-2925
-4936
-4860
-5416
826
5311
2992
-1508
-8725
-7847
-2219
-5824
-2571
-2261
7173
-6269
2125
-207
2520
-8227
-4249
1030
7184
-2533
-9839
1120
-9080
-7199
1175
7833
-1581
-6554
-2944
8586
-7753
4707
-2298
-4461
-3550
-6602
9626
3827
9277
7120
7355
4039
4277
7393
2689
-3603
-2555
6221
-2988
-3589
-4181
-4821
4664
-2750
5833
9159
442
-3025
-5834
-1337
868
-1942
-335
4167
6542
906
9356
4543
2095
6757
7522
133
-3371
-6167
-5730
8229
869
8575
8295
-5045
4197
-9135
-8744
4706
850
639
5287
-5150
-9753
-9425
-6569
-3328
-3354
7688
-6508
-9921
-6965
5638
6859
7067
9503
5457
1958
3981
5156
5792
2486
-5015
-947
-8974
1536
7948
-778
-4026
8529
844
3049
-772
3837
3787
6204
-8074
-3554
-683
-2184
-1396
-9642
9297
-4838
4201
1400
-8806
1585
-6656
-7219
-6188
-7151
-3884
1701
-9175
6293
-4981
133
6724
1046
8467
-6362
-5166
2210
-4009
8161
-6914
-4629
-6094
7180
5976
-1619
-4601
5449
8181
-192
6306
-2309
4828
-6635
-8260
-806
8340
-219
9446
115
-2526
5186
5893
-4968
-1907
-9989
8810
-4474
3617
-4806
7209
9498
-6836
-8302
-4148
-880
1664
4847
-9739
1978
-367
-9756
-9292
-8649
933
5420
8087
4033
8559
-9529
3810
-7297
-3419
5216
-1237
1431
7263
5558
-9071
241
-8195
7926
-8482
-2561
4752
-3901
-6184
-5743
-807
2187
-4479
-3516
-9198
6002
-1842
-909
-4456
-4239
2189
-1101
4746
-4096
859
-1991
-5269
9277
-4555
-8282
-3747
5963
-7315
6883
2659
-6863
-8005
4113
-6159
-6298
-5823
2606
-5908
9423
1467
4532
7423
7487
3624
4761
-6999
-6345
-8729
-9729
3776
-7446
-6946
-7007
1880
6494
1906
-8747
9584
-1766
-6696
-3338
-3803
-2644
-2476
-2492
3520
1438
-4299
4670
1037
4744
-7822
-633
6423
2545
787
-6376
-6027
1925
8262
5111
-9830
3777
7912
-64
-8203
-1679
-7929
133
9247
-6709
8627
6185
3822
-6487
-2866
-1749
-3101
-7077
-7340
4794
7137
-1017
-562
-8093
-7489
7201
-6222
1142
-5412
-6475
-8604
-9800
-1308
9907
-2364
369
-4378
-5399
-9711
-2519
-807
3164
3905
-8196
-7767
298
2848
4709
-3277
-568
7728
-2465
-5795
-8979
9259
-1900
2924
2791
3636
-2454
-2420
6930
-1753
7908
-3478
-169
2959
7109
492
-2716
5152
978
3395
-7249
-7410
-8714
-6290
-8248
3902
-3660
8524
-5532
1941
-4778
7654
8240
-8773
7935
-3334
6076
-924
7882
8672
-2992
8922
-9579
4073
-6554
8659
9507
4770
3983
-4822
5848
-1998
-8110
-4283
7628
-6538
-1914
-6719
-7617
691
7837
8789
3660
-7919
5612
178
6809
8699
-9021
-3601
-6387
-6567
-376
-8375
2355
-9339
-8536
7598
134
-4513
-2292
9259
-4258
-4605
9900
-3648
-9035
-5524
5531
-5956
4081
4704
4206
3489
6663
-186
-2969
8645
-3628
7795
-275
-1351
4286
1878
1762
-9344
-3348
-3301
5942
8528
-2924
-3457
-5867
4494
8832
-2475
-355
-9910
-8367
-7701
17
-5115
3975
3532
4861
-4187
-7634
-6440
-9294
-8321
5226
-6254
-6711
-8012
6822
6862
-7324
6593
-1460
9605
3876
-5932
1930
7913
-4522
6461
-1201
4445
-6780
-3033
-7126
-9559
1401
658
-5682
-3133
9053
7163
-9580
4206
-6128
7938
8648
1588
6321
-3278
9049
-5715
-4485
7292
-6757
-387
-901
1001
9365
-5032
-7505
359
419
-9345
252
-6816
-2460
2126
-9586
7484
-2814
-2702
6541
8465
-7356
-8630
5423
-9619
1518
-2662
7738
3265
-5806
3639
5449
1095
5954
-4916
-8592
8508
3516
6692
3605
-7595
-7661
-2191
-3873
8227
-8562
7990
-9188
184
-1748
39
8430
9112
-6416
-7016
3949
9437
9987
-591
8428
-3852
8518
6577
-1646
4208
-1492
151
3318
2820
3751
-2040
1348
2431
932
8815
-2285
-6517
2558
7274
-1152
3814
5402
6138
84
-4764
4409
-4682
-2541
-5973
-1894
7453
-3453
6081
9956
-7311
-2073
-3483
330
4509
-7606
4099
1801
-6330
-5761
-482
163
9878
-4754
-1327
4865
-3941
-3009
4897
1413
6200
5177
-753
3283
-2023
1230
9176
2011
-7907
-6274
5595
561
7882
964
-1624
6259
7511
9951
-2539
7118
-9376
-5088
-2352
8261
8091
9658
-5533
-9414
4051
1476
4671
4472
-9245
8639
1132
-5211
-6686
2304
7808
-1540
-5484
-7202
1635
-4876
6271
-6611
6853
3934
-6675
4741
-2287
9581
4490
-9544
-8770
9108
1797
2259
-4127
-1049
9051
-8305
-9073
1526
3797
-9942
8267
6214
3192
-7534
4771
6614
-9461
-1010
6024
-3439
4199
-5611
-5886
-4695
-7158
-4389
1426
-6162
3808
-5708
-2269
8901
-6544
-7878
1543
-6438
2469
-4742
-8031
4793
7221
4813
6529
-2556
1456
8390
-2732
-2026
8661
-2345
-8277
-4061
8390
8943
5397
-1640
-4685
-6836
-2615
9
7759
5821
-6838
600
1230
3396
-5393
9855
-9589
-9924
-2764
2622
7387
282
1546
-5422
-668
-9005
-9484
8573
2087
-8585
-8009
-1539
-977
9336
950
239
7847
-1057
-4380
1193
-3494
4850
6864
4256
-325
9150
2279
4739
-3763
-6365
437
-9911
-7400
7517
-7835
2881
2876
6208
6093
-5914
-4313
-1103
7496
4191
8469
4942
-1206
7412
-3092
-7046
1961
6929
-9678
4695
-4847
-5567
4441
5448
9059
1192
-9656
-7453
-9078
8906
7164
-6816
6229
737
4412
9922
-9146
2727
5784
3583
2908
-3700
-3195
-1355
4357
-9561
8027
4901
2857
3481
8590
2661
-5199
-6194
-8761
-4327
2103
8067
4541
5784
-9778
-4088
8557
-5390
-1587
4326
4792
8994
-3
-4031
-7478
8783
5460
7870
3326
9343
5755
-5493
1544
-8007
-9420
269
8935
-2190
1887
-8788
-2706
-6523
5956
-4464
6438
8509
911
5230
-7334
7709
5892
503
-5986
-6918
-3700
2759
1013
4487
-8152
1393
8778
6401
4485
-5220
6652
972
8902
-290
-1827
9734
-1307
1761
216
-8520
1770
3277
5814
-1147
-4327
-9090
-9258
-3631
-6695
-5756
1324
5054
6520
584
2815
5025
-2832
7193
7147
-7499
764
-5395
-3323
7379
8078
-9637
-9814
-5533
-9050
-6191
1675
2425
7914
1127
-7923
-3358
-8641
8311
-2724
-1240
6629
9304
8270
2619
-16
2638
562
8669
-7715
9356
-423
-5490
-9389
-751
4329
2151
-8650
-6817
5921
-8968
-3141
3863
-7371
-7132
6369
6714
3039
9496
7985
-255
-3653
-8617
-3637
-9107
-9215
-1328
1852
-3611
1814
4739
4123
5218
4194
821
-708
-9037
-607
-1355
2820
5662
6983
2848
3642
6201
977
2065
3543
4287
3622
-2640
-533
7419
7554
-8394
9649
260
8503
-654
4399
2267
714
2478
-2088
3863
6498
5958
493
696
4798
-6198
-6850
-1468
5762
2983
-4239
-3292
2528
-3193
2131
408
1137
8572
1330
-7681
-4795
2079
-4660
4572
-2897
4399
-2345
1160
8086
-911
-8599
-1713
-4346
-5148
-3176
-1375
2950
-4214
-695
1847
9881
-4917
-7933
-7852
5382
1566
676
-3484
2966
-6812
4118
-8446
-9743
896
6387
-9144
-456
-3833
6026
5806
5688
-8680
1785
7344
1313
5763
6176
372
4210
-8222
-9504
6380
-9197
-7629
-8613
4484
-4466
-5639
3391
6973
6226
-6847
3275
857
-3839
-7672
4067
8831
-774
6296
-9996
-3422
5484
3200
-3046
6902
-9145
5964
3376
-4343
-9642
-6455
2911
97
6333
4426
-2300
7859
6878
8753
-2494
677
-4266
-9643
9795
5356
3791
-5058
-8369
-1766
-1592
-2226
8044
9107
-3086
9999
281
-3157
-1027
4545
8146
3305
-2376
3258
-4218
1889
-3226
-7051
2260
-4228
4567
3280
-9068
-9000
9807
6774
5633
-2969
-1000
1455
-2945
-4616
6187
-3895
-6453
-3135
9792
2461
-5048
6974
-8736
-9469
4164
7846
-323
3321
5660
8590
1638
-4298
9480
-1487
1069
-3961
-8421
5150
-182
-5626
-6260
-4867
-7090
-539
8691
8193
-7784
-2378
-7061
-6456
3500
-9716
-4371
-4756
8829
8403
-43
8158
-8358
-7397
5168
-5622
-1272
5755
3753
-3229
5418
-7766
-7688
4303
6875
-8995
-5385
-5746
6517
-6153
4723
6068
-4839
-1820
-9993
6655
-1403
9056
-6992
-9502
-8409
-2544
-4016
1403
2196
1095
9766
-1308
-984
4124
3742
4650
6937
-3953
1620
-3859
6632
2305
2803
7434
-9820
-5148
-2070
2482
-388
-3210
-6567
-5510
8175
-645
-4020
-6768
-1541
2057
1316
9986
-8732
-285
2605
3219
-5017
-8967
-6627
-3613
-8074
8960
6078
5491
-1499
2048
-5535
-220
4181
-7535
-8441
1270
9489
-5219
1712
7829
-3521
-8077
8772
7725
-7848
777
-1342
-311
-7885
8973
1038
-2621
6380
7884
-8810
5808
-9226
5543
485
8805
-3960
8744
6272
-9686
-8434
-7818
64
-6478
-1212
7532
8083
-3447
-2857
-7793
-6709
4707
-880
-2899
8770
-1601
-4210
-1327
-8607
-2170
6407
6663
-570
9733
9753
-4800
-7842
284
-2127
9814
8748
860
-7695
-1283
-9140
2608
-3631
1131
-9820
-1505
-4947
-8675
5814
-2040
-6256
-7866
-10
-3161
4150
-1696
-2046
5865
8832
3490
-3818
7222
-5194
-5803
-1817
-3246
8557
903
-8745
-1378
-8734
-3099
-2282
7180
7490
-4120
-1315
-2089
1304
-123
-8923
740
-2162
-8443
4548
-9698
9760
6277
9934
3819
-7665
-6083
-8305
601
-7997
-3876
918
-2107
9125
-8350
8196
4813
-9279
-5614
-3127
-2391
1417
-357
-3811
5927
-3554
-9709
-6323
9665
498
572
-7575
-8143
-6283
2208
2980
6712
-1351
9330
4567
7303
9445
-7884
8740
7662
-122
-8013
6798
-5694
8382
3412
2496
-1914
2479
907
-3933
9310
-8252
2279
891
-3737
9260
-4209
1201
-5469
888
9510
4206
-381
-6694
6681
239
-167
489
1414
8577
93
2593
4994
1040
7547
4068
-1723
5859
2584
-4952
8488
6965
-8301
-5475
1057
-7023
4395
-3129
-3294
-2003
3857
9579
2180
548
-3433
-8206
6454
3544
-1672
1637
2604
-3496
847
202
-5129
-8737
-4594
-828
-6970
-5145
-6441
8488
2160
8792
7942
-1558
-7710
7188
2128
7753
6097
7778
-6650
-5765
2962
9750
6747
-2453
-4858
2343
5213
1711
-7275
-2769
-4594
4088
-4740
4666
-5346
9991
1364
5766
-7153
-296
7617
7456
-460
6199
-9009
991
-9584
9710
-5385
479
-3856
6104
3175
-3934
-6689
-9731
7822
-414
-483
3131
-7470
9
6860
3847
-4036
2686
-9116
-8199
4407
2852
-4287
-3486
-1673
5946
2802
-5660
941
6448
-5896
8256
5156
-3552
-7851
6457
-522
-781
8486
-4345
-3821
-1901
5547
4659
6720
1317
9763
7223
7211
-7784
1202
7274
793
5843
-5612
-5999
8577
8616
1002
-751
-1656
4423
7362
7846
-8075
-761
-4034
-3991
-7584
-6587
6392
6289
-7656
-5538
4884
7148
2215
4023
-3074
1934
9347
-3682
-5724
5398
3205
-8317
-6568
-3252
6174
-185
-8901
-6930
2375
8808
2926
7702
6461
-1758
3693
9820
3335
-9274
6983
-2224
9025
-3216
-3514
-3024
-8724
301
-3167
1937
1004
3380
-8372
9178
5600
2073
6803
-1899
-9154
940
-5041
1192
-6318
-6859
415
8285
6701
4287
8826
-7937
2436
7180
8192
-3128
-6847
-2161
7092
-4324
-1389
-2206
8876
6224
-337
3198
-2077
-4510
-586
4403
-1702
-6422
-5450
1068
6565
7291
8936
-4853
9149
-6402
-2065
-5112
-459
-679
-741
986
-8927
-185
5248
3693
1559
-2243
6898
-4139
35
2929
9303
10
932
-3114
2288
-2156
-7528
9049
-7240
4270
-9604
9226
-5186
-1339
-3390
2878
9695
-2186
-5713
-2615
-1855
-6695
-3024
7575
-5794
-6208
-3824
-9468
-6724
-8095
-3044
1507
7355
-1822
9691
-951
5418
-3826
-8896
6375
-2053
-5843
3815
9344
-4682
9788
-6543
-7639
-2064
5217
6401
4717
3491
2513
-29
9458
-5341
5406
6891
9317
-8410
-5756
-7974
-5474
1838
5095
-9230
-6002
6738
-5983
-205
7204
45
1353
-40
1342
-2937
3859
7377
9838
1628
-7217
-4159
7480
-8773
-693
-922
-6977
7988
-5972
3149
5345
8346
-7263
5768
9819
-8460
-150
-3826
1359
-3853
-8385
-7872
714
-9177
-7633
3971
-6344
329
8023
6643
-5028
9985
5005
-5776
5481
84
8719
-5413
-5077
3249
-4415
-1465
4922
-5963
5737
-7962
6560
2441
-3188
2379
-7840
5215
1408
-7508
5651
8638
9962
-8692
6833
-204
1245
451
-6846
5335
9959
-1305
7558
6774
1941
2092
5121
-8355
2468
59
-6226
-6244
-9068
282
6171
4210
1312
-6461
-1934
-7077
6614
7063
-2397
-157
7144
-931
3281
6630
3310
-4466
2920
621
-8
-5536
4024
1576
1180
9239
-4092
8862
-135
8377
7858
9654
2476
8695
9747
-417
960
8237
-941
-3081
3693
4039
5422
6919
2930
-7847
8498
-9120
-3332
-1446
-1932
6647
8342
4666
-802
1332
-8638
-2815
3635
-5754
5246
-5601
-5988
2439
-9384
-6471
-8918
9493
7822
7608
-6535
7319
8227
-7307
9611
-6635
3719
-5583
-4599
8327
9576
7036
-6549
8169
1050
8015
-6150
329
-1126
9643
-4043
-5870
-1040
1616
-6972
5507
4192
-1758
-7339
-7749
-2554
-1972
7360
-6831
9992
-1717
5621
-7079
6259
3209
-8760
-3735
-8560
-7776
-9262
-9770
2353
3420
6825
2436
-7726
2587
5242
-3811
-773
-5560
-3992
317
-9332
869
3106
-9305
-9939
8132
5410
4020
-2631
-6025
9386
-211
-7457
-8397
8125
-3116
6203
-9179
-907
-4485
-6703
-3173
2351
-7846
9146
6267
-7290
9071
-3872
-8079
5838
-5886
2949
6079
9647
-9908
-2631
7962
-2887
2325
-8294
-4504
-5390
-5646
-2791
-6880
-3853
7112
-2167
6340
-6275
9825
1543
-4673
834
-6147
6762
7453
-1863
6135
426
-1095
4722
1548
-6296
-5757
-2688
7843
-2198
4452
-6452
-6922
-3587
-2690
1492
6267
-2679
9996
8169
4508
8093
4519
4829
8939
-9593
-427
8421
1833
-8942
-9466
8426
8192
-8095
-4825
9547
1232
980
8691
-9123
-6437
-9445
-8534
-6191
3503
5062
9536
8018
4112
6512
-6119
9586
-9502
2174
-9224
-8706
9511
-5586
-7153
-9220
7676
7954
4304
4109
5257
1123
-3554
5967
-5144
7163
-5842
-9797
-3590
-1969
-7088
-5856
9587
-4004
6807
-6488
8543
-3737
-9574
-5415
7985
-3330
-9449
7691
-7810
-474
6774
6862
-9041
9472
8826
-6093
-5302
4927
-9420
-1124
5006
191
-8135
4005
-9742
-4006
938
397
-5881
-9773
6882
6107
-8767
-9386
-4050
6462
-3393
5205
1499
2767
8675
4838
7295
-8123
3343
-6803
-356
-1339
-5759
-9597
-2375
-7484
-3471
4562
3411
-8277
6451
1268
-5737
4219
-2328
-6304
-5510
-9649
-2751
6882
-9538
2211
-956
8355
-4965
-9144
-7088
3185
2108
7065
4198
-1671
-4526
-9531
1515
4758
-3241
-8778
3587
-1064
4378
2408
-7342
-3412
4158
2010
5415
52
-9430
1617
9480
644
-6509
-7952
4235
-3023
-5652
6162
3114
-3450
6022
-3440
-6627
-1127
-4752
-3080
-5211
-813
-1078
9382
-6841
-1884
1356
-9312
-3240
-3704
-8236
-6783
4487
1865
-4062
2564
4153
-4179
7507
-1807
8883
-3112
-3963
7098
9237
1361
-9442
1106
-3070
-9474
-499
-839
2868
-2373
-9185
895
-7815
8260
-7603
-7397
3954
-6359
5020
-7944
-6838
-843
606
-1279
-4335
-8023
-5813
-1145
8458
-7494
1059
-588
-6998
5411
6785
-2994
1115
-1473
-3523
2485
93
1984
-430
8924
-3079
-957
4244
923
6001
-6516
-2691
-5159
-2953
4928
4323
-7253
8995
-5350
6952
-689
3524
-806
-3277
-8654
-5400
421
5018
6336
-2543
3956
-2866
-2984
2464
7196
-2696
-8782
5895
-4373
-6350
2080
9935
8907
1275
-1973
92
-5002
-2009
-1285
-5735
5109
9950
-1548
1547
5877
9026
-7035
8468
3655
-8759
-5278
2552
-9545
6665
4391
-7077
2522
6795
9212
3597
1987
-4922
-6483
-3538
9603
-7830
8204
-9538
2400
4231
-3167
5611
1188
9181
-8693
2766
-7142
6295
6680
4223
-2247
-1307
-1561
761
-7076
4972
-625
-1451
5634
4645
7621
5964
-7940
7723
-147
6045
-8975
-7995
-3931
-9259
6858
493
-2890
-2411
4603
-7214
4363
1904
-6332
5448
7667
6320
-8334
-3593
-6205
-8260
-5296
674
7191
6056
1448
1092
3353
4605
-5070
9199
4685
23
3198
6266
8586
7557
-2527
-7046
4405
7920
4302
9259
-5129
-5606
3457
-88
-1362
2357
8182
4527
876
-9429
9287
-804
6598
-2902
-9890
3381
-227
-7893
-8072
4655
-2030
-9148
-9987
-7234
2017
743
-6971
9916
-7431
-6372
-6827
-7451
-5349
-1700
-1921
-7843
1946
-3956
1121
-9908
2322
-9698
9610
319
3379
5987
7325
-7275
-8646
-5617
8850
3558
-1864
-4155
-1431
2742
8547
6579
2319
-8134
-1711
-8159
1725
1822
-6069
-4083
3374
784
-8269
3955
-9111
-5174
4079
5060
3593
-8116
1188
4774
-8486
6036
-242
-7708
6619
-3175
7194
2462
1809
9590
-75
-5338
6636
3794
-4704
5684
8886
9518
4201
-9989
-4249
-9763
-8176
-3043
-453
-2289
-4792
-2175
5498
-872
-4588
4998
2395
9553
-7765
-7470
8176
624
-6342
-795
-6387
527
1447
-1306
1042
-8608
-1510
-9899
-4040
3426
6039
-7500
8458
5710
-6108
-7487
5186
-2018
2692
-9398
3019
1608
-2420
-2123
9598
-7103
2947
-467
-1147
-7380
6376
-4942
9881
-986
-9132
8288
1267
-2330
-2089
-5445
-228
2502
-6586
2689
-6563
582
-9019
-2916
2921
863
3334
5782
-2918
8706
-8247
5775
-8325
-2062
-2685
6273
1459
502
989
-1368
5906
-8043
-5165
-9987
-9740
5339
5608
-4869
-4276
-6641
9929
6980
59
2700
6276
730
3411
-7385
7536
8724
-8684
8823
-6973
-3200
725
-3561
-680
9751
-9518
-2744
9465
-795
-9425
2468
774
8799
7517
-2146
321
-274
-273
-925
-4464
9110
6885
758
1007
-2511
7552
6215
-6724
-6189
7996
-8
8485
-18
7208
-2833
1526
4178
-3217
3559
-5803
9903
2109
6563
5332
6251
4058
-6261
-8864
4462
-3687
-1988
1246
-4818
6685
-9379
970
6729
2068
-6155
2969
-4124
8592
-456
-8254
8467
6238
-396
-6845
4588
-190
9015
-1064
-7831
-3019
-8035
2735
4752
4592
-2629
-3902
8385
-5620
709
-6485
8066
4592
-1466
4915
-1777
-4453
9767
5367
-7653
-5171
9856
9426
-8234
749
66
-396
8835
-4418
-4081
4974
-8224
5502
8102
-1990
2492
3444
-8460
-8027
1480
-2642
4893
-6701
2348
-5994
-8450
7939
-6643
4722
2967
5628
-6714
-3766
2396
-8257
-1658
-9152
-2726
2239
7087
-1297
-9447
-6150
-4519
-5726
1255
8473
5744
1909
6722
8721
7272
-3130
2422
5260
-7736
8076
6550
-1641
-1285
-1345
1156
-720
5837
3641
-9392
378
4079
-7321
-2171
4409
12
1586
2795
1917
3998
-1494
3751
-8396
8308
-3218
-1911
7482
6593
-9244
-6509
2944
-8435
1930
-7396
-8176
1887
-4773
-2678
9551
-3971
8367
1502
3484
6010
772
5086
-3158
820
-9408
941
510
9536
859
1521
7256
4398
-4313
-9109
-203
4319
5448
-208
4875
5473
-9952
195
-4147
7879
-2306
-3673
1572
-3291
5037
1431
4646
-1926
6147
2530
-4212
-4634
-5808
-1539
-8451
4617
6765
-4717
-7581
-8149
-5883
-2410
2421
-2328
-8753
-4203
-8331
-7612
3748
5918
2710
2543
-9100
4869
-3966
-5993
6861
145
-135
7956
-9194
3332
-5268
6394
403
-3855
965
9644
-4129
-8942
-564
115
955
6421
6967
1740
8564
8323
-6485
-9730
-7762
8327
-6836
6084
2259
8076
8040
-6668
-3477
5839
1139
-7163
7835
-6861
7851
8496
-5340
1560
-5423
-2132
-8874
-1355
-5960
2909
-32
4751
5469
-2019
2038
458
-9359
-3647
-2437
2954
-9
7455
3607
-8069
9833
1085
-5755
-8797
2604
-4780
6685
-2137
-1793
-6950
2185
917
-5304
666
-7833
-4400
5260
-1174
1343
-1081
2010
-903
-5259
7058
988
9569
-3730
-6197
4791
4082
1399
-4373
5154
9392
-4839
-7532
4187
-9255
-8994
414
699
-7230
7511
-8300
-9568
-8873
4643
-4296
3028
4262
-7885
3805
154
-5111
7627
6469
-598
4972
-8577
-1982
8832
-5553
9396
-5487
8753
6322
8224
-7361
4681
427
38
5532
-8513
8347
-8057
1613
6587
-6325
4542
7021
2255
-5536
-809
1740
1232
-892
-9477
-7602
5694
-2358
-2822
-6456
5936
6261
-7796
3203
5082
5239
6503
-6183
-7775
-9800
-5290
1732
2346
-5398
-3390
690
2802
-6557
8
-8086
4297
6371
2136
-9917
7703
2992
-3563
2979
3912
-6289
-1454
-3642
-2226
-7592
7820
-2797
-4567
6846
5126
-1201
1289
-5745
-3037
2945
8168
-8868
-85
-2230
-9946
-640
9672
-162
-4494
-622
-2617
7087
5983
1006
8810
-2223
-7925
-878
440
-8148
7354
-891
-8890
-5179
2823
-4547
-6113
3779
-3133
1428
-4339
136
-5299
-6733
1584
2611
-3608
2045
-2111
481
-5549
-7941
7678
2179
4066
-6613
9809
-3045
4747
-8030
9868
-6213
-2580
-45
-8615
-8528
-348
-7193
3402
7899
1299
660
-6003
-5761
-6249
6866
-5662
-3353
6560
11
-5223
6683
-4486
-8481
4398
-7654
9847
-308
9355
7853
359
7902
-1925
1034
288
-9676
13
5522
2635
9452
5312
8431
5987
-2493
-9785
-6772
-2552
-4029
1834
2733
3782
-968
7649
1542
-2191
6351
-554
-3797
1930
6018
-183
9892
-2646
1426
-839
369
1132
4851
548
-3907
8984
9796
-2410
-5414
9008
-8155
-663
-1139
-3947
-7592
-4376
1375
-6783
2682
-1714
7797
4977
3585
6301
1515
-3868
-310
2275
-4890
6300
4247
-3906
4100
-1640
-9811
2426
-2221
-2256
-2850
-4065
2215
-3091
9872
-3898
-7422
3327
-1987
-852
-499
-3756
-5948
5779
1475
-1147
-3617
-8951
1065
6037
-3586
-2521
-8584
-8138
-2938
-8867
6025
975
1978
706
-3299
-7185
-4081
-2961
2072
1062
7983
-2471
623
3407
-6530
-8124
6730
-6612
8937
-3812
-9106
-2089
-2275
2133
-7354
1474
-2078
-6771
912
8846
-1066
8620
4133
-148
8978
7017
-8263
2940
-5866
3600
-6236
-7471
5962
6937
3386
-2484
-1022
-5553
1152
2800
-793
-8210
3700
6396
4405
5346
-7940
-7497
-7300
7670
1359
5569
232
3924
2334
5695
-1249
-1945
-9816
-1724
-6941
8865
3359
3454
-3254
28
6536
-2809
-9401
-7828
-4527
3037
-3560
-5979
141
-7337
2338
4141
6604
-1997
7918
7490
9872
7072
-380
-6947
7247
-692
-3845
9417
6102
-8149
-7003
-6668
1726
-9373
7470
-9942
-7455
5402
-3652
-8473
5761
-2586
9183
-4013
-4774
9184
5266
-7453
-8702
-4649
2138
-1939
9733
1256
-553
6517
9892
-8791
4328
-8457
-521
3469
2168
2065
-150
-8392
-7628
6636
4405
9781
-6064
2641
-9131
6802
-1946
-9773
6877
-4428
6666
-1252
-9756
-4142
604
-2075
-6597
-9642
1287
6305
-2414
-7045
-976
9404
9649
9108
7216
-9106
1384
-9852
4482
-9233
7610
-433
-5532
-2336
9291
-4606
-2600
-5119
9040
-8200
5159
609
-115
-3227
-5187
1695
-678
439
-2991
81
-4460
-2246
-1525
-4911
-7736
7849
-5786
6046
1594
8488
4951
6509
5120
8725
-5483
-8965
7544
-9423
-6483
-30
6958
4825
1023
6366
5060
-5944
-5118
4187
-6798
9750
-8382
3040
4998
-8305
-9905
-1300
-4247
8731
-5861
-3921
5910
6586
4565
2621
-9826
-1380
6066
1139
6354
1733
8532
6339
5733
-5223
-4783
1738
-3362
-3818
9755
2083
-8045
1203
-8282
-9915
7017
4412
-8039
-8296
-3260
59
-9120
-1621
9068
1152
5166
7355
-8634
-356
3889
-1440
-5143
-4394
-1336
-7533
6139
-9587
9214
-2879
-1524
-4402
4083
9311
-2701
-9398
5060
-1108
-8306
1708
-2819
-9971
6192
-4681
3414
1335
-3121
2112
-3359
-813
6873
4257
2184
-1128
-8909
-3538
5300
-4326
-3442
3337
-5465
-1811
-9484
-5334
-6572
4351
4582
-6074
-4512
-3102
8503
2110
191
-1831
-1632
2674
3561
5827
-5070
-2888
-9549
9132
-7403
3741
-7871
-8544
-7343
7925
3765
-8586
668
6451
3951
-3132
7354
-6043
4113
-4523
2720
-8854
-716
-3969
5144
3744
4223
9356
-9700
-2554
3628
1938
-5012
7939
-8546
-197
2974
4231
-9950
-6083
-4553
1551
-6255
1381
-9814
6802
808
-4868
-3483
-9944
-2249
-7303
5877
6999
-6949
-3108
3872
-7743
4066
-9482
514
-4663
-7707
3467
4457
-6312
1939
222
-657
2086
-5990
8869
-6820
6967
-1963
-9414
-2835
-8406
-1545
3874
-3243
9656
4650
2147
-3350
-9336
4214
6168
-343
1005
1243
6591
-6635
3024
-923
-1658
3939
3315
7990
-2489
8425
2555
-5751
9541
-1136
-3983
-2574
-9806
729
-6550
-4638
4232
-2541
6965
-9750
-8485
772
-1726
1647
3481
221
-9656
8628
-2558
-370
-2805
9833
-3630
4598
-3374
2623
4021
-8509
1950
-1490
9718
-5936
-4308
9162
-9427
4770
-6576
8213
4081
-1080
-6740
5634
2916
-1422
-9277
-1128
1807
-3676
-4395
-4141
528
8506
-280
-7399
-8582
469
1638
4844
-374
4067
6064
6617
3972
-7543
-1232
7495
1068
-2831
-7790
-1163
-727
4957
9676
-101
-8881
-5619
2602
6284
-7333
4002
6629
-1365
-2024
-6751
8874
9330
5870
5745
8178
9047
-77
-6345
6377
-7681
-1868
-8636
4427
2964
2547
-2219
-197
4497
-8001
9550
-9974
2388
6862
671
6554
-6676
-2735
-8305
2842
-2417
2945
3674
3770
9181
757
-8166
599
951
3092
9227
-1270
2674
-9611
6453
8849
2482
3585
2764
5322
-3005
2507
4253
-7946
-2546
6198
-2621
-3684
-7383
7232
9992
2125
5385
-6866
6831
-9725
-3595
-5905
4527
4033
7148
6031
9995
9955
4824
1809
1745
-1632
2244
-31
456
3040
-3330
324
3583
-2720
3143
-3372
6475
-9156
1164
-2517
260
1286
1212
8175
2941
-8253
6390
-6172
-8497
-5113
1601
2401
-2449
6370
9280
-4780
-6303
-82
4765
6748
3686
-8569
-4838
-4578
-4185
306
9658
7245
-4019
-8771
6222
-6546
-449
-8665
1022
9906
6004
9959
1669
-9192
9712
-2593
-4930
6557
7236
-4050
3988
1302
3374
-6518
-5300
-5217
-4997
2788
-8721
8563
-6651
-6860
6366
-3053
5978
1249
5598
984
3208
-3949
4180
-1586
-4694
8517
-6928
5578
-2835
8243
8093
9658
8594
-3419
-3054
1831
5823
-4737
-5996
-1095
5763
6322
1175
6341
-6361
6041
7151
-4402
6536
5749
-7090
-5715
69
-549
1976
-324
3839
-6662
-9038
6579
5572
39
4835
5821
6278
-3868
2468
-7354
-3062
-1749
-9644
-9365
-9627
5273
-4626
3037
-6630
6576
5028
-5189
2428
-7343
364
-9987
4690
-8588
-9343
572
-9270
-329
-350
-3967
-7364
3076
1581
-6207
5168
2087
2119
9478
4004
-1074
-304
-1554
3759
749
7958
9992
8561
-2605
3563
5967
8488
-358
-8475
2773
2675
3953
2772
-8149
2635
-3629
7024
-4849
-8076
-385
1899
-8628
3245
10
1637
-5357
1161
5577
4209
5289
-3961
7792
-2784
828
4608
-1963
9768
2038
7644
-9100
-1092
-468
2590
-9979
2726
6481
8531
4129
-9773
1555
5352
939
6606
-676
9685
-7493
2130
-9195
9457
-2558
-62
-7808
-7588
9407
9585
-2115
-2182
2991
5898
-7987
2736
-2887
-217
7062
5936
-6609
3563
7426
-2129
-6056
852
896
-8159
608
-3413
5783
-4143
1126
-2110
6282
6528
-5117
-6046
7954
-8928
-3379
2298
7610
-4888
1727
-6181
-1142
1640
-9182
2916
2248
2267
-8080
4117
-4041
-8760
706
2978
-5634
-2696
-3983
4743
7319
5880
-7176
427
3676
1356
-3689
-9646
-4320
-153
8251
-5585
-150
4064
2151
2947
-8584
-7472
-8979
7089
-3058
-4838
1639
1222
8100
9493
2028
-5499
2256
1285
-1622
-2598
1695
1729
9065
8846
-8321
8043
-9252
-1274
-9569
-4988
-3590
7630
-96
-4106
-3570
-5787
-2397
150
-8598
-5885
5130
-5700
730
-3289
-2686
515
-4166
-8408
8652
9692
-9523
-6328
8883
1376
-7826
-5025
-8717
9127
-5162
8854
2313
-1161
1712
-8203
404
-2827
-6733
4708
7633
9052
6082
-1279
9250
-8724
2697
9874
7223
-678
-5799
-4937
346
-8859
-2953
5320
-3845
-865
-9874
4854
-2484
-9831
-2449
948
2812
-3732
-297
-5229
2030
3253
1725
9235
-4939
639
-8778
-5755
358
-2795
1672
7121
9153
1990
6730
3964
-8198
-6158
-1415
-4422
2153
810
-1397
-1928
3711
9646
-3166
8285
-920
-6079
-7694
-6533
4090
-8442
-5818
-6721
-7602
4611
7789
1261
4044
9209
-1801
-9138
-29
-5804
-284
-638
6729
-6337
334
-5826
-6131
-4601
-6998
-5757
-422
6640
4540
2391
-5318
-8641
-3847
7820
-7371
-7180
-7768
9637
-2015
-5348
-6963
3573
9464
-1074
8146
8571
4075
-3310
-3673
-9831
-8902
6848
-4019
843
1082
1882
-5221
9034
522
61
-8712
-1243
-98
9576
-1842
-2449
13
8668
3081
-2616
-2219
-8686
-102
2605
-1313
-2767
-1863
6600
4120
-7765
-3528
1074
1203
538
-4372
4219
-2649
5787
-5820
5092
9435
-6967
8698
5245
4367
-3673
-206
8758
2256
-4880
3226
-4715
5180
-7412
5620
-1049
2279
-6057
1145
8111
-4493
-2584
-3828
-6714
6519
4660
-612
-3052
-299
-8464
-6361
-8965
8060
-263
-3320
9686
2911
-6093
-7101
7537
6843
866
-3337
5750
-6548
2212
3747
-5402
-395
3214
9668
-1257
-867
8576
3957
-2549
360
-4412
-4953
-5064
9516
-7987
1259
4534
2671
-7621
2266
-5126
-1023
5589
4464
4039
-2167
6023
5538
5068
-903
-818
-4860
4327
-4740
-9088
9870
5292
-9041
2789
-2018
-4617
-1815
3584
9345
5482
4685
6633
3151
8224
1641
-3400
8420
-1614
-4676
-5362
4
-189
-9278
7816
498
9060
1689
-822
2543
7510
-3543
6611
6053
8460
5249
9744
5990
7496
-41
9005
7283
-4768
1722
-6691
6955
-1902
7491
-1249
-3381
-6119
3523
1919
-7981
-340
-861
-278
-5480
-1731
-1610
4551
-1195
-6305
5787
-522
8114
6055
5808
-1545
3161
-2687
-1596
-6645
2033
6610
5054
-7693
2418
-3414
-7138
-1164
9712
3189
-5028
5800
4491
138
3692
-1530
781
-989
1594
2455
-5175
-908
-2318
-3421
-5502
6849
8687
-7253
3348
-8307
-5266
-625
-6362
-4053
5847
4705
1989
-1139
6031
-3775
9595
-8908
863
6621
-5103
8530
6333
5631
2530
4598
-3285
-7285
-5475
-4329
-8627
3656
2407
5683
8449
-1369
8124
-5875
8726
-4663
-7701
-2066
1488
1439
-1785
6788
2510
4135
7585
-2832
-5088
-2240
3855
2536
-8805
-7080
-7012
4548
2671
1906
9458
-1331
2464
8248
7798
3051
-4811
-437
2863
-5928
-9660
201
6962
-2776
-9881
4937
-3272
4217
8369
-6002
7467
4945
8918
4575
2668
1321
1499
7203
-6106
1967
2654
6876
6162
6590
-8363
-2034
9939
6161
8910
6006
-6295
-3771
-9028
-2901
-4130
6579
785
-9624
3339
6887
-732
549
6284
2487
3673
-885
-1742
-2775
8479
-258
7346
-1712
-4876
-6900
-102
9021
3484
1324
3017
8115
2587
-2271
3810
3286
-3659
-652
7184
2674
-5771
7575
-5165
-8208
4419
4324
6851
-9339
7337
-3917
5565
-877
-3846
-8489
-7922
7755
-2482
6377
-5324
-1686
9801
3985
2002
3314
6843
-5118
3405
8676
6750
-4474
113
-5470
-6086
7465
-2439
-223
-7022
-8996
4390
278
2543
8471
-6392
1542
-4489
6931
-9774
-9267
-9532
-9552
-1214
207
-84
8926
-2773
2119
7099
3497
3761
-1734
7478
4563
2151
61
8347
834
795
7900
5997
7775
-9234
6597
9284
-4688
5839
227
-7973
7810
6076
8015
8245
5676
830
7234
2666
5893
5604
6916
583
-6483
5336
-575
-9549
-3799
-5535
-9322
-5316
8628
-312
8792
5577
4768
5098
-2383
-551
-4164
-1070
-4097
-7879
-9326
9593
8440
659
8986
-151
-3764
-8796
-6893
2880
-5215
928
3895
5963
-2953
4284
1522
2858
4193
791
-3672
6092
-6026
9147
1581
9175
2478
5570
5636
9432
-2776
-4321
8408
6079
-9995
-7266
8111
755
5241
-7215
-6261
4802
1168
-5084
-8254
4537
-3236
6836
-4462
-3916
1277
-6968
2927
-7935
-6015
7530
3053
667
6867
-1959
6352
-1574
2342
663
7988
6972
1600
2645
1175
7963
-4216
-7408
9355
2834
-1709
-8947
-5775
1065
9272
7393
9485
-2471
6073
6605
-8997
-1761
8600
-8401
3357
-6135
8548
-4000
7814
424
6057
5993
-74
-7308
9620
7983
315
-8390
-7662
-1959
-1444
-3271
2126
-8260
-5972
7770
727
6910
5183
-5175
3836
-5810
8368
2366
-8186
-2775
2197
2844
1557
-6689
262
-1451
-6258
-1253
1433
3755
3752
6158
9884
300
-7495
3700
-65
-8494
-9213
-266
4175
-7032
5805
2355
6816
9922
2980
7952
5562
2494
725
9878
-6418
9691
-4792
8625
-710
-1547
-6848
1796
5128
-2958
321
-7416
4586
-2400
3645
-8877
37
2875
-2470
6413
-6173
1620
4797
-1382
3897
2871
-6969
-7875
9042
-1120
2792
-8013
4122
2194
8596
-4794
7100
3785
-7489
6069
5589
3273
-5313
-5965
-9924
-4165
-2442
-4276
-7305
7707
-2160
4596
7594
-7024
-4192
-6207
-5171
-9231
8181
-7537
9215
-5883
-7153
-8497
-9118
7535
-9105
8252
-7716
9405
6030
9724
-3088
6274
-7089
9751
6580
-6671
-8333
-7592
-2167
-5967
-3629
8096
-1937
-3521
-1553
2867
-1088
2789
4978
-6662
-8536
3730
1251
-2450
-6202
-5648
7418
-1738
-8463
8812
-5066
-5316
7717
982
-4677
5176
8721
-1594
-970
7300
-3343
-7124
-1422
-2908
-3915
-4887
-7208
-7535
3068
-258
-2432
5359
-8106
2562
-2910
8032
4451
-5525
9794
-3054
7583
-2761
7820
-8206
-6927
-9785
6758
-2413
4431
-4700
8594
-962
-6554
6825
-2215
-5499
9711
7946
-3067
8581
-5373
-9675
-4370
3556
-9209
-3804
5329
-6281
5020
-6221
2249
-5381
-1955
7751
8841
-2926
6981
5973
-3964
-256
6167
485
2691
-6520
-5639
-3389
4048
2612
4670
651
-3125
-3973
-8155
8063
3064
-4202
-2033
4882
-128
-8206
8568
8661
-6698
-6806
-3440
-3675
-9601
1473
517
-2514
119
-9526
-3375
-9742
-2545
6879
7719
516
5291
-9248
2299
-8274
6943
1911
-39
-2548
-1170
393
4360
-8090
985
-6798
6263
8229
1108
9055
6333
-7347
5838
1108
-8820
-5561
-5975
-6460
7549
-1111
-4876
8111
558
6732
-8905
-7366
-365
278
1659
1099
-5236
-1819
-2699
7893
8262
-5727
-5080
-939
3716
-9095
468
-7064
-4899
5598
-5060
776
3969
-5634
-4983
-2506
9415
5526
8585
-3523
5482
6687
6972
-595
-1591
9151
5782
-8171
3397
-3271
5183
874
-2212
-4350
-2796
8123
1220
-559
2726
3896
6309
-9642
2358
-9938
6539
163
3262
-5229
-3283
-4086
5133
3966
-3175
1847
7269
4458
-5132
-9804
-8900
8224
-2497
-2725
8528
-4327
880
-4544
-8189
4096
-6066
1059
94
-5547
9426
-167
-7640
4855
4884
6977
2104
-4632
2861
-1222
8134
9080
4780
5801
-1183
-6241
-1370
8467
-6097
-5473
-9874
3526
-8200
-7735
3361
-5832
9877
8541
-5135
-9321
-2910
2442
-3236
-8077
-7230
-4805
3189
-5983
-250
8018
-6767
2478
-60
-6036
9567
-6413
-577
-5060
4885
-6881
-3977
-6203
-9772
-5348
2356
-9579
-4593
-8
2227
9653
-6774
-8531
4740
-7326
9678
-7277
7597
-4212
4319
467
8004
-232
-9884
2470
-4744
-638
2544
-1886
6833
-1885
4520
5981
346
4770
4316
8718
-4027
-5499
-7647
-9391
-9631
-5789
-4215
8145
4466
-2086
8920
-5099
-6529
4159
-8310
-2519
7263
2252
7684
-8214
5517
-4082
9210
5292
-1641
-2393
-7772
-8070
-8050
7529
4642
-6509
-6937
-2544
5040
129
-2868
-3569
6122
2853
-9338
-787
-9399
5269
-7422
-6127
7429
9097
1225
-2937
6110
1730
2083
5121
6278
9209
-3622
-9209
-2371
5685
-6973
-6114
9527
4215
3910
-5374
7480
1113
60
783
-9883
4534
-2850
6433
-495
-9935
-535
-211
-634
5991
4250
-9920
-1405
3148
-6580
-6892
8022
-9431
-7053
-9392
-8285
-9835
3642
5798
-7272
29
7646
515
-583
-2798
-1741
-2513
-1983
1015
-388
-5581
-1916
-3409
1420
-1532
7348
-6448
-4385
-9237
-7246
-3684
-8118
-3809
-7454
2333
-6998
7297
-4647
-9444
1591
5253
-20
-6330
-1348
-1329
-724
-25
8415
-8925
-8258
-6343
4470
8625
1803
2012
-3154
6379
6346
6390
1568
-7268
9238
9389
4133
-730
-7648
-1647
7951
-7305
-9883
-8376
-8805
6219
-9142
-1729
-9137
-9735
-2271
-7831
2808
-3465
741
-1689
3341
-3610
-8346
3120
-2169
-6257
3219
2485
-3139
-8677
6001
7877
3675
1940
5174
6881
-5270
-6458
2715
5364
1920
9487
3955
8186
30
-9090
4731
7618
-1220
375
-5194
-9485
5052
2998
7023
2577
9819
-3005
1877
-5224
-1291
-8636
-1032
-6095
8383
5286
-6160
2325
-9752
3232
9327
-1511
6959
-2430
-9599
7632
3434
2883
-8711
-3060
-7386
-2329
2573
4388
8053
312
8806
-1877
-909
-4459
-316
-8878
3594
9524
7669
4487
-9498
-8709
-6243
-3121
-7139
2811
944
-8674
2984
-6349
5595
-132
-6687
5815
-9103
1041
-2438
9725
2036
-6520
1019
-3263
7352
-7037
4124
-212
6916
5065
2556
1971
-4108
2089
2839
4243
9751
-1297
483
553
-7813
-1533
2520
5432
-9569
612
1336
3231
6931
-5043
-8995
-5319
682
-9583
6962
-943
-9776
-5750
-3015
-9810
827
-1740
9964
-7090
3574
-5795
-4689
5354
4738
-8383
-3353
858
-7669
-336
1835
6304
-2824
579
-3450
-225
-8357
5699
-5279
-952
-8562
2523
7459
-2133
-3949
9059
914
4212
-3560
1172
6964
-7316
5842
7620
-642
2205
995
-737
-577
2580
-6857
4624
274
7827
-4541
6397
-2007
-5922
-2356
-7184
7036
-497
5681
6906
-7117
-5003
-9133
6397
-1026
8464
-5641
7414
2159
5974
3725
-6985
1701
9089
4862
-5940
-1405
2906
-8816
6016
2256
-4386
5533
1793
408
2371
9360
-3045
-5833
6426
-4357
-2058
8912
-364
-2572
637
-3686
6037
-6452
-6774
780
-6091
-6740
3093
4501
7319
-8329
-2671
-5881
-3052
2033
-2692
-2785
5668
3665
-6572
3829
-5720
-4359
4260
-9388
3055
-7806
-6888
6958
1309
-1596
-4374
9541
1305
7406
-159
1218
-6773
-1086
3448
-5708
7606
-180
-4913
-4713
7254
5011
5774
5760
-838
-8726
-3227
-7672
9206
3037
5678
6666
4301
3135
6903
3976
3084
-2040
-2491
-136
-4582
-832
-9593
-4550
663
-1562
1058
1025
-7544
3634
-9828
-2690
2530
-9446
-8249
-7681
484
3036
-9483
7008
6402
-9436
-3687
5761
4140
9427
-2604
-8094
-9271
9115
5194
-3111
2436
5241
531
3408
4433
3639
3325
-3085
2618
-5305
6396
-3267
-5529
396
6839
-336
4830
-9900
-9630
-1192
-8670
-7336
-5484
1321
-4539
-1403
-1013
-3342
-8625
9463
-7980
915
-7521
-2504
5525
-37
-8608
-4135
5316
7562
9469
-5578
3488
9620
-9252
-4712
-4099
7173
-5131
-792
-5732
-743
-1000
4299
1307
-3760
7171
-2173
6489
1458
7518
258
-1010
-1230
-4875
-3443
-3108
7833
-4220
-6427
6222
-8481
-4283
1884
-3342
-6378
4266
4303
-1708
-8617
-6914
-8596
476
7554
7478
6855
-748
-4589
5065
-6851
-4168
2779
2227
-317
-975
4144
-3424
-1974
7479
933
2398
-2457
-4143
-7955
1384
4451
3154
-7429
5803
8247
-7150
420
-8612
-6278
1999
647
-3593
-9029
-8211
-3023
4785
6915
7411
3929
1404
587
3120
-9796
-2649
-4794
7966
-3173
5137
-2883
-9285
-6380
1058
2929
1369
-4953
5737
1375
6334
1508
5675
-5968
1341
-5396
9470
5866
-3180
-79
-1237
-8619
3475
6973
1751
990
-3964
-8043
6774
-3091
-3501
-1564
5366
-4890
2665
-1778
-3051
1144
9997
9427
-1496
9096
-7815
-6703
6740
-2939
-9836
-7421
-7404
-7828
3606
3636
-6338
9864
1784
-7881
3086
-8579
-1907
-1889
3816
6596
9849
3788
-9394
9705
-7605
9632
-2012
3904
6018
-7121
688
373
-6883
1274
8551
2968
-9118
8953
7122
6419
9563
3906
1665
-8795
-773
5538
8707
-4595
-1334
-7029
8776
-3007
-684
-1517
1673
7857
-1908
-741
3417
5597
4821
-4310
-5905
1298
-1144
9204
1901
3572
-687
248
6728
-1584
-7476
5871
6723
3916
4950
8506
8091
1030
-7131
-721
9523
-3329
-5067
-6591
-9747
7104
7906
-5976
-4980
-9730
-7899
2290
3790
-8715
-8629
4685
-4956
-4549
3218
-3650
-5896
-8608
3876
5574
2880
-2967
5831
3382
1119
-7003
-1581
-7076
3286
6657
4467
6730
1012
6865
-3845
-8959
-6302
6008
9463
-2103
3854
-5196
-6112
3021
-8667
7845
-1720
-1495
-6905
50
4114
-6054
2092
-4983
-7021
-4676
7161
-4652
7123
-1149
7667
6682
3122
-5060
3181
8998
3572
-8666
-4073
9221
5440
-5388
7532
-6256
-5617
5011
703
-6609
-5815
6859
-7804
-702
-3034
2692
-1225
-957
3403
-1022
6576
-8672
-3692
8892
3779
1043
-7537
-4336
-1128
8836
17
-1613
-7929
5495
-3253
-1386
-3369
4170
9115
2575
-7165
4033
-5493
5533
4603
-870
-4190
-9394
9661
493
2153
6540
7559
6811
7210
-1680
1542
-3129
-4989
-9845
-3755
3012
-6847
4983
-5236
-9872
6975
-4191
81
4609
3356
3692
4541
-3520
6391
5003
-3668
2656
-5345
8110
-2898
-9976
7607
-1141
-2524
-8553
1169
-4017
-308
-5219
2215
6296
-1165
-9670
-9257
6295
7385
-8886
-8124
-3336
-8191
-7132
-5642
8559
-2280
-4618
-1879
1171
-6643
5318
8319
-6847
-1997
4333
-3376
2862
5391
9022
-8696
4861
-5299
5854
-9795
9317
-9446
-4511
8400
2425
-3876
8882
-3538
-8534
-2123
-9305
-1596
6516
3380
4471
4414
-5476
5947
-8779
1494
-5689
6125
9974
-6951
7356
2258
-7273
1246
6477
6346
5598
-2847
5071
7992
1742
-2469
8203
-5100
3938
-5277
-7953
8582
-9268
9604
-2685
-7349
-9163
3860
-4880
-4437
5458
-605
-5595
-1832
8347
-4737
9363
-4224
8839
-1987
-4831
3049
-4230
2416
-2297
4480
-2445
5408
7262
2010
-7145
-8039
-6326
4285
-7736
2206
9220
5839
-5737
-1740
139
3123
1357
4080
-9882
-7789
4581
9144
9656
9692
-3911
-6899
-8256
5051
-7924
8212
1269
5307
4181
-3525
3947
7247
2985
-4699
6175
8479
-8208
408
-2099
-3973
568
-1770
3081
-7477
1564
-5930
2596
8529
-7366
-201
-5677
-4685
-955
-5974
-8815
-6618
-9248
7129
7308
5696
6660
7131
-6662
9131
-7763
-9327
8690
4550
9447
-6672
9945
-3815
-6067
-2512
9233
-9161
7515
-7998
-6223
-21
7093
-4068
3365
-4080
486
-3958
-2768
-8915
-1387
-8984
-4799
3654
4104
3072
2187
8701
-612
-4165
9201
9754
-6516
1372
-5113
7562
3218
7187
-4794
-6462
-7851
5652
2773
-7941
-2162
-3129
9939
5773
-4033
7478
2314
6631
4562
-6256
5148
-7381
3533
-7964
2964
9133
-6024
9366
330
-2275
4659
-2004
-1564
-2640
7112
-9872
-9907
-4387
9332
8226
-350
-1741
-2335
7590
-7104
-493
-4381
7267
-7762
-6935
7350
-5852
5030
-6058
4813
-273
-1501
3169
1563
-8263
-9433
718
-3449
8523
8895
257
2810
-67
-7014
-2746
-5849
-1788
9151
7514
-8638
3098
-9145
-605
2019
-7412
9073
8893
5471
4797
553
3790
1534
6455
3179
599
957
-5194
136
8976
-824
-1186
-4226
-3007
-3638
-8571
-6905
2759
1137
3397
8140
4525
-8748
7540
6315
-3994
-2722
9826
2907
-663
-3651
-3132
2112
-1280
-7360
-4127
1508
9269
-198
-9299
5723
7247
-3025
-4479
-7990
2343
-6272
6490
-2747
8219
9922
6217
-3090
3615
-7206
7165
-3290
1046
-7074
-383
-6331
9115
-5677
3276
-9358
3019
-8244
649
-8760
7627
654
-766
9497
-9478
-1680
-5096
-7181
7055
6349
-1433
1226
377
-624
8431
-3387
7240
-5583
-1779
8856
7004
-2562
-1974
9885
-7665
579
1704
6123
7864
-2153
5117
9008
3051
-1282
6940
-5585
6864
-2784
-9193
-7532
-6816
-9754
-5399
4260
-5885
-653
8176
-3764
-2371
-9967
-1277
2629
-7641
1061
1705
8661
4864
7203
3951
-3474
7945
9752
-8090
-3411
-2581
-5998
1204
8706
-4993
3953
-2623
-8976
9275
5709
4985
1223
6958
-6532
5842
4206
-2731
-8642
766
-9458
-6567
8695
-7399
-7947
-9831
-6302
1806
-6294
-6887
-8156
5665
-177
3021
4679
1646
3659
-2189
-5111
-3063
-6862
9109
-2490
-6337
-521
-8964
-9706
9339
4507
8485
-3562
9277
-3457
-4061
-8011
-3880
8155
1737
-314
-9810
-4681
-8106
-8453
-9897
836
-7286
4906
7644
1121
1804
-1585
9062
-9312
-8860
-3470
4140
-5905
8507
316
-1232
-1897
-1482
6972
5078
-5939
2367
-4060
-8654
4964
1385
-481
3495
5428
-5263
4844
5667
2873
6625
-9308
-3600
9249
-6144
-4114
-804
-1702
4588
-1476
7468
-9125
8390
-1662
6004
7530
-2250
464
-3165
585
1661
6487
-31
-386
9599
4083
9241
3641
3822
4128
9079
3492
8845
478
4999
6046
45
3254
9875
4650
590
-2450
-8828
4273
4364
276
3741
2320
-1508
5882
9323
7504
1292
-6965
-1441
-7322
9744
9573
-8414
673
5992
1114
3248
-2406
3065
-4038
5598
-8528
5117
-5108
4065
1930
-355
5004
-3758
5209
8294
197
947
-8955
-4516
3828
-7135
1731
9785
-7459
6985
5900
999
9239
-1850
-9759
-3890
7596
-8383
1909
1992
5147
1470
-4230
816
-2595
5795
184
6960
1558
-7222
-4069
2732
-3387
-8043
-5011
5832
5156
-8582
-2610
2345
-34
8154
8595
-187
-68
5306
6869
-9190
-2876
2870
7768
-3807
-7937
-7658
-5237
-1666
-6043
-3837
2357
336
4111
2107
9482
1529
-3896
1278
-3073
-4667
6250
-8142
-5242
3142
9470
-4359
-4111
-7211
-4110
-1868
9740
-6857
8325
-2351
7546
-9931
7249
6804
3186
-2308
9498
9832
-5735
8400
140
8288
5242
4737
3804
2333
-2261
-9603
-8293
-172
-4252
7271
4110
1978
407
5915
-1818
-7173
-5533
-6451
-2998
-6290
5314
-2509
1096
5906
-5337
3424
6699
9144
6507
3163
8922
6327
6200
-7774
-834
5840
3241
8871
9940
-7362
-8687
-3511
6790
-3290
9904
-2796
1521
9695
831
9620
7727
5594
-4416
4249
5922
-6120
1761
-929
-4209
5968
5145
9154
-1882
6804
9228
1639
408
6314
-7493
8411
-1781
9083
4806
-7678
-9192
-393
1548
5553
-3710
3445
-2410
-1157
7658
-2573
-3412
-4466
1780
-2477
3316
-6067
-5631
2825
8785
2830
4423
7120
-1695
-5919
-314
6746
-8988
-8120
725
-7649
818
8341
-1994
537
-1741
2469
1723
-5918
1855
9355
2996
961
1573
5599
7756
8465
-1428
697
-8474
2220
3535
2698
-493
-3100
-3249
-8905
9353
-7151
9855
-4785
-6220
-1561
5671
-9352
-1019
-3268
-777
-7965
9421
5315
-1174
1529
-7327
1989
-6544
6918
3843
-1053
-1931
-5197
5858
2993
-1273
8527
2237
8334
-2708
-9227
9347
6213
2130
-9493
-8073
8912
4563
-5169
-3952
-1206
3036
-6678
-3805
6635
1506
5861
8802
5624
-1572
-8898
3174
5836
9676
-5642
3627
-2623
4719
8686
2480
-4358
8466
-954
2938
6295
-5689
-4104
8669
-902
3216
-4727
-8169
2005
2601
3983
-364
-8131
-7922
6768
-3306
-2315
-3597
-677
2478
825
-8899
1006
4389
-5156
8115
-9448
-1179
2262
3610
-8634
-2107
-6695
-1833
447
-5228
-5954
-3017
-893
785
9964
-1664
-6129
-6211
-2044
-5333
-7772
207
-4388
-3156
-2450
-6561
-2629
-9130
2893
7780
-1260
-8242
-595
-4751
-9468
4000
-4512
-4042
7085
-4818
5991
761
5234
4448
-3200
-9509
-5556
-3743
3236
-9008
-640
-6466
-9838
-4251
-1688
-9703
-1518
-8326
-713
-375
3567
-4160
3741
-2824
-2473
-5612
-1700
-5430
4907
2341
-3635
4700
6028
4421
-3096
304
-716
5798
2813
7810
-8842
-728
-4470
7830
7612
3459
4053
-8302
8350
9317
2369
-3033
9895
-396
4832
3504
-9056
1575
-8017
-2400
3271
