5221
8841
-7539
5128
-2818
1434
5606
7081
3163
8018
-4295
5955
2692
7680
-8634
-4978
8577
-8722
-3019
5470
2715
1542
-5518
5849
-2475
-788
6608
2473
-7973
-8243
-7173
4419
-8854
-2950
-6124
-5328
2768
4837
4450
9915
4022
3496
-9847
3697
4470
7022
-6072
-7755
-9350
3123
4533
-9228
-7103
-8262
-2075
-2534
9317
7409
4149
4653
-6087
3073
-5955
-6333
3553
-8204
-7976
-1174
-4636
2950
-4364
1721
-2154
-7616
7741
3865
6186
-5950
6602
-8235
-4202
6733
1296
2259
-9812
-4310
1331
3534
-7964
1552
2032
-4475
3919
-7277
3936
1927
-7004
3308
2725
9865
4899
312
-455
-9647
-8971
3685
-9104
3977
-3246
2772
2827
7516
520
-126
8454
-6505
-4440
-6192
-8087
-8158
5634
-4769
177
993
-4567
-8952
2657
3068
811
6759
-3705
-8258
2185
-8903
-3016
2672
-1389
-5593
6287
-4165
-6464
-242
-6155
3794
1308
9731
5386
6418
-1272
5580
3197
-916
-979
-5667
-303
-7714
-7788
8752
-5921
52
4786
5645
-5216
-2740
-8957
8345
-5683
-2566
628
-6406
-9828
-8067
-488
5469
-6497
-6771
-978
6254
3642
-8444
-1341
-4106
3603
4061
9310
-6913
-5058
-4893
-2874
-7672
-4081
-2589
-6971
8715
-3247
8341
-3057
-2783
-1012
6373
2006
-5561
-1069
-4436
8279
5993
9140
2324
9013
5948
4598
-5310
4400
-7685
4028
-1213
-9339
989
4241
4273
1248
1493
-7041
-4248
-8847
-5486
5161
-7632
9146
7805
5179
-5103
7823
6858
-8736
-2124
585
7079
627
-3074
-5741
4902
8104
9828
9767
3516
80
-7069
-2664
-2626
9542
-8864
9889
-2512
1409
3678
-5672
-8067
-3210
7568
3455
-7005
-3893
-6022
3230
5504
2191
-6847
2162
2504
-6957
-4
4204
-7910
-2552
-4390
-8020
5156
2657
8338
5428
-7479
-6928
-4100
4630
6021
159
2063
8525
6759
6400
-8510
2874
898
7980
7738
-343
782
9942
3822
-9644
-8650
3323
-8646
3238
7877
3271
5614
-9840
511
4909
-6197
-7770
9849
3372
4504
2036
5033
-1586
-2861
5225
5076
-6971
4233
654
2714
-6351
-1430
7836
-7745
3433
-3198
-6766
-7435
6800
6490
-9481
-6155
3104
-8221
7044
-5557
2110
-8565
3071
-8666
-1327
9517
7030
1312
8132
-2610
6740
6721
5231
5640
8934
7146
-3091
-5120
-3952
4795
-5681
1981
-7421
7020
9973
4528
-7288
-3397
-8523
-2166
-7464
5089
-7394
9781
9189
3271
-3204
-469
1582
-8755
-3099
9382
919
7506
1159
751
2626
-4301
6917
-1871
-921
2425
100
4919
-1775
9044
-6545
-6849
362
-2988
1996
-8069
-6850
-522
6975
-7792
-7705
-8166
-3596
7635
-5378
-4654
-1683
6377
101
1709
-264
3695
6296
-3059
-8110
7910
-5314
-2580
1195
-8979
-2417
6234
3226
7832
5395
-2865
-8668
3999
5404
8787
-5857
-5903
-6260
2493
1193
-222
6776
7485
-5028
5547
-8399
-8724
-5238
48
-4245
-5254
2504
-5825
-937
7018
-7560
1661
-2467
5956
-7227
7458
-8799
9326
-697
-7461
2742
-7284
6461
485
599
-1065
9780
3750
7805
7711
729
-4781
-9966
7681
7578
-6471
9916
1921
4508
-6963
7193
3251
-4645
5626
-1099
-7281
7844
-2141
-888
-3359
-8684
1783
5578
1323
9472
6570
-7182
92
1769
3712
1719
3298
7147
-5275
-7625
-5771
-6065
-3716
6480
-8806
4359
2716
-72
8987
1618
4154
3658
2339
-1178
6185
-1140
-2671
-2751
2675
-2803
191
2976
-6994
4593
-5652
-3215
7413
1863
-6756
-8757
-813
-8483
4309
6526
-3709
9836
6112
7086
-1062
-1104
-6007
397
7998
-8399
-4791
-7949
-4081
-4999
4209
-9690
-9865
6426
4445
6262
5013
-5990
-9488
-2083
551
-1316
-876
-4984
2189
5055
3588
608
-8028
7517
-3836
4576
121
3983
3216
9696
-3893
2219
6955
4859
8059
-5166
-7151
2225
759
6404
5191
8656
-6466
5153
-6276
9459
4274
-9816
-6536
6142
9402
8877
76
-7534
-6083
-5708
-4948
-7330
3745
-9027
9722
274
4722
8171
3232
-7344
9327
-8797
3549
7304
1031
-2139
2284
2155
7610
7636
-1524
-3750
4510
-3065
-8663
3014
-7037
8085
5796
-7528
3992
-9714
1790
1144
7114
-7856
-9770
4763
1643
7791
2686
-1785
-3828
-4683
3275
-3834
-5634
-1627
1920
9744
-6208
-3273
4547
-1203
-1176
-8089
3702
9594
7781
-763
5541
-48
-5620
-2503
-7845
1601
-6147
-1540
-5006
1600
-9179
-4092
8420
-7261
-6522
-7902
-4501
-8409
-2365
-3780
-1383
4736
-5204
-2614
4412
-7256
-1069
-6251
6858
3478
9460
8062
-6920
-4349
-7289
-4845
8124
570
-2166
7009
6421
6551
4099
494
-19
-5633
-8196
-4284
5530
-6668
5990
-6380
-7286
-4462
2596
-7515
3362
6475
-8508
-2838
7500
-5738
7173
7941
8251
-6009
4372
-973
-3175
-1556
3545
-4019
4092
-1698
5028
-2731
6989
474
-1466
-4250
-9854
6773
-4127
9736
5066
-3361
2550
-7893
5162
-4441
-1937
1649
-276
-5732
7750
-9488
3398
3017
9523
728
4774
6264
3796
3920
5405
-5281
-2633
3826
-7495
-2835
-1644
9646
-8563
-9571
7572
-2978
6511
-1936
-5860
9029
-4972
-5228
8578
-8590
-6888
-7328
2022
-1620
-5505
6102
5575
8618
3623
-4013
-3462
8412
-1203
3172
-282
762
-7924
2447
-674
6089
7216
6821
-3616
-1678
-2135
-6690
-5003
-6498
-3079
6471
1394
4864
8814
-5609
-2572
8891
9926
5562
-7495
5326
-7548
-4737
-7498
2182
2373
2433
4144
-6945
2725
5048
-2409
6857
6512
-190
-4321
-2330
8825
8580
-1683
-9538
-6931
5444
7214
-1741
7183
-4354
7536
-807
6569
-815
7789
4749
-5011
-4765
6402
2304
6862
-7759
1903
7530
-4323
7761
6207
-2237
6475
3263
4266
-6119
4117
-3000
-4712
-7532
5829
-3005
825
-1763
4857
2347
-2450
4405
-4135
-3065
-954
-9821
2023
495
-6597
-5345
-135
-2446
-3304
1701
-8737
-2743
9573
-6538
9487
5152
7898
2870
5531
5937
-3042
-9103
-6100
7398
157
2808
3253
6152
8755
-9746
-3369
6314
-4918
2066
6282
-7476
8630
-9153
6186
8069
3971
-3990
-8572
-1818
-1277
-9836
7675
9501
1516
2113
4812
3299
222
-9965
4221
6736
1912
4476
6697
8177
6068
5045
-9541
-4076
-2223
4005
-7708
5674
8882
-1681
1840
-5187
700
1786
-9699
714
-9384
7772
6922
9201
-4971
-2989
3978
-1780
-1637
-2397
-5033
-9437
3819
6593
1645
1755
2133
9343
-7192
-1457
3260
-2643
9895
7190
-1317
-1702
2071
-3830
-3051
3391
2396
9279
-9097
-8528
9146
-7975
576
516
9314
-2063
-7089
-8596
-3834
-7652
-8440
-596
3812
-2361
-8580
-8237
-8135
-1997
-6750
1230
-875
1059
-9581
-5699
8560
9459
-9743
-2655
-3056
1219
-6231
-4463
1878
8602
1098
-8116
1697
-9434
9532
-6236
5731
-7354
9712
3505
-6298
7073
-8519
-3686
5944
-4650
7911
6312
9265
-1050
-5867
-8918
9878
-9165
1398
3125
-4745
-6066
-6678
2895
1396
-8763
7197
-5648
9064
2382
5103
-616
9399
-3362
786
-4969
4287
566
-4162
-5087
1033
-9095
-8530
-7757
6396
5763
-8545
-6973
2787
5586
8797
-8341
2351
4920
6938
8355
-4745
-8785
7605
-9793
-6747
8803
8186
7310
-2022
-9211
-6881
6193
-7910
5483
936
-9903
4651
2691
3112
-2293
-665
4506
4381
-580
-7694
-2528
-9901
9343
-7341
3382
4821
-4399
2212
3049
3704
-7484
8530
4321
-9061
5372
-899
-363
-1670
3184
-6077
5930
4314
-2546
5465
-5424
4186
581
4295
-548
6819
5823
8604
5975
2914
-3221
-5296
-8366
4169
5549
-5647
8488
-7766
9521
7904
-3795
2749
4190
-7458
-8848
-5932
9654
-6494
-4690
8359
-5221
-6960
-3197
3833
335
9968
-9706
6296
-4321
7705
7206
3712
-1798
3789
-2339
-2071
1367
7757
6999
-2185
8313
-2332
8460
9825
8610
3954
1385
7591
1258
9642
7288
-580
1714
5010
-241
-5524
5296
-1279
-2554
-6435
6320
3642
2338
-8490
-7574
7518
-2015
3253
-7327
-1321
7080
3698
-5621
5981
5063
-411
-8659
-2775
2643
360
-5238
-1049
-98
-5779
5606
-8919
6271
-5363
-1909
5077
-3077
2725
-3273
-3419
-9498
-587
6050
7945
-4503
8648
-8019
898
-6169
-7098
5987
-3289
5405
2949
6473
-4007
5172
204
6615
-5022
-4874
3373
877
-2594
1047
-5623
-3716
-9831
1354
5345
-1646
-7705
6283
-2265
1332
7807
6389
-2341
-1412
-6853
-6937
3863
8736
-8026
7630
5804
1912
-8466
7625
2406
-8428
7327
3048
-6430
-7883
4897
2484
3652
8019
9525
1237
-5714
-9367
-8216
-9817
-8067
-3583
6428
2770
-5983
5943
-851
-5290
-2113
-5439
7260
1120
2886
-9494
7315
6896
-7145
-2969
-5230
-9728
-7883
2109
-531
-5895
-734
-7439
-852
8823
-7824
-7595
-2018
8936
3963
-5619
928
3630
-413
2369
-1802
-3526
3492
-4883
-7042
8121
-1477
-9430
7806
-7213
6901
1027
-6994
-6053
-9841
2899
-4998
-1772
886
-4487
-9584
-8779
183
6989
-1342
3182
6534
9253
3476
6791
4635
9273
-8300
-8884
-8865
-7125
3234
-4707
1206
-561
560
213
4310
-2979
-2193
-6257
-4935
3999
-2538
6630
-5757
-5163
8553
8841
-8478
4491
-2625
-4739
-868
6346
7017
-159
189
8228
-4989
7207
-9539
-128
-4648
7195
2752
-8907
-325
-1206
-9308
-7997
-829
-9697
3809
-9191
-1735
-987
3249
9658
8656
4629
8553
8297
1151
3835
7079
-6488
-9745
-5944
-4152
-6708
-1987
1563
2720
-1586
-5223
3514
-4412
-1338
-7999
914
-1126
-4959
1038
-3387
5426
-6254
-5578
2453
9606
-5030
5899
-1399
9179
4426
4318
-1242
6532
-2531
-6215
4515
-9766
-1967
3625
9338
-5574
-8088
-3099
1186
5476
-1057
-5678
386
-8352
-4992
2874
-7458
9243
203
-634
-9497
9123
-8904
8353
6995
1191
-612
9228
7375
-9052
-2727
-6914
8707
-6648
6359
5831
2085
3049
-4328
-2973
125
-8040
7598
5625
-6617
2113
-4600
-6588
9513
9614
-674
-7982
-8783
-5143
-6012
-5161
-4195
-318
-3189
5575
2274
-2917
-1859
-7434
-5505
-8636
-4204
5025
3709
-4767
8575
5737
-4642
5109
-5415
5346
3105
-5539
-478
4485
-1716
7150
2700
-4728
8866
2569
4493
3470
-3149
-196
2474
-6790
5191
-8333
1187
793
-5881
3438
-2942
-8579
2069
-7593
5528
-5868
6812
-6798
-649
-7109
499
3794
-4969
-1920
-9786
5316
-4455
-2006
-64
6799
6622
1342
1573
6819
407
1967
6241
3654
5326
5301
-3665
-4462
5752
-2798
-2889
-7784
-1448
8964
56
9150
9889
-48
6265
2920
-9259
7435
-6197
-6016
-9214
-6834
7034
-7813
-393
-190
9404
-7595
9839
-7152
-7024
-2961
-800
-3442
-8490
-5111
8509
1701
3350
-7603
3602
1108
-2213
4404
-1026
9537
-3481
5653
-1473
-4318
7338
791
-5289
-5218
-1867
-6124
-4149
-2205
-1510
-8081
5745
8857
-5751
5976
-515
9631
5120
5869
5995
-9654
7455
-580
9986
-9966
-6400
-6553
7096
-9170
5244
6649
-1693
4596
-2401
-8103
7713
6123
4587
1950
-9553
-1876
-9947
-3036
3268
3420
-494
-8416
-8677
-9360
6915
-33
8040
1375
-6886
-2689
6503
7502
-6855
-8944
440
-6657
2275
7521
-2040
6219
-861
-3674
-4827
-9607
-2696
-2016
7425
2468
4417
773
8765
-3302
844
-2470
-3022
2055
5977
3027
2699
1401
-3662
-7692
-3059
1765
4612
-9567
3238
648
844
-7790
-6909
7372
166
4106
3386
-590
-6320
1661
-203
1381
6599
7253
-3866
-9867
3192
-701
-205
-9582
-5161
2499
-4534
1769
3840
-7628
2461
2334
-3204
-2106
-9957
-3011
8867
-272
1578
-3071
-6731
-333
-5809
7138
7010
-7560
4426
7685
-3690
353
1383
9975
-2944
8173
8331
-3798
-2457
-8579
7433
2322
5608
4881
213
5567
5106
-9012
-9652
-6545
-4138
4418
-1663
-9168
9839
6763
49
832
-3817
-9082
-3354
-6254
-5328
-592
6898
-6595
9813
456
-3113
3343
-174
5470
-5115
4997
-1965
9572
-4179
-734
3088
-5568
932
6807
-9789
-9332
322
4460
1143
-615
-9067
-4588
-1791
3111
7090
-9563
613
-1473
3209
56
4695
-6450
873
-7653
260
-1142
1942
2242
-4568
-7031
1053
5310
6507
-5419
2207
-971
9473
5302
3912
-1127
-1053
952
-7922
347
3068
6187
1204
-2516
1730
2107
7812
-1656
1992
-6358
-6276
-3346
1466
-130
3168
2188
-2183
2851
7828
6272
-3594
-645
-5030
2394
-2169
-7450
7008
-5982
-9049
7176
-2527
-8389
-2343
-7582
1595
2977
1286
6192
-7456
6425
-914
2222
-9339
-8054
118
-1077
979
-2945
-7174
-4746
9081
-6819
5864
3613
5321
6951
-5113
-3099
4115
3469
9526
1221
-5704
9919
-7973
6383
-8676
2782
2040
3277
2161
-8326
9698
1617
-5590
-4534
-4669
6609
-88
3624
-9391
6243
9146
-3436
2740
-8655
4125
2631
-708
-9649
1056
8600
7937
-9672
-867
2808
4314
-7868
2058
5198
-5793
-9842
-2522
-2113
9780
7699
-6148
6861
2378
-407
8456
-2881
597
7768
5777
1740
-9702
-4048
6499
108
1687
1063
-1705
817
7509
7360
-4221
572
-2860
-9794
-7961
-9121
-427
-1169
217
8773
-3795
5895
1690
9023
-6470
-9456
-1310
9415
-9186
-9196
619
4220
8795
-9851
419
-8086
849
7900
-8677
5640
-9621
9353
5466
8115
-7644
1637
5684
1652
4934
9032
-8293
-7263
-9792
832
-9053
7288
-5173
6906
-5013
407
-4804
745
8396
7566
-1760
6519
-1058
6877
-2564
-189
-8621
-3373
4963
-4490
7160
-6557
8636
-7769
9960
1950
-9499
5563
3321
1999
-4315
-4039
-192
4104
-5945
2137
-1691
-4173
4244
1952
-3406
2494
-4710
1873
2985
383
4497
5611
9038
2379
3708
-1112
4144
-5010
-4548
-1306
-8431
-8691
1337
-3204
-9711
-7135
-1584
-1201
6204
642
-2816
7060
-344
9141
9746
1603
-5436
9055
8720
-2989
6432
-7535
5320
6385
9191
9244
-7323
-3983
-1470
5916
156
8638
7500
-5742
3760
6768
8711
5308
3174
4601
-5395
-5188
-4830
-376
-5176
4168
-4711
-8075
8218
5602
-2188
-7475
-2854
5360
1271
4545
-4577
-305
8036
8611
-1113
4055
-5629
434
9045
4762
5743
3657
-418
-1875
-9326
295
-3430
3790
830
7662
7018
4917
-9277
-2458
-7479
-5804
-9815
-160
8643
-9430
-9836
-9459
9478
-2806
3698
8017
1386
-4716
-9804
-5284
-4210
5351
-2525
7674
7900
3518
-6683
-365
4434
5366
-9574
2060
9234
7770
-3113
5760
-5335
4857
-6999
-5793
-4524
780
-5390
1218
1976
-5186
6017
-760
7058
-5456
-2844
-6617
527
-9671
4072
9105
5754
4522
-9724
-2826
5289
3410
-7449
-6629
2605
2102
3991
-894
6977
-2716
-9712
-6243
-4030
-348
1082
2555
-6274
-6421
6083
7447
6348
-1304
-2013
-7120
8777
3326
-7625
-5369
5105
-6879
-3919
-3759
7784
395
9539
2108
5294
-2829
-2605
-6220
98
6775
1306
5583
-9866
-934
-1465
-8207
-1149
-8334
4974
-8655
7382
7206
-5542
2318
-8895
-8304
8573
-5112
6167
-3533
-3182
9294
4658
5537
3666
1453
-9066
-4008
1689
-9737
1239
1707
8617
8518
389
9595
2659
3935
3623
8772
-7038
4364
-5877
-4304
-2987
-7625
-7549
8510
8410
2348
-7067
-134
-8871
-4001
-486
-5330
-1897
9963
-9641
6367
2114
-2828
5902
-7888
1482
-9130
5350
-5298
-5488
-1488
-1623
8157
-9120
-8686
9430
5604
-765
-9600
-7054
-4124
7922
7034
-9879
-5654
2150
-9592
-5131
8963
1508
-9491
1065
-3430
5569
1513
-3189
632
-4453
4321
-1331
9917
8375
4527
-7249
9224
3433
-3346
-2947
3864
789
5477
-5399
-4985
8121
217
1523
1008
4203
-3281
2466
4259
8794
-8411
-7910
-8627
2895
4256
8483
-5834
-1278
8027
-3437
-796
280
-5038
-8522
-2070
-3567
-3979
-1916
5324
1116
7240
-1263
-5820
-7531
-7545
3918
6900
308
-1608
9301
-4958
-7691
-7565
7621
-9430
-4541
-738
-8428
8800
8002
-5055
4906
8380
-6414
-8332
-4992
4102
4724
-9185
9000
4893
-3807
-633
804
-56
6019
7087
-9157
-65
7765
824
875
3981
-1091
874
-6
-4769
3370
8272
3078
-6818
-1399
9607
-5468
4271
-327
6063
-8221
-4206
3204
475
6130
7302
668
-5640
4641
-7492
3199
5461
-5461
-8911
-6658
8157
-5453
-5107
4898
7844
5273
5921
6525
-6114
-8020
7021
-7992
2644
5841
780
-5313
9735
-5023
-6115
2131
7025
161
2717
-2346
-2535
-645
4635
-1646
4811
9655
9360
-6706
-7686
3078
8336
6940
-3273
-4027
-6788
-9263
-4597
5320
-1962
64
8862
7498
1606
1642
1691
3553
-4456
4710
-6578
-7359
9199
-9824
5733
-6926
-579
-7468
-1961
-6668
6634
-5692
-3924
-2176
-358
-8402
-8836
377
8701
-9507
-8595
5074
-8748
4064
5691
-536
4378
-6880
-5197
6529
892
1705
-5508
-9329
5202
8751
9833
-9005
-5587
2996
-3577
8258
-9840
-2965
3048
3946
-2813
-8376
-5092
-6381
4915
7239
-2340
2026
-9632
-605
7984
-4384
20
7886
7320
4184
-3094
8454
-9197
-7627
2426
-8442
-2067
-177
-538
6424
5001
-4031
6380
3417
5302
5796
4262
8553
-3087
679
8096
9010
-7129
8722
6769
4529
1901
1602
-9776
5822
8389
4897
-6438
-1119
4193
8868
-1804
3350
-459
5181
-8315
1846
-9230
4
-2807
-894
-7543
-5038
1859
-9891
4892
-177
2985
8747
4807
-9902
4097
1733
6178
7599
-6590
4849
-7382
5764
-4169
-7200
-7452
3294
-3701
-5301
-5522
1922
135
-6783
7561
-2506
-8364
-6784
4057
5653
2741
-2657
-1701
7338
9024
-7337
-3313
-3689
-4711
6133
7302
1695
-6227
-6757
-1408
-2745
-3990
6835
-4379
-5259
-6595
3210
-8633
-2494
-6351
3604
-469
8175
3725
-4245
-8030
5803
447
4316
9552
-5772
534
6664
3388
9805
-376
-2205
-5940
7103
-4996
7889
-167
-9196
5939
-8634
1263
6208
5744
8828
-8368
8809
1067
1802
780
1319
6615
9740
9433
-2248
-1298
1942
-3229
-4785
2255
-1001
-61
-3554
6171
7457
-3243
2697
-9973
4733
4165
7012
5666
-7792
-661
-13
9386
5429
-7166
2069
-2020
949
830
7922
-2740
4863
708
5063
6769
-2291
-1744
-6512
-344
1334
8351
3027
5741
3729
-1511
9740
-1969
7897
4633
-6433
-1093
-6789
1433
-5191
7584
3168
-6026
-9272
4762
-4486
-4801
-5
3626
5479
-7733
4823
-8558
-2745
-8866
-5931
-1861
6038
1513
226
9802
424
-7648
3193
8973
9644
4263
-2155
6233
-153
4254
2387
-6698
5194
-6347
2603
4019
8444
-7337
622
5641
-5328
8917
6005
-3149
-9863
4324
2183
6023
2213
8941
1633
-695
67
8670
-1178
-7952
9891
5746
-5077
-1173
1430
4680
-4589
9714
-6739
7198
6806
6824
-4167
-4217
3563
4389
-6895
-4349
6728
-4262
-6478
7072
2715
8802
7313
3738
1262
-1098
-4721
8606
-9232
9420
-2140
-6439
1249
-6315
-7904
2990
3987
-8413
5887
-4249
1246
2557
3712
-6059
-3904
-2741
-4368
1795
8072
-6214
3764
-6668
9944
-7615
3789
-3968
957
-4421
1113
150
4921
-7705
2748
6752
-1194
-6032
6115
7821
-9378
-9540
7192
4073
-2126
9675
8166
3488
8233
-1835
-6381
-1977
-1262
-1057
5357
9527
-3509
-1329
1205
-5200
-7199
-9792
2880
-3415
1515
-880
4321
6140
38
6501
3297
-4210
447
9698
5621
9386
-1752
8283
-6076
1551
7455
-6968
193
9975
-3795
4906
4890
9721
-3476
-8338
9564
3031
-8569
8099
-9414
4683
-7309
2812
1530
8444
-9460
1268
-502
894
-8922
5717
-5179
8790
920
-7616
3713
-8123
-6388
9463
-1793
-3567
-9966
-1061
-2721
3646
6702
-798
3266
-7461
2161
-5098
-5372
-9888
4317
-7494
1720
-7031
-8486
5447
314
8073
-7494
8885
-4178
7583
-5457
-4090
-250
4087
2900
-984
-4461
-1746
9666
-4201
-7732
-9879
-8950
-8559
-7130
2553
9910
7458
4554
854
-1846
552
-6352
2529
1951
-643
-4317
-5249
596
-5639
-4634
-2358
9415
-5208
1425
-6287
-4805
-4724
-8345
-344
-4363
-4964
-8853
-2558
-7809
2980
-5597
3778
6728
-9219
298
-8558
-9620
-4299
-8454
-6118
-1747
-1894
-5369
5039
1790
3911
-5220
1420
-8700
-4364
-5570
-2157
-4950
8947
5075
6312
6354
-6211
3281
-4825
961
-6186
4489
6541
547
-7023
-4111
-4282
3461
9226
-8753
-8397
-2631
-3860
-2970
2869
6404
7212
7585
-4906
4248
-6209
-8894
-6142
2665
8783
3125
-6508
8629
7012
-2336
894
-2887
-5859
5974
-6202
4951
2324
-8709
-2846
-7029
1980
9634
9349
-8942
-9403
9514
2636
-8322
-8017
5774
-5148
-9350
-9710
14
-6617
-5989
6583
1513
-6813
-9287
2792
-2878
-6695
8997
1079
9128
8725
-8260
-8637
-7480
668
-2861
-2854
416
4118
3232
4728
8910
4023
4236
-8482
-1938
6355
7001
6661
-7498
-6670
-1341
3133
7868
5256
-1579
4250
-4039
-477
9238
-8692
-4365
2074
-3254
-7451
-6421
-7157
6954
8950
5678
-3247
854
-9548
7812
4924
-8807
-3404
3578
-2352
-3116
-9283
-2069
-8741
-7517
-5169
-6656
3969
-3397
3943
9109
1463
4702
5726
-6306
1747
-6120
4779
-8315
-6505
-6186
-1208
6437
2361
6810
36
-6189
-7928
-2717
-5289
-6846
9735
-65
-6768
-3662
-456
-4697
6091
4168
-8531
-6663
7222
4119
-6016
-705
-1201
9502
3670
6602
-8112
9370
-2838
-7832
-373
8599
8566
-8594
3661
-1744
6945
2358
8088
6558
5443
5460
3628
-7769
-2399
4811
2330
-3244
-6913
-6879
5011
8860
9133
3343
8201
4840
-3940
-2648
3677
-9664
-7521
-6598
-1853
-9163
5571
-7303
4694
-5192
-6169
-3169
1060
403
7907
1630
-8513
-7890
4829
1722
-7777
4441
4498
-7669
-5090
3077
-6652
-3687
9684
-3059
-839
-1593
9103
-5419
8640
-6240
5364
-7444
-4955
1432
-8284
-7377
4426
-1634
9806
7963
-6594
8336
-3213
-282
-7679
-7933
770
-2461
-5532
-8665
-8695
5865
-6850
2276
-8515
-7549
3258
-5572
-6253
6952
3286
5761
8776
7391
-4692
6802
4334
9178
-5729
1000
8068
4457
8496
7414
-6877
5085
-6874
4778
3021
6716
-6188
-7145
9584
9491
-4029
-2320
-9216
8339
-1438
-4369
-4397
-5249
3652
-1188
585
2807
1119
-40
-1049
9009
5728
-6355
-5158
1214
-6087
-8634
5775
-6402
239
-9987
7956
4711
-4209
-8434
-7565
6244
539
5717
7947
-6958
1307
8137
-1660
-5335
-1876
-5896
-7680
-656
-6469
-5426
5300
-46
-2864
-7890
-2771
9756
-9667
268
-8305
2056
-9140
-3385
1592
5126
8818
-9275
-9586
3555
-2655
-8780
7695
8274
-3787
8985
6402
-7975
7901
-2512
4776
-5730
8172
-6635
-6878
4804
412
-1418
-5444
-938
1990
-3166
-554
-124
27
-9941
-7263
9405
7352
3953
3124
5266
-5103
-656
2116
-7224
-2151
2409
-9647
9929
-2139
5280
3283
9791
-7340
-5282
999
783
-7494
-6846
-1123
-4199
4254
-6188
5376
6070
-9721
-9979
7586
-8058
4101
-8551
634
7071
4410
-3154
-92
-9655
-9718
9730
-2333
1552
4465
3583
4510
5512
-930
-583
7254
6207
688
2910
-4133
3969
-9221
3236
-4047
-873
-5637
8839
1108
-2447
6575
-3919
-4713
-4107
1165
4306
-5689
9995
-1721
5292
9446
-4905
-8492
5170
8740
-6871
-2662
3415
-8101
-6497
-885
-4181
-7086
-9331
-7712
-7961
2782
2161
-7330
-3000
-729
-5254
-8964
-1377
-771
-5598
8066
7230
-8664
-6688
-8038
3398
-7622
-6521
2847
-7893
4010
7264
5225
4913
-8357
3127
-6784
3052
6326
-4701
7026
693
7662
-1060
-8711
-8927
-5580
-3639
-7971
-5570
2550
-4119
8359
-125
4158
-4209
9143
-3176
3772
-2793
-6014
-5352
6348
-4940
-3612
8494
-3276
5332
-2798
-5535
-5972
-6806
842
3358
-3050
-7985
-7619
-4656
-7832
-8166
-9648
6849
-7478
7784
6895
2677
8712
4601
-740
-2412
-5018
-2349
-9282
-1652
-4687
6744
2835
-2773
-8
3719
-6949
-5106
8665
8556
-5109
7953
-1699
-5159
-8704
-4892
-6831
2937
9888
4823
9472
1855
-4705
-7024
-4069
2157
3064
3974
-3525
4031
675
-6665
9423
351
15
-7529
-3676
-6551
6956
3605
-2768
1504
4685
-5234
92
-2442
-8603
5945
-4767
-9692
-576
6845
7870
-9047
-2122
-7628
1052
-4615
-6237
-3094
8782
7133
7407
-8617
-8946
-4321
-553
5283
5039
8069
-4273
-7420
-192
-8332
-2663
-8834
-2273
-6716
1977
-6541
9655
6417
-1481
-5081
6213
9663
5119
-7364
1293
-4024
-3980
7819
-8915
7642
9474
1128
-675
-1875
-1750
-2514
-3394
-5506
2916
-2254
7784
8854
-5827
-1356
285
-8717
193
-9756
7830
8006
3444
6418
5388
-1673
1861
3951
-4263
1704
9535
-891
9652
4269
-607
-6698
9037
7208
9580
342
4314
-1852
5260
4324
7542
-9997
-9428
-1056
-9266
7213
-1618
-7851
-6831
-5590
-1971
-2810
9985
4829
1234
-4321
-7086
-2807
582
1480
-1196
-8293
3760
7152
-7304
4015
1645
7923
-5921
1762
5876
-847
-1723
-522
1476
-7824
6363
-4471
-3402
-512
-7687
6449
376
-9563
-3878
-5743
-4544
6669
7660
-8207
4128
-193
6144
-982
9009
-3135
755
588
-2929
-3932
9613
3592
-275
-3549
-2687
-8963
-5743
1494
-3761
-2021
-8318
-6127
5212
6977
-8917
-1145
-1320
7820
1541
9245
-3889
-1945
-6108
-1689
5384
8408
-1268
8155
-2915
4423
-5586
-1071
7747
-1326
-5482
-2570
-1654
4375
84
438
-492
-5945
-8621
-5761
-1977
9154
-3533
217
-2047
3189
4412
5704
892
-634
4871
-5502
4121
-9719
-5215
8015
-2015
2853
-184
-4674
6800
-3783
2092
3700
-480
6677
-6499
-8009
3943
-1340
8477
2827
622
-4812
-7612
9840
2713
-7827
-4632
-5520
-8116
-7707
2357
628
-2232
3498
-4906
3273
8672
4503
-4284
-8030
7214
3836
3783
4509
-8571
5891
-2227
-935
534
4580
8535
7232
-9601
143
-7708
6747
-2683
5740
8105
2223
8386
-7921
5119
-4242
8009
856
2923
-8820
450
-4712
42
-8401
-8593
3153
3423
399
9749
7535
-1873
-9990
5837
2066
-3431
-9353
-1362
-7108
8942
3221
-6921
-7180
1387
9032
-7795
-3944
2979
-1248
-2055
9212
7625
8715
5846
7593
6054
-9221
189
8438
4326
6320
319
-4038
-560
6835
-9522
-3133
9964
473
9324
-3575
8239
3046
4191
2787
1329
-4077
1654
-6015
352
-3651
-3390
-3823
-4209
2495
262
-6419
7716
-6915
-6082
-239
-9695
9264
-4298
-5650
9376
7126
-1803
-5312
5902
-4529
-8742
-9499
-5647
8137
-9255
-3436
2828
3452
3476
-2675
3245
-3695
-2406
-1954
7130
9049
-4626
4749
7865
1288
-5837
307
4100
-292
1143
2684
-3203
-3546
9740
-1408
-2888
-3449
4720
7409
-9568
1788
6264
6241
-8270
9355
-632
1481
-288
-4151
4459
3291
6989
7642
8198
6705
-5737
-9759
7455
3122
9739
-6528
3781
5515
8142
4348
-5744
-2474
9987
840
-3435
1318
5454
4498
7315
-3679
5618
-162
-5791
12
2683
3302
-8497
-5254
-1927
-2007
-3543
4265
1183
3697
-8951
-1401
2689
-6064
-7860
-2846
2859
3629
1549
1049
4737
4657
-4774
8196
2298
7946
1283
9249
8587
4184
-958
7534
-5207
6559
-841
9697
5319
2200
-288
-2576
-6169
-8204
6108
-2645
4880
4364
5036
-4311
-5284
9487
9433
-1911
3045
2120
4554
-9643
-2722
-6953
6825
-7152
-1914
-3465
6439
-571
-6215
-3739
-1520
9523
-1884
1674
4806
7004
7466
-736
-9391
398
-7435
9692
1433
1266
-3935
7177
-134
-1149
-7809
3455
128
-2235
3322
-1651
4825
1615
-4723
9069
-3987
7473
-2818
5155
143
-1097
-7111
90
8120
1118
-8638
8406
-9330
4757
-5553
9077
6617
-2735
5781
3948
-9454
-833
-7429
-2874
1428
9153
-2906
4705
-6398
8876
-9047
-6853
-3851
1632
-6335
-5930
7768
8806
-8659
9434
-2014
-8459
-7721
-1579
-8635
-2990
5467
-4029
630
6579
-1111
2624
1845
4535
2691
-8339
-3092
687
6729
1986
7256
-1786
-1209
-5477
-9236
7018
25
6229
923
-7177
2051
-8355
-4995
3491
5125
-4704
-959
2928
-8462
7629
1507
-6845
-9104
-5995
4857
-7091
-8739
4539
-8781
4738
-896
-8538
5689
9086
-5196
2429
128
2794
-9268
-494
4530
-6618
9838
7421
6292
9667
-7974
-9240
1353
652
-654
3473
-3894
-3381
-8657
-9473
-729
7888
498
-1001
6314
6272
8644
-1063
-494
4118
-210
-6877
-2283
2668
3130
-802
7893
6703
701
265
-4020
-1854
-4378
-1468
-6134
-4786
2242
-6907
-2682
8664
6468
8146
8235
-2134
2144
-7759
6436
-6680
7376
-874
5463
8157
1111
3111
2797
1440
-6575
-8112
-9448
-5045
-1789
-3561
-8561
-1183
-5828
-713
759
-4382
-4104
-873
2683
4126
3111
-7362
-2199
941
6630
6584
-4145
-2027
2861
-2499
1196
-43
6429
7769
2587
-3500
-7528
6386
9948
412
300
9120
628
-4392
-1422
-9793
9651
2552
1475
-173
-7550
-6613
5342
-1979
-3114
2215
-5172
-5416
8986
-3358
4666
-6800
3892
-3649
-7060
-3983
-7228
7482
-9860
8783
8853
-3674
8472
-7990
8088
-9876
9125
-2649
-945
572
276
5033
-3500
-5270
3311
7054
-9093
6711
-1402
-9507
-4156
-7981
-8031
4930
6099
7420
3995
-8753
2432
3617
-2698
301
8807
9807
-9415
4946
-3174
-8308
-9876
-5213
-1468
7493
4732
-3969
-1096
-3367
7913
-2050
8387
8096
4533
8638
7589
-8577
-3084
8658
-1818
-249
2796
-4749
-6518
-9139
-6693
-2580
-3854
1795
1774
-8254
199
-949
7791
6408
4788
-4756
6674
3058
-4399
-5318
-7994
4036
4035
4559
-5607
-3840
3701
4173
5022
4489
7324
-2985
-5520
-6959
-7204
1853
-996
-4142
-64
-5832
6925
-7155
2633
-9968
-4880
3289
2053
-6055
-1175
9698
-4040
-8586
-7018
7021
-7448
3188
-6985
-4488
4460
8060
-7662
7879
-6000
-9674
-9068
8810
5986
745
-2377
1333
-5823
-2933
-2242
-5083
-1988
-4042
2275
3559
-6505
8737
-9331
-4515
6441
9180
6014
3103
-919
2802
-2440
-9590
-4366
-5616
7902
-3778
-3054
-8599
-258
6178
-1856
-4449
5406
8368
9546
-7177
-1547
-9947
-5143
9910
7107
-2467
-3750
-8764
-4508
-6769
2331
1468
-605
6998
7797
6863
-5535
8736
2366
-5423
-1923
1449
5223
1293
429
1092
-9627
2382
-9000
5191
-7433
3972
2852
2919
-1103
-4983
-2558
-4102
8500
-3196
5600
59
-4215
-3102
-606
5117
8354
-5939
9485
2541
9360
-8085
-1009
-428
1603
9085
-7325
-6714
7733
-5795
-8800
-3036
-7021
-1927
4889
-475
-2698
-9830
9653
-7100
5028
3067
4582
9974
-8208
7204
8452
-4857
-7405
8320
-9238
-8594
2783
8494
-1576
5278
-1950
5556
-2318
1746
2072
-475
-8673
4395
8426
-4655
-2173
7448
-4926
-6549
7780
1907
2420
7350
9066
8920
-7990
5099
3283
5243
-5782
590
55
7735
4703
-4984
3299
-7132
-7080
1328
-9519
-8346
-5883
-4561
4254
3011
7223
-9850
2208
-6592
-8302
4308
-8594
9390
8821
3861
-1376
-4243
-5271
-3278
-1360
2010
-4493
-2617
-4135
2136
964
-752
7249
-7154
6968
-250
4712
8980
3647
-8318
-3283
-6587
6992
9481
-8397
6
7973
-7063
-2988
8663
-2133
-864
1347
-3779
-879
-5098
-6838
-9702
-7740
-6268
-1834
-3029
-117
-4713
-489
-6153
3858
-8845
9344
6341
6060
2553
5694
9781
-9491
-6791
-7853
4555
-9477
1727
4831
5398
5289
9330
9482
-4525
3812
61
-6126
-9649
8562
-3794
-2280
4208
-9722
6661
-4598
8868
-8304
5160
-8155
4441
-1787
-9057
-1113
-1435
4730
3041
1485
3614
5673
-5697
9453
-7070
-3848
4916
6520
7396
9985
-3839
-4349
-2134
6673
-276
5993
7028
-5374
-9605
-8283
-3455
-146
-7910
4442
7669
7778
-7611
7775
810
4015
8994
-7924
1902
9986
-8197
7604
-8028
-37
-9902
6855
4118
8704
6655
7159
-2190
2384
-439
-7769
-4979
-2250
3871
2750
-2380
3252
9468
7243
1102
-7101
9462
-24
6306
7871
2914
5190
-9409
-29
-3705
2949
387
276
5606
-3429
4974
-4489
7003
-2554
2753
13
-6493
-9913
1355
-175
-6092
480
-7733
9210
500
-8843
6036
5970
-9528
7915
-694
-5043
204
-7122
5859
9623
-8097
-2954
8899
-6152
-2680
7803
8338
-2608
8645
-2983
-108
-6056
5803
8816
5458
-2363
-4190
-6405
-9415
9073
-2391
9645
-769
-6945
-5994
7781
-6500
4366
-5992
7780
-414
3938
-3499
-7318
2637
4819
8212
4387
-2278
-9256
6671
-9151
-7730
7666
3198
3225