87	34	2	34	36	8
49	48	11	45	51	64
41	51	87	86	67	48
84	4	46	87	21	75
28	76	16	79	60	77
17	85	38	81	29	43
42	42	11	42	11	11
42	93	56	24	50	42
78	34	45	65	15	38
38	53	83	19	35	18
38	3	79	23	56	22
61	86	5	33	42	29
56	94	91	25	16	12
49	25	37	1	38	22
91	91	48	91	48	48
74	68	2	48	39	24
94	66	7	53	6	11
58	58	58	58	58	58
93	97	44	14	15	21
6	15	19	85	36	38
22	39	86	48	28	27
1	31	71	53	60	80
93	44	73	17	31	6
44	7	44	44	7	7
4	31	28	95	79	44
79	51	74	75	61	53
45	17	31	51	64	38
84	23	95	76	15	47
2	76	98	35	49	18
81	54	46	63	27	53
94	53	64	14	61	27
7	32	82	31	67	34
53	74	13	74	14	15
86	24	6	74	20	21
64	11	3	84	18	19
99	24	69	69	80	23
49	97	14	15	76	66
63	8	88	45	29	62
85	64	4	25	16	30
12	64	68	12	12	56
34	99	97	14	29	64
9	24	89	77	71	35
69	28	74	74	13	13
51	62	64	74	39	29
84	91	65	9	6	38
17	66	68	45	37	20
81	68	89	21	74	28
23	81	79	4	52	15
43	94	49	99	14	7
22	54	64	28	68	6
8	36	46	35	38	52
37	37	37	37	37	37
4	26	44	99	74	30
95	58	95	68	71	67
31	52	32	41	15	41
31	67	54	87	24	74
48	66	27	61	78	46
12	64	51	34	62	38
31	37	1	84	16	56
19	33	7	63	63	40
24	66	24	24	63	27
41	84	8	84	54	34
94	81	68	74	17	17
21	19	96	44	61	79
82	59	86	71	70	68
94	33	14	36	43	54
75	14	68	58	44	18
57	15	48	97	52	68
64	68	66	64	64	26
47	57	46	68	49	75
57	42	66	34	56	22
12	8	8	12	12	8
44	61	98	64	51	68
46	36	73	41	65	14
56	84	21	31	75	74
11	54	26	79	17	27
33	74	25	52	80	58
52	32	92	24	34	64
12	18	13	47	28	60
66	79	44	94	33	47
1	56	17	96	8	32
17	87	51	8	70	13
95	25	8	62	62	62
35	15	56	7	43	10
16	86	97	25	20	21
55	56	59	8	43	80
68	73	47	27	38	51
23	25	74	77	41	58
54	27	27	54	54	27
33	34	62	45	74	58
19	16	57	27	11	79
23	34	88	97	79	41
62	6	31	84	29	6
81	15	38	45	54	76
96	9	28	43	52	71
44	23	85	69	12	47
54	31	18	8	65	38
85	1	73	85	29	59
23	51	5	38	25	28
99	32	84	37	42	79
84	49	65	16	71	26
94	94	95	28	22	79
89	84	57	23	57	36
2	19	5	96	72	61
34	87	76	92	24	9
11	84	12	64	17	53
32	45	56	29	31	7
14	99	45	64	27	71
24	94	58	94	78	7
57	68	75	56	79	52
35	94	18	4	30	10
43	54	83	4	9	80
46	8	7	11	51	52
55	92	26	4	56	57
37	5	84	48	47	49
37	65	18	89	48	73
38	93	98	11	12	70
64	15	39	61	53	44
12	19	56	24	9	8
61	11	16	82	53	79
62	52	83	1	20	76
91	34	8	32	38	6
63	54	52	51	63	73
84	26	19	69	9	50
72	29	61	54	34	50
51	71	44	34	75	29
68	45	99	35	28	27
35	5	42	26	56	75
89	2	85	84	11	59
82	16	97	4	9	59
84	66	48	5	7	19
62	87	77	85	8	54
4	87	48	32	20	7
49	65	34	91	28	50
7	52	32	45	29	21
34	72	97	58	74	6
12	26	62	81	50	46
44	34	87	55	78	73
31	57	66	84	34	14
23	38	67	81	16	64
68	14	35	47	16	35
56	9	76	23	63	18
71	94	77	29	37	63
83	51	74	11	28	61
69	89	93	36	26	78
25	95	44	65	79	49
99	93	4	92	13	75
99	46	67	69	40	19
84	51	77	24	19	65
37	49	1	2	75	33
49	39	14	45	71	46
57	57	71	84	57	33
87	54	15	33	17	72
45	31	55	72	13	57
69	69	47	63	26	39
9	84	23	25	67	15
27	7	44	31	39	13
74	54	73	19	61	21
88	94	86	86	11	49
85	98	8	42	15	32
21	24	5	45	33	60
34	33	23	53	23	79
96	4	54	68	7	33
1	37	92	65	77	65
15	84	18	49	37	41
12	39	6	36	71	68
84	96	45	54	39	29
44	69	87	71	20	52
64	5	42	89	80	67
79	78	94	93	18	23
84	91	35	69	55	54
99	5	18	54	14	48
97	21	74	4	56	21
79	58	29	81	53	10
13	68	64	34	72	7
88	68	8	26	39	32
16	79	79	16	79	16
95	3	85	37	18	61
89	25	65	24	45	11
4	37	37	74	74	11
77	94	56	22	21	16
98	86	91	2	55	6
75	61	75	11	72	10
13	64	4	15	34	55
82	9	51	24	80	33
98	22	55	94	70	76
36	33	14	54	77	59
93	8	77	76	71	72
34	94	56	94	66	40
12	86	28	31	50	80
87	5	24	34	20	13
27	74	24	29	23	23
24	54	37	95	41	26
85	17	76	55	70	72
39	62	86	65	54	29
75	36	8	66	52	12
83	98	84	23	44	26
4	14	3	96	69	38
84	19	32	93	37	30
21	21	61	61	61	21
9	81	34	42	16	74
74	82	94	13	54	10
14	4	55	49	11	36
99	62	55	51	52	15
96	53	54	29	17	49
93	4	25	14	13	20
47	41	14	65	32	61
84	82	53	18	34	21
96	24	56	94	33	77
2	66	96	1	42	35
7	66	9	3	23	16
55	53	97	18	78	67
64	81	96	48	37	59
74	37	67	8	53	58
56	23	95	29	46	20
68	24	29	31	69	55
47	36	53	75	72	42
6	64	48	34	24	29
57	48	21	27	59	59
91	21	54	93	60	9
43	95	1	3	13	12
85	4	47	59	76	62
56	48	38	78	24	19
71	66	33	82	79	44
37	77	56	18	66	75
4	21	12	3	21	35
32	66	91	22	48	29
15	44	16	34	55	45
68	68	72	72	68	72
23	25	45	42	40	77
89	94	18	57	37	16
22	74	59	94	69	35
14	38	89	13	29	46
65	36	93	22	32	48
83	97	71	19	31	8
13	25	43	15	19	13
31	3	9	69	21	46
84	61	59	11	29	14
32	14	29	6	57	37
3	54	81	62	33	16
7	1	7	76	28	23
54	2	69	32	24	36
7	63	88	26	77	49
54	26	29	63	79	39
54	2	26	19	65	49
64	89	9	53	30	47
79	79	79	79	79	79
7	87	19	29	64	48
15	8	11	11	14	33
18	66	65	28	62	71
33	77	62	17	45	62
73	32	56	6	39	23
85	65	55	4	19	71
28	62	1	18	34	23
91	53	97	72	31	31
21	18	24	24	27	54
44	59	14	45	39	19
14	17	45	84	17	59
37	97	85	83	37	16
26	92	84	46	71	9
21	74	65	42	34	27
31	18	4	53	35	31
7	93	24	64	17	75
69	92	7	14	71	79
52	42	72	13	64	42
22	14	92	67	40	62
19	71	62	31	22	46
77	18	91	98	67	19
54	54	54	44	44	44
53	82	88	25	26	61
58	57	38	24	33	55
96	81	14	45	54	39
89	74	34	84	13	9
24	66	24	14	46	21
82	97	22	64	65	49
56	69	76	88	70	80
2	22	91	18	16	55
41	64	61	74	32	71
53	46	55	64	78	70
71	71	71	38	47	43
56	17	41	6	49	65
88	7	77	7	19	60
25	39	64	55	71	22
59	66	69	66	66	12
84	49	18	74	19	32
89	95	3	29	45	33
9	59	34	73	36	24
14	64	39	11	49	69
26	84	3	39	71	35
28	74	4	95	46	19
44	84	93	2	72	29
95	6	11	25	64	68
77	67	84	22	68	67
52	96	48	61	69	18
13	11	97	28	39	63
76	4	96	65	44	35
4	52	28	74	36	9
25	29	59	14	15	8
49	23	29	5	77	56
2	1	33	2	6	62
48	5	95	43	78	71
75	17	58	29	44	64
35	41	25	16	52	52
72	72	18	39	73	58
87	28	1	42	38	40
77	36	99	47	34	74
7	73	72	29	6	34
66	42	59	12	31	10
77	94	79	74	65	43
8	53	89	83	45	50
94	98	39	83	73	66
4	43	37	77	29	47
4	89	18	73	32	77
99	91	25	12	50	23
5	47	35	2	78	7
44	29	62	93	61	76
82	13	39	78	29	21
92	47	31	34	16	47
17	17	48	48	17	48
96	16	43	64	50	29
35	95	24	76	60	43
24	85	12	86	63	55
69	66	65	64	50	40
17	87	39	64	56	8
35	46	4	91	49	37
3	59	84	57	42	9
58	83	34	82	80	51
42	46	15	89	15	18
4	71	66	48	12	55
5	86	68	97	52	74
4	52	9	26	42	58
82	71	16	51	12	52
78	83	43	54	38	11
15	52	64	76	39	39
11	66	18	44	16	47
54	34	43	22	16	77
54	75	56	46	55	80
24	94	59	49	23	80
77	31	31	54	31	70
49	57	74	87	31	57
67	83	4	58	44	7
2	65	73	51	69	67
14	89	37	38	64	17
67	27	47	74	32	53
9	86	75	6	24	59
14	69	34	87	9	75
24	93	73	12	40	64
61	14	27	53	59	79
92	31	73	67	16	61
25	85	24	85	76	48
2	4	36	31	46	23
52	24	82	54	21	24
56	24	41	62	73	44
82	68	72	97	66	73
52	16	34	8	72	77
92	61	89	4	78	64
36	46	46	36	36	46
54	79	44	24	39	28
66	94	4	9	41	67
33	99	34	4	59	72
11	22	55	41	19	16
68	64	74	24	39	53
58	75	14	9	20	14
54	11	93	44	65	68
15	36	69	68	45	78
74	45	95	76	39	12
75	17	96	91	26	24
63	62	64	52	47	68
81	29	97	69	48	31
5	48	31	97	60	38
13	13	13	13	13	13
65	35	73	55	44	75
96	64	94	97	11	78
34	66	34	66	39	70
27	79	65	51	25	24
68	79	64	95	15	20
14	62	27	24	69	39
13	24	34	66	9	66
4	71	54	51	71	52
67	16	11	44	69	36
44	44	94	99	41	70
67	67	22	15	9	49
99	34	42	26	7	47
82	84	28	34	65	51
61	82	68	2	30	71
8	52	41	72	52	55
29	28	92	58	40	76
12	78	99	14	67	59
68	25	7	28	54	8
84	64	27	42	69	70
39	12	24	83	35	20
82	8	84	24	39	51
42	24	89	84	58	67
48	8	32	91	56	67
98	22	69	39	47	31
75	63	3	21	24	42
31	31	57	57	66	51
73	4	54	4	77	25
54	25	63	95	44	16
31	58	94	24	48	32
43	68	15	91	61	9
88	14	62	59	46	59
92	15	29	61	8	12
91	87	67	76	49	75
9	99	51	54	77	20
54	26	51	42	53	44
69	88	29	22	40	17
45	36	64	44	58	9
31	48	95	6	30	23
47	11	33	17	80	78
69	97	65	57	66	12
71	88	9	67	6	80
57	86	86	32	31	66
7	44	74	17	78	51
17	73	22	99	44	34
84	39	14	55	68	61
55	88	34	42	18	48
92	92	28	92	28	28
66	33	81	52	42	55
61	93	74	84	71	57
78	62	64	58	75	54
54	28	32	91	10	16
78	78	89	74	80	9
88	33	32	29	44	41
83	9	2	82	17	30
58	67	74	96	28	37
58	88	65	73	42	11
58	17	56	23	35	10
2	41	24	22	37	51
74	55	5	27	62	14
55	39	63	13	46	19
71	53	9	32	57	73
1	52	69	51	8	44
91	88	22	11	63	29
87	68	4	61	51	49
62	59	32	61	27	7
21	65	72	47	61	18
12	14	54	27	62	71
3	74	26	18	30	29
4	64	24	4	34	14
79	32	71	6	62	20
47	4	32	13	42	50
18	9	34	6	31	66
55	43	64	96	8	54
6	2	92	6	16	44
81	61	24	91	23	48
97	41	48	16	14	30
61	3	6	26	31	25
44	95	82	29	72	73
87	25	13	17	13	39
33	58	28	3	55	73
75	48	72	59	70	73
14	34	11	2	38	47
68	18	22	17	73	19
12	84	8	6	17	21
55	15	52	14	77	9
2	8	62	59	21	8
61	35	8	81	48	79
88	74	72	23	75	23
32	17	16	49	79	74
69	88	6	31	17	62
91	4	57	25	78	33
73	65	16	7	61	38
16	7	61	18	56	17
6	14	4	67	64	63
85	12	98	74	10	10
21	34	13	93	18	31
46	98	84	95	64	45
64	59	36	67	52	45
9	24	22	97	44	30
54	36	86	96	50	50
18	1	64	81	58	72
13	53	17	18	70	50
16	49	63	56	47	58
94	31	14	61	35	30
91	63	79	74	17	28
84	21	42	57	73	74
74	94	9	85	69	32
91	2	17	49	20	24
26	1	56	19	22	72
65	32	84	92	23	79
81	66	78	15	58	19
95	79	76	77	66	6
14	61	6	86	33	28
56	11	15	96	43	52
59	7	14	19	13	22
44	31	27	14	50	78
32	13	34	88	6	67
74	94	95	58	24	25
83	87	93	14	69	56
43	27	62	91	74	38
18	31	75	29	29	45
95	34	93	15	52	15
86	64	64	58	60	24
22	61	47	49	10	61
38	63	83	81	34	53
49	87	3	19	44	53
66	48	2	68	35	27
18	1	52	31	39	74
44	19	1	13	18	73
56	97	18	1	20	46
24	15	2	14	77	46
34	36	36	22	75	58
44	43	75	79	36	22
44	84	42	34	59	48
28	56	63	47	10	56
28	24	97	85	30	17
7	28	13	2	33	68
59	33	93	41	31	70
45	82	64	33	8	46
84	88	88	29	12	56
11	79	28	74	17	69
25	73	87	64	66	9
77	74	85	99	11	68
33	71	72	96	26	35
18	17	7	1	68	18
22	33	62	6	41	71
54	34	34	62	57	76
19	8	46	44	47	44
68	34	35	48	40	71
95	23	59	33	55	77
41	49	25	89	72	67
48	93	7	74	43	37
9	64	15	66	32	58
84	86	7	78	72	6
17	22	23	91	59	60
39	24	44	68	68	79
23	44	31	99	76	38
35	24	4	95	53	58
58	73	64	72	7	20
8	72	57	57	7	22
26	59	53	55	41	70
93	79	59	81	7	49
27	57	34	73	61	26
99	67	94	16	40	70
5	56	66	3	15	73
61	8	39	84	16	47
63	19	8	7	44	26
25	34	69	44	26	59
64	66	65	79	69	73
71	88	75	44	25	18
85	54	72	77	46	8
93	27	95	94	50	56
79	44	67	51	68	34
6	53	95	17	69	21
24	68	91	73	44	35
74	52	55	92	18	12
87	86	8	33	39	34
2	15	44	16	69	53
81	21	18	11	57	75
36	61	94	36	25	36
24	18	28	81	25	55
66	18	37	11	39	58
74	47	58	3	24	59
97	2	73	33	23	66
94	79	89	7	63	35
18	61	87	63	17	14
99	51	74	85	22	79
35	83	81	58	38	78
77	54	49	52	26	20
23	73	26	69	27	31
48	97	62	55	11	73
56	41	18	78	57	71
48	84	17	57	20	27
72	83	18	62	50	58
34	64	82	15	46	33
48	52	75	87	25	65
66	99	25	42	70	24
53	24	9	24	9	32
52	24	58	24	78	76
98	32	6	57	35	55
32	91	36	51	17	39
66	23	86	93	20	8
35	86	21	59	59	54
91	14	24	96	47	11
22	75	88	57	63	45
16	76	25	27	49	23
74	96	4	52	7	76
25	98	63	98	32	27
57	25	83	57	79	80
15	24	21	42	37	21
12	31	6	66	25	37
99	54	29	42	6	22
99	61	98	23	76	36
43	49	41	56	26	36
65	8	76	69	33	66
19	34	68	37	6	12
23	22	1	66	78	77
27	63	84	98	72	49
54	46	44	84	77	13
69	59	28	24	77	30
67	62	52	63	15	71
4	39	55	8	13	49
83	27	91	7	49	59
47	52	23	78	73	27
63	69	42	76	35	18
48	63	15	35	79	46
81	4	68	97	27	62
4	56	86	6	21	56
84	52	1	57	62	20
81	4	37	83	23	19
67	92	82	4	46	78
72	73	54	2	66	74
22	66	21	4	29	78
16	52	75	3	38	76
46	17	82	99	12	33
71	57	4	27	28	44
44	84	26	94	49	10
54	66	96	58	6	6
31	59	8	55	10	53
81	15	63	8	53	60
49	66	74	38	75	20
34	86	94	27	50	35
77	97	14	64	55	66
21	37	12	9	9	59
88	54	59	87	48	43
46	56	52	56	8	30
69	63	68	57	39	70
44	19	22	31	20	61
54	74	54	4	28	7
83	65	93	53	47	25
94	99	16	52	22	74
55	31	36	94	64	23
46	98	66	27	22	72
55	75	61	93	13	48
13	18	68	71	74	34
18	32	83	58	50	40
75	78	14	47	55	13
86	7	26	22	25	77
64	6	93	47	39	69
39	4	4	38	67	48
26	74	14	45	36	9
52	95	76	78	61	80
12	57	94	64	55	12
97	22	34	61	59	6
15	58	76	77	53	74
21	89	7	39	74	41
72	44	66	48	57	57
82	14	53	13	43	50
18	34	44	44	74	9
22	38	5	84	52	25
2	31	34	29	62	57
16	62	24	38	61	9
72	31	31	81	59	8
23	23	16	36	41	19
66	71	73	8	11	15
28	27	96	97	6	20
3	77	45	67	9	31
77	89	39	77	75	70
52	96	74	89	79	36
54	77	22	9	19	22
19	28	76	54	19	52
82	72	94	95	14	35
13	7	77	54	26	61
65	97	51	74	54	72
35	37	25	39	64	31
16	57	64	82	10	26
92	54	28	27	37	77
48	26	82	88	46	51
48	63	89	4	61	70
51	46	15	31	72	71
86	49	54	69	64	78
11	88	11	55	17	44
44	99	54	17	23	27
52	83	93	62	30	27
67	93	57	27	43	34
44	63	47	86	10	71
25	88	2	1	12	24
8	51	23	88	6	63
21	93	52	66	8	37
2	91	74	4	75	33
42	72	82	49	44	59
72	65	36	65	70	47
74	27	33	58	70	23
88	87	87	23	21	7
2	68	44	22	57	27
85	14	47	93	10	72
76	65	95	58	8	71
34	26	59	75	77	42
22	52	85	71	55	72
84	97	13	64	36	37
52	36	31	84	56	34
17	65	4	34	30	29
6	28	64	34	23	43
47	47	18	32	23	80
24	89	73	6	68	28
69	78	34	44	65	35
67	57	35	35	12	43
2	15	43	5	20	46
54	83	74	48	51	63
78	66	75	11	31	58
65	64	51	1	9	75
61	25	28	75	23	67
34	52	46	91	79	10
24	7	94	73	28	37
2	87	13	59	49	51
29	64	32	91	48	39
85	59	84	63	40	16
76	69	53	58	71	56
13	61	44	8	79	61
26	32	82	42	76	64
29	59	1	49	78	53
68	52	84	46	73	47
93	97	46	91	33	38
53	16	81	1	30	10
28	64	16	2	45	67
45	64	98	64	41	77
98	88	77	62	36	62
66	82	46	69	48	61
4	74	29	74	15	79
63	82	22	33	29	23
78	33	74	79	71	43
22	62	4	96	56	71
84	39	84	66	6	39
16	79	97	65	57	77
61	37	51	84	75	6
74	17	84	11	51	9
54	77	86	82	56	15
86	11	38	45	70	31
37	83	24	11	51	17
93	18	41	36	63	66
83	84	82	26	69	36
1	84	53	25	53	43
73	64	8	26	72	64
31	42	58	61	18	78
52	59	29	45	27	38
75	22	14	69	36	66
1	34	28	32	8	58
55	85	71	42	56	75
95	14	96	93	49	55
35	53	9	69	36	78
24	61	9	22	77	7
2	12	13	95	23	59
24	62	59	33	42	14
88	95	64	61	22	43
74	12	25	67	8	69
51	24	74	87	40	39
92	65	34	16	76	41
45	64	25	99	8	67
54	64	21	14	6	76
12	88	66	89	38	7
24	33	7	92	35	39
26	37	53	99	79	30
53	35	23	23	57	13
28	42	17	3	76	55
94	21	29	37	19	31
81	96	49	64	57	42
37	59	83	28	76	50
74	46	48	82	17	78
45	35	46	18	36	20
12	77	61	54	29	24
11	34	63	14	80	34
41	2	74	8	6	80
42	18	23	94	34	19
58	29	8	24	6	18
83	47	55	66	19	42
54	25	25	7	31	71
86	41	77	92	76	42
96	99	94	13	61	53
64	75	25	54	17	53
33	38	18	34	55	78
88	75	86	56	52	68
23	58	23	15	67	23
27	21	34	65	44	68
22	94	4	86	31	74
5	55	24	4	59	67
25	78	11	43	17	48
27	14	29	83	68	62
4	57	94	44	57	18
28	24	77	78	59	40
38	69	83	28	68	71
17	61	65	74	80	37
64	25	94	66	44	18
75	38	45	77	44	71
14	18	9	14	34	34
63	43	28	13	37	25
28	44	11	74	43	44
31	94	36	2	76	23
16	21	48	36	31	34
72	95	82	63	39	23
12	37	79	2	24	54
19	63	8	65	33	76
11	12	34	14	35	17
11	67	15	95	78	41
44	74	4	77	42	71
54	94	42	74	68	40
88	88	54	54	35	47
94	9	5	19	64	73
35	45	97	26	41	51
64	26	93	65	77	60
32	45	58	18	67	24
59	25	91	49	50	49
5	53	95	1	69	65
95	5	13	18	33	78
94	4	13	31	57	43
13	53	75	2	40	6
6	14	74	65	22	56
69	89	34	14	13	40
77	35	45	4	64	58
36	23	14	62	40	51
96	4	48	37	49	41
14	4	23	34	34	34
31	79	31	59	54	52
12	61	51	78	70	32
74	56	11	49	9	46
51	25	79	16	78	57
22	84	24	64	14	12
59	9	82	74	20	6
94	54	34	12	52	52
5	37	87	2	14	27
86	43	33	89	13	37
57	71	2	15	52	30
83	66	34	79	76	32
12	65	11	74	32	40
24	31	15	33	10	9
84	63	74	22	76	8
97	64	68	61	63	24
26	39	72	32	51	21
68	9	62	7	19	16
92	94	58	54	73	60
78	8	76	93	31	12
74	2	58	25	40	78
39	64	91	74	17	29
22	54	22	23	16	41
72	14	92	97	42	69
2	44	89	43	79	58
94	2	14	2	73	6
2	4	78	34	11	65
72	64	55	71	14	80
87	77	48	95	21	65
1	42	21	62	31	72
47	98	9	14	18	26
86	39	34	81	54	73
97	61	48	37	56	61
19	33	98	72	7	72
91	55	22	35	22	15
85	64	2	58	50	21
99	51	35	95	64	51
62	97	95	59	15	26
18	26	95	96	45	52
92	96	16	63	58	58
69	97	33	14	19	6
16	17	52	54	38	68
79	76	3	45	20	74
19	86	77	87	45	39
96	51	15	35	71	25
3	39	19	4	47	41
65	88	18	92	41	63
37	2	79	95	27	24
39	59	65	88	40	60
27	91	42	81	71	12
98	81	15	86	58	48
93	54	44	32	13	74
49	8	4	41	17	36
81	81	64	34	61	59
77	32	45	27	61	50
99	59	16	76	39	7
96	8	6	64	79	8
21	88	59	4	12	6
9	33	36	21	14	78
23	33	6	15	67	20
48	86	43	28	25	18
2	38	13	57	24	39
98	35	14	95	55	22
45	14	81	39	17	60
64	39	89	85	59	9
43	79	11	64	73	19
49	95	31	47	36	28
45	38	6	44	22	52
26	29	79	13	11	61
15	88	73	57	37	37
94	48	61	85	6	46
78	64	58	94	20	62
51	96	56	84	22	37
43	21	71	68	6	59
75	83	78	7	48	33
6	66	12	64	24	39
29	65	68	16	16	74
35	68	24	76	73	69
65	31	94	95	48	40
17	25	82	85	15	79
36	36	95	48	61	49
82	22	1	5	39	54
57	14	38	32	80	69
9	66	51	28	45	54
35	1	56	12	64	33
95	42	59	83	32	22
72	84	18	11	78	21
34	76	54	49	26	16
1	93	71	69	36	55
74	64	78	6	17	51
64	63	58	24	31	58
34	92	66	99	64	65
84	62	59	16	31	27
69	69	89	93	47	56
77	12	76	1	23	22
3	89	74	81	23	12
59	88	34	15	37	62
95	81	57	71	56	70
23	49	47	31	52	18
84	35	52	84	40	48
13	19	31	67	7	76
16	34	84	31	12	18
4	77	92	58	56	36
87	76	2	75	41	26
88	77	64	42	36	21
61	51	3	99	24	23
5	88	93	19	8	36
21	58	9	42	28	13
64	95	88	84	48	37
58	7	64	25	36	73
8	98	11	17	13	52
88	98	83	47	22	54
47	72	42	6	71	18
74	9	18	62	38	34
15	31	62	28	40	49
41	64	9	46	47	25
67	54	98	91	37	79
88	18	16	81	14	62
12	38	34	62	35	32
39	86	14	6	36	8
4	45	72	49	59	31
15	2	71	54	44	80
77	25	68	26	52	71
45	36	84	47	32	8
88	65	49	38	74	48
4	91	58	28	48	61
55	61	94	31	74	32
75	55	22	29	41	48
21	55	24	95	7	36
88	64	34	65	44	13
78	48	14	62	62	26
49	94	36	75	36	60
54	86	74	74	70	18
36	72	6	12	16	44
87	43	94	53	36	27
7	39	74	21	27	72
3	39	5	89	29	70
11	89	58	28	45	71
34	84	64	51	29	22
77	96	79	65	50	20
25	18	77	89	60	63
81	48	93	48	77	21
49	11	8	45	59	36
66	76	57	38	35	35
73	92	59	9	72	13
84	46	64	64	62	34
28	45	39	52	22	56
12	54	35	94	72	58
63	28	28	88	26	62
61	85	44	54	76	17
46	56	44	4	50	17
81	12	62	57	51	21
26	21	78	84	80	47
37	69	84	78	40	35
54	13	61	35	7	64
8	41	36	94	70	78
76	17	81	37	47	55
47	68	76	88	51	62
52	4	63	27	78	21
5	63	82	15	62	42
83	81	25	94	31	23
76	51	53	94	13	64
48	54	34	48	57	69
24	4	45	5	61	59
19	46	24	64	45	10
31	24	14	58	78	74
44	89	31	32	49	76
5	52	72	91	55	15
34	45	52	27	32	35
15	46	18	25	73	63
64	87	88	97	17	75
34	28	64	47	62	57
58	58	8	59	70	13
39	18	84	58	79	8
71	66	45	87	10	53
19	24	88	95	80	27
77	43	17	78	50	32
52	18	89	73	21	73
27	98	99	43	62	8
36	12	23	16	74	58
24	83	73	47	64	52
44	13	51	11	43	67
61	93	55	48	37	16
4	31	6	43	64	61
99	92	19	91	66	71
14	86	95	44	38	56
69	34	31	44	17	10
18	44	22	58	67	64
43	28	62	35	29	38
47	44	51	64	12	17
91	6	16	58	50	14
62	44	73	96	41	38
92	56	43	43	8	12
92	32	6	38	61	43
88	33	78	14	65	53
81	14	93	24	64	51
71	96	5	71	76	55
68	71	96	59	74	21
41	55	99	4	13	68
69	37	77	28	28	62
61	34	48	62	72	68
97	79	66	14	70	23
22	24	46	13	61	69
62	41	83	81	61	49
12	95	86	65	64	70
34	1	28	21	14	29
64	84	1	37	44	40
32	2	68	54	36	24
55	49	48	46	18	45
62	34	23	92	78	31
34	95	49	44	29	38
24	82	96	4	35	45
72	18	91	73	6	6
51	12	93	59	72	75
6	26	1	13	65	12
77	28	77	19	38	61
55	96	58	12	23	19
92	36	18	82	22	13
72	94	34	39	9	27
52	84	97	78	10	64
87	1	64	14	76	47
11	94	99	42	59	9
56	89	39	35	65	14
29	9	14	2	38	48
17	29	88	27	11	48
23	83	7	35	61	46
99	9	4	56	60	77
77	54	7	22	67	79
29	23	25	76	29	47
63	63	8	64	16	39
96	15	56	3	22	40
96	83	52	63	14	22
84	32	21	22	21	31
95	69	54	3	20	76
93	29	14	2	11	34
94	42	65	2	17	40
82	17	6	5	6	48
84	37	38	54	70	36
21	27	34	7	36	66
27	4	38	16	59	55
56	37	76	44	41	43
32	84	26	59	27	74
68	21	82	34	27	38
49	5	66	54	65	70
54	53	24	79	29	42
77	46	78	42	75	30
94	67	1	68	59	25
38	46	76	89	28	21
94	97	45	56	39	25
66	24	74	97	22	68
94	46	37	62	25	28
55	3	4	15	28	29
64	76	57	73	73	41
83	59	39	9	78	59
58	34	54	64	51	46
82	58	24	21	62	21
45	93	44	51	41	70
59	14	87	29	34	71
83	22	89	34	33	39
9	16	86	91	71	53
62	86	7	62	44	32
89	2	5	31	70	54
58	36	97	32	6	42
74	5	15	31	64	80
26	15	17	61	56	33
59	53	55	54	22	28
88	27	89	64	16	54
69	9	4	42	57	19
47	59	1	95	76	60
51	58	32	43	22	52
87	13	93	23	58	78
12	55	59	78	49	26
7	57	4	94	33	64
98	25	32	9	41	28
31	57	73	61	64	34
12	44	61	49	6	44
36	54	84	11	57	53
3	24	84	67	24	69
82	74	74	45	52	22
64	31	37	33	71	75
68	11	53	11	58	44
4	5	43	22	72	26
26	92	63	94	17	37
84	71	34	42	80	39
52	44	87	58	66	60
71	47	74	86	25	24
77	36	11	24	74	21
54	86	49	4	31	66
24	44	92	1	24	17
91	49	44	34	27	33
11	62	84	14	27	7
56	86	82	11	26	69
43	31	93	15	65	63
43	79	62	21	79	36
36	66	34	68	9	12
94	19	71	44	68	53
43	63	73	44	44	8
78	29	51	2	8	42
4	57	47	8	26	17
62	64	34	91	64	55
53	99	81	19	9	15
92	33	56	44	24	54
78	71	64	24	67	79
15	75	35	91	21	76
94	44	67	93	51	12
12	38	32	13	40	42
79	91	15	86	19	61
32	53	58	72	48	50
36	42	14	94	59	35
37	51	47	14	26	71
7	33	66	7	62	68
65	26	87	24	24	18
21	55	17	18	6	62
97	37	79	15	76	32
66	67	39	1	62	68
17	69	8	25	29	53
12	92	88	72	57	29
61	41	54	39	45	50
96	56	86	78	41	79
71	25	48	53	44	52
3	91	65	77	22	18
35	39	74	99	73	61
62	98	27	69	32	54
12	45	92	37	66	45
24	41	94	72	46	11
37	14	62	84	16	61
4	78	21	44	80	26
51	4	44	41	32	74
19	86	98	26	78	7
4	31	89	72	60	34
17	89	14	62	19	73
13	84	27	54	24	61
63	48	54	34	10	65
34	75	15	89	17	17
28	85	76	56	68	36
17	34	47	62	57	25
54	86	54	25	80	49
47	66	33	93	28	18
51	22	55	48	22	39
4	4	66	16	41	53
51	71	77	2	80	53
46	13	14	43	80	70
74	8	97	19	46	56
55	32	54	83	14	56
41	48	8	26	38	56
33	1	3	96	56	32
15	61	78	8	8	76
24	67	84	28	27	74
18	64	5	46	37	56
57	45	15	44	46	21
75	7	55	38	30	39
68	13	38	18	55	18
67	72	6	56	51	20
91	39	82	54	13	67
68	84	86	85	59	57
34	2	23	3	32	26
23	69	4	94	29	19
27	7	26	96	78	64
32	67	51	26	47	33
46	64	28	1	11	54
23	64	41	47	77	70
64	28	36	78	13	66
78	55	78	76	10	63
58	34	6	73	55	23
83	51	15	98	41	62
13	43	91	59	35	74
46	14	24	24	79	19
88	55	3	4	77	79
52	85	61	74	27	6
64	75	42	95	79	67
32	22	16	71	37	75
29	49	37	1	40	7
61	77	42	94	21	76
48	29	88	79	32	38
68	82	1	54	53	9
4	12	94	22	32	45
51	74	24	73	73	71
68	31	12	8	47	56
9	19	66	91	61	75
27	19	34	96	51	77
72	22	62	11	65	21
12	9	55	22	78	59
96	81	6	78	67	24
74	92	94	24	76	31
31	93	24	54	17	36
24	64	32	29	41	20
64	34	85	29	13	38
63	97	52	48	40	37
52	4	77	82	19	45
49	78	14	42	17	28
19	1	76	86	7	68
25	34	33	17	33	79
28	45	59	33	67	15
99	75	72	8	46	60
89	33	46	78	57	78
24	25	59	99	10	18
29	57	26	69	28	79
14	8	74	53	31	13
83	78	34	22	71	49
87	45	3	29	46	50
4	68	4	17	7	11
38	19	49	76	35	20
32	69	92	16	59	63
32	31	18	93	51	42
42	77	57	68	38	35
8	64	2	24	72	19
75	6	54	21	6	33
41	49	24	44	49	60
34	16	77	56	28	63
25	42	64	14	14	19
7	49	37	44	16	77
16	54	24	51	76	28
59	44	84	14	75	28
87	34	21	36	62	6
65	84	41	32	45	47
68	28	35	82	7	40
49	48	85	15	76	73
54	62	68	4	29	37
16	47	64	58	54	30
26	57	3	21	57	19
85	98	61	4	67	59
68	9	56	95	55	63
94	41	94	45	23	71
4	28	41	79	10	18
14	55	95	68	22	34
68	4	97	97	22	62
72	84	94	44	63	55
73	63	14	7	72	41
76	24	46	74	73	22
66	35	13	39	46	50
91	94	24	13	80	43
71	22	99	87	61	17
6	81	44	71	38	20
62	35	52	84	24	55
1	63	27	88	45	69
15	16	21	31	43	34
34	83	69	79	79	60
81	74	12	79	27	12
41	55	76	78	16	48
83	84	26	49	10	64
84	6	33	92	15	29
19	39	45	44	44	40
68	66	69	3	54	76
7	25	24	75	63	8
68	89	82	88	56	52
53	24	5	35	56	59
68	64	34	6	39	48
58	74	96	17	78	65
37	77	7	8	62	77
82	28	12	91	24	52
37	28	11	15	69	74
1	9	71	15	6	73
31	1	9	94	63	9
1	37	96	64	6	44
4	98	24	54	80	78
8	38	82	93	34	16
69	52	65	29	16	27
18	15	93	39	78	21
76	94	54	25	58	24
9	94	34	58	11	65
92	14	75	57	46	23
65	2	15	99	28	33
81	47	8	84	73	51
4	58	82	99	26	13
46	17	46	49	65	24
44	42	97	15	11	12
7	69	18	11	63	21
87	71	54	14	38	8
63	65	61	94	50	72
62	24	28	67	31	64
36	65	47	74	20	9
7	9	35	17	34	47
7	54	78	91	17	64
44	84	14	54	34	23
17	64	49	95	79	63
83	4	12	14	74	69
96	98	24	39	43	21
97	88	37	21	10	26
89	78	12	78	54	66
94	26	8	98	75	43
34	4	3	36	78	58
92	58	66	78	54	11
54	14	76	2	54	65
75	32	83	32	6	57
53	37	73	8	14	27
88	95	24	19	38	58
13	57	2	65	46	22
72	36	55	94	49	74
52	51	61	83	19	17
1	75	18	37	21	47
32	41	88	86	41	7
12	35	46	56	61	38
95	79	24	57	23	15
53	99	9	38	9	11
79	84	23	35	78	44
56	4	6	14	13	8
54	85	49	23	32	30
74	4	31	78	58	39
19	35	76	47	37	63
6	34	6	78	72	37
14	45	74	92	28	62
11	98	37	52	37	27
41	23	3	16	70	54
52	82	81	31	27	48
35	74	31	26	7	35
85	22	85	94	40	40
48	46	38	18	35	73
22	62	31	45	17	45
77	44	24	11	40	40
34	13	3	56	77	27
48	96	82	47	7	79
96	14	25	36	12	14
54	45	12	32	21	64
2	84	93	88	14	44
59	75	44	64	13	21
64	19	34	79	7	18
91	58	39	7	31	39
58	74	4	21	65	8
71	74	77	88	54	14
44	37	98	33	40	71
24	1	63	76	35	45
54	98	42	97	54	62
51	35	51	55	75	64
69	38	96	29	45	21
66	3	56	37	68	28
75	18	77	83	62	79
45	94	61	27	23	49
2	4	48	21	36	11
76	14	43	58	48	63
55	54	29	92	7	20
16	42	55	22	73	15
18	45	51	32	57	31
78	47	22	36	71	74
81	61	58	2	36	76
24	79	31	59	42	66
37	14	94	46	35	11
87	29	79	58	78	46
94	37	74	11	27	47
74	63	21	33	70	28
62	54	65	4	65	36
38	28	49	54	38	79
82	11	44	14	30	22
52	41	33	75	73	73
22	69	54	1	28	44
47	8	35	89	45	24
65	92	37	44	72	57
73	14	62	17	25	65
44	24	39	69	72	60
14	31	24	9	77	36
65	39	64	76	53	16
89	64	6	53	44	9
3	99	89	4	22	38
8	19	85	54	79	14
19	75	34	45	32	31
94	8	81	72	38	60
49	22	74	27	41	49
2	64	64	91	35	78
48	45	36	8	79	38
44	58	4	1	7	69
86	84	37	74	39	71
21	57	9	24	20	78
38	85	54	39	34	22
97	74	18	57	71	75
58	92	26	66	18	62
89	78	51	39	15	70
39	97	55	62	77	36
83	77	9	64	79	66
75	32	59	6	54	26
71	7	54	91	9	41
13	53	89	17	21	41
14	21	94	73	45	22
27	78	54	51	77	71
32	33	12	7	11	78
33	97	35	23	69	23
1	46	37	61	38	27
75	89	63	65	69	77
15	12	86	54	23	14
41	34	53	35	11	75
89	34	25	17	31	57
3	81	35	4	71	62
27	58	28	42	9	7
19	51	72	73	74	8
72	27	94	67	52	46
16	27	41	24	17	73
58	29	58	15	37	64
92	99	14	97	54	24
79	76	18	99	54	8
72	17	19	19	21	11
14	32	34	16	55	58
64	24	45	64	17	6
39	12	78	13	56	14
44	85	19	61	25	47
92	4	59	74	27	74
23	24	12	27	24	18
47	31	62	42	6	47
33	72	1	54	34	13
7	74	56	83	76	56
93	24	64	37	76	11
83	94	75	79	77	22
21	96	52	94	17	44
57	56	7	71	67	54
57	45	96	94	32	36
24	6	69	29	39	65
58	2	31	66	65	26
11	23	6	74	6	19
28	35	68	67	54	67
36	22	94	29	17	56
44	33	6	51	76	42
79	68	85	76	72	26
65	34	97	62	45	28
74	66	63	86	38	68
55	35	79	81	12	18
63	8	67	97	25	78
94	78	65	21	10	73
87	44	35	35	50	31
55	66	45	87	11	20
4	17	54	89	8	63
17	54	1	81	64	7
26	44	99	62	13	64
72	82	11	1	44	15
43	9	66	35	71	44
65	8	61	4	47	10
3	63	89	25	59	79
94	62	6	7	20	56
24	75	86	38	72	78
84	89	64	8	16	77
7	86	71	45	39	76
78	2	49	5	11	51
28	33	92	45	57	74
4	9	21	91	7	33
55	49	86	54	40	55
65	76	86	63	50	63
37	92	41	96	7	43
96	73	16	53	29	76
45	57	28	78	78	76
36	15	22	4	16	46
14	83	96	61	6	79
69	64	7	14	18	62
53	94	82	35	39	78
2	14	43	31	73	62
4	7	8	86	25	19
64	52	8	55	30	53
17	38	4	42	30	51
81	43	55	44	77	76
26	85	39	81	56	42
79	25	94	76	58	12
84	31	42	2	70	62
94	84	54	35	69	52
13	97	78	28	29	15
7	36	39	62	10	35
74	41	43	31	62	46
64	64	29	14	28	25
39	42	9	17	32	40
74	62	52	75	6	35
13	31	1	29	34	20
9	6	64	36	12	52
87	65	28	84	62	80
64	26	32	94	78	62
45	77	6	37	15	8
81	62	16	24	27	15
1	32	62	48	15	43
71	33	64	51	61	70
45	3	15	75	6	64
34	14	52	68	20	51
76	7	43	94	27	65
35	45	45	13	26	53
9	18	71	92	35	44
56	14	93	51	74	77
15	81	27	76	51	69
43	15	65	54	52	42
4	77	38	61	77	41
14	56	55	35	34	55
25	38	64	74	60	79
19	21	84	56	43	80
86	49	39	52	27	17
62	72	95	34	55	13
9	63	64	53	71	37
82	75	24	61	52	51
42	89	93	58	56	29
6	84	2	52	50	50
63	35	67	18	28	57
53	19	31	93	61	80
96	71	94	93	46	64
76	12	91	28	65	38
82	7	52	47	70	13
96	1	52	49	10	39
13	99	32	34	12	70
28	26	49	1	17	11
47	86	89	26	40	35
5	76	77	89	72	64
32	66	56	11	40	26
85	34	84	29	12	58
97	65	75	98	69	6
32	55	56	61	10	46
82	18	4	53	78	33
87	1	65	74	19	44
21	88	46	94	12	74
22	64	23	5	68	52
34	62	14	29	63	74
45	41	64	83	22	38
14	2	32	63	35	78
54	51	69	92	44	79
29	27	44	87	21	61
72	24	2	34	47	71
1	85	94	96	70	30
84	94	7	32	65	52
42	74	68	74	62	66
44	27	16	41	11	58
53	21	38	85	6	38
68	1	24	74	66	61
19	53	64	95	35	64
24	36	33	5	20	33
59	83	27	59	18	20
51	67	98	24	39	29
95	99	24	79	6	73
82	99	52	2	38	54
11	2	33	51	17	42
85	17	62	4	43	18
65	19	76	31	52	25
33	12	12	6	53	60
36	62	14	56	6	68
4	57	94	85	46	44
22	17	94	68	12	12
84	44	87	24	47	35
4	58	83	18	79	64
2	82	24	42	67	15
21	27	94	31	55	12
91	67	87	83	75	62
87	14	42	24	36	6
88	96	2	54	37	7
11	47	28	67	57	44
26	93	19	24	40	57
32	56	34	74	44	60
28	93	3	54	34	80
42	68	34	72	73	52
62	59	94	54	43	52
34	7	81	66	20	8
97	66	31	4	68	71
56	29	6	55	70	32
53	52	15	28	21	49
8	69	98	34	9	16
37	12	54	93	58	22
11	88	78	24	48	78
61	29	91	52	21	28
52	74	37	19	21	31
12	53	26	66	27	8
24	25	18	98	58	17
87	47	1	94	64	28
52	5	64	93	46	14
64	64	16	18	37	50
52	87	54	9	47	33
88	11	43	27	79	75
38	54	3	79	35	79
15	95	16	55	68	26
42	32	14	12	11	69
93	56	6	64	57	45
87	87	67	55	32	58
64	98	91	92	73	62
57	18	67	25	10	64
98	17	77	13	45	13
82	91	64	32	48	44
44	21	75	56	63	22
89	9	54	28	59	20
49	4	24	96	49	78
84	94	22	4	79	56
43	87	62	44	61	40
63	14	22	96	34	38
28	91	56	25	47	62
54	96	29	2	28	54
95	74	19	65	19	76
12	11	65	55	20	31
47	62	42	52	32	44
94	74	44	8	45	43
95	76	69	94	65	67
29	24	69	33	42	64
99	78	27	98	35	44
52	25	73	52	26	65
74	21	4	6	37	64
74	56	88	32	45	37
21	6	92	4	30	75
68	69	1	57	21	9
46	48	34	78	38	72
27	34	73	75	18	80
5	86	66	33	13	35
83	67	2	22	38	58
89	89	77	72	53	35
74	38	37	38	12	39
88	36	73	22	77	26
27	68	64	29	47	42
76	74	52	4	47	18
95	95	25	39	46	27
48	24	1	83	67	23
94	54	49	54	32	42
3	74	11	78	62	13
91	29	87	8	79	37
14	91	94	91	59	13
61	54	48	36	42	23
21	36	56	12	33	27
15	98	27	94	51	28
64	37	24	45	40	32
37	53	48	33	10	33
86	19	19	57	43	62
57	85	37	47	23	70
83	43	93	3	70	38
4	33	78	97	53	73
76	64	62	53	78	18
97	37	39	4	20	63
43	16	14	54	47	29
4	41	74	56	50	50
43	56	4	42	35	75
31	91	78	35	56	10
99	8	29	71	24	77
5	23	89	34	68	52
59	27	68	72	71	67
91	94	35	49	33	31
84	14	13	44	72	50
71	83	43	41	48	31
73	36	59	48	67	72
29	36	65	85	22	9
86	26	54	88	23	67
7	67	99	19	29	65
27	84	94	77	43	78
72	98	65	49	16	38
24	55	62	17	8	65
77	37	64	15	45	57
65	88	97	68	33	6
63	41	1	23	41	47
61	83	85	65	25	14
39	47	41	12	17	39
14	94	13	87	45	39
88	65	68	75	40	58
71	14	27	73	8	73
73	47	8	49	37	18
61	38	22	19	9	57
69	34	55	86	8	28
82	71	15	89	52	62
12	99	9	73	24	79
13	49	2	82	74	75
23	77	27	4	11	17
19	22	97	53	78	52
13	27	49	13	76	46
74	36	3	4	21	66
24	22	42	83	9	44
39	27	4	17	63	71
54	79	62	71	56	66
4	54	64	24	21	78
45	26	25	84	14	73
11	22	4	46	7	74
33	1	73	55	71	11
22	1	15	75	18	26
95	8	49	91	66	52
7	19	43	96	25	67
73	9	54	44	28	45
64	25	52	59	38	17
67	25	68	48	41	60
11	19	88	1	42	66
22	95	54	37	58	35
53	48	95	48	72	9
64	86	76	91	43	15
4	68	16	26	55	67
82	28	14	2	58	23
72	64	86	7	8	49
48	13	87	96	74	66
32	66	64	76	77	79
19	47	68	11	68	63
68	6	42	24	18	62
14	1	75	73	74	54
49	61	54	98	14	60
8	42	65	82	37	12
8	86	28	61	10	15
8	42	88	44	75	33
64	98	15	97	23	16
22	99	71	57	63	6
4	4	57	76	51	78
85	86	87	71	76	57
84	13	58	87	46	30
59	89	88	94	70	46
1	82	67	33	8	14
18	7	3	26	61	59
17	2	63	16	8	25
86	78	54	49	19	49
89	96	98	3	69	52
85	88	96	22	31	74
99	57	77	94	68	39
84	4	84	71	49	76
9	25	95	39	10	47
31	38	38	92	31	20
1	31	59	83	64	34
22	74	84	5	38	61
62	8	98	62	69	10
94	84	5	12	41	76
86	45	33	64	32	30
29	8	42	17	61	46
22	92	6	61	58	27
83	11	17	54	7	47
58	5	2	54	41	31
29	13	99	28	28	13
73	72	31	75	34	61
1	17	81	24	37	61
19	82	53	86	56	29
4	77	63	92	51	56
88	41	64	34	20	37
64	23	21	51	15	22
94	48	4	85	36	24
82	51	83	72	76	54
45	5	87	56	31	69
76	66	15	5	43	17
11	81	41	4	6	36
57	31	45	81	48	27
41	9	65	87	45	59
52	69	64	49	30	25
54	84	84	53	62	58
13	96	42	68	9	40
99	81	41	99	56	14
89	6	15	22	62	14
26	55	19	82	50	75
82	21	94	59	66	42
2	23	43	72	49	62
86	95	19	75	40	32
41	38	6	96	68	64
81	61	91	15	65	40
39	72	1	76	12	15
94	46	91	35	37	11
93	42	61	97	64	59
54	81	66	29	56	10
85	25	51	94	79	15
52	69	82	3	76	46
61	65	57	54	13	49
4	19	44	64	10	16
63	4	42	14	63	58
24	18	68	55	56	27
31	7	79	43	46	56
34	22	25	59	54	80
72	77	11	56	30	36
14	1	62	69	52	7
89	97	14	25	70	61
88	44	35	74	54	22
2	96	33	46	20	67
38	56	9	67	79	6
57	95	58	45	51	28
94	39	69	38	27	35
44	98	78	22	35	71
8	84	54	61	59	20
41	73	24	22	36	51
3	43	67	91	64	42
72	4	44	38	44	48
88	78	24	15	80	17
68	44	99	15	24	65
43	17	79	54	61	17
28	75	85	89	59	52
61	12	66	17	32	65
41	72	4	65	35	31
35	86	63	13	52	30
27	66	72	85	32	38
98	34	54	61	79	22
78	62	54	64	21	57
85	39	18	24	35	67
94	74	94	27	30	77
58	77	29	64	46	44
38	22	96	16	46	37
73	54	84	81	13	33
84	85	87	76	12	80
45	93	51	97	24	59
25	23	11	98	66	34
57	2	32	2	21	56
54	79	71	65	25	77
91	36	55	54	30	45
36	11	47	75	68	54
33	34	87	23	80	62
82	72	83	99	45	59
52	41	79	4	26	20
18	97	2	35	62	29
65	31	3	36	75	16
94	94	61	93	49	66
83	14	94	44	11	6
34	36	39	33	73	57
46	75	63	91	76	22
35	88	15	84	36	12
18	32	49	12	76	48
4	74	46	94	66	16
33	19	84	5	31	40
8	14	85	39	30	40
72	93	39	67	26	17
82	39	69	15	40	51
1	45	54	43	59	66
34	14	99	76	39	53
15	18	17	57	80	72
44	49	93	12	17	60
68	95	14	14	47	70
52	33	25	35	55	21
94	23	18	42	66	66
48	48	1	79	58	55
63	34	11	54	62	70
15	3	59	23	70	77
24	7	94	89	11	67
92	27	94	23	26	47
4	27	99	86	59	49
28	58	62	67	50	38
24	19	52	14	76	39
92	57	28	67	46	64
16	38	94	14	76	30
37	39	96	64	66	11
36	87	89	44	28	75
43	35	42	62	62	39
29	95	42	21	39	69
48	15	54	4	77	9
71	43	33	96	8	18
54	49	31	63	49	34
79	23	73	54	31	21
33	84	85	64	48	55
34	34	54	41	68	43
69	18	24	85	15	48
77	89	84	96	23	40
14	6	18	1	24	26
88	94	38	94	47	79
5	4	13	86	29	58
56	25	64	24	19	52
62	88	29	45	64	33
9	81	91	14	63	35
64	8	35	53	36	34
19	48	18	61	41	16
68	34	48	73	33	27
4	71	65	42	56	46
45	91	55	29	45	24
24	64	85	43	45	62
53	3	23	89	72	26
59	35	86	33	66	34
15	4	37	79	30	25
55	85	74	56	55	56
81	52	18	21	79	17
77	91	15	94	18	52
22	87	4	18	26	63
25	61	93	99	21	76
23	91	99	15	52	75
25	29	1	33	77	61
47	14	58	4	40	58
34	86	87	59	70	61
16	98	47	67	65	76
46	63	66	62	41	25
88	33	66	72	49	31
34	68	8	53	41	37
14	37	55	63	47	50
86	59	31	52	13	56
54	84	74	62	42	9
33	15	55	36	23	6
99	44	1	27	20	30
13	25	53	64	34	53
25	37	27	92	58	7
63	29	98	79	16	7
6	4	89	97	31	21
34	24	73	57	72	32
66	95	17	61	42	64
88	4	28	72	73	27
77	34	73	94	40	25
66	81	44	84	46	14
83	95	37	49	72	14
31	39	89	21	27	7
86	95	55	29	52	34
25	58	6	75	64	42
67	44	64	17	73	51
8	92	71	21	59	29
8	54	14	33	41	38
56	4	12	25	26	16
63	4	13	34	50	24
86	24	26	27	58	53
6	96	75	93	24	58
48	99	46	19	25	56
24	97	26	22	77	50
24	22	76	91	9	22
24	16	41	76	39	15
25	56	64	81	30	27
82	29	65	21	59	70
44	71	88	43	67	19
17	32	11	12	22	52
16	77	72	8	26	40
8	94	8	58	54	60
77	94	4	41	21	40
28	21	14	69	9	6
83	49	2	54	35	46
31	93	11	18	44	32
34	25	74	52	64	8
9	83	4	87	76	47
14	64	74	46	61	16
44	32	68	34	51	20
47	5	4	91	74	34
25	23	93	22	78	7
61	19	64	68	63	54
34	64	84	23	42	46
65	53	74	83	69	50
24	56	49	93	52	39
86	16	34	63	74	67
47	63	25	54	60	36
81	71	3	25	21	68
88	24	93	14	59	75
32	51	91	89	54	74
23	36	57	49	35	57
84	54	81	94	54	62
58	84	14	94	14	18
56	11	5	8	65	57
93	29	75	97	15	54
93	9	86	59	8	13
57	54	34	45	68	33
59	63	54	68	22	17
64	59	69	49	11	20
59	84	79	96	67	48
82	34	91	96	27	73
61	12	69	77	59	26
14	85	17	3	21	68
76	93	95	14	52	66
54	97	92	29	10	75
16	35	31	95	54	45
34	42	25	96	69	42
41	56	48	12	72	29
49	79	15	59	19	47
18	89	97	44	11	27
85	56	31	73	17	53
46	46	46	46	46	46
63	55	99	61	34	46
88	54	84	46	61	59
3	96	62	19	29	52
86	72	36	58	22	19
37	4	54	97	40	56
78	36	95	64	9	26
4	47	44	59	44	50
4	57	48	86	60	44
54	54	33	86	65	33
56	86	24	98	37	73
98	69	55	21	32	32
26	78	57	12	40	57
24	72	36	41	47	26
93	94	92	27	56	16
59	39	61	44	33	60
6	24	41	46	26	14
47	76	69	32	72	74
39	49	2	54	27	28
84	55	98	9	76	70
84	73	33	22	42	46
89	31	38	31	74	79
24	6	92	55	29	59
62	6	26	17	74	24
25	83	92	78	35	58
27	9	74	54	10	6
9	25	73	74	58	57
74	86	61	38	30	58
96	83	46	85	47	8
5	39	54	74	65	58
81	14	25	44	45	8
83	13	69	33	20	56
23	84	25	97	53	64
62	19	81	71	6	75
99	83	12	64	65	9
58	68	64	33	77	12
45	54	59	78	54	14
59	44	11	85	44	43
32	18	96	17	35	21
83	33	66	95	36	60
55	39	47	86	57	76
61	64	75	76	36	36
1	75	86	22	28	72
26	86	15	13	23	53
49	92	94	28	26	55
54	91	73	82	60	66
73	39	64	44	80	28
23	64	87	65	35	56
16	17	8	18	12	24
21	74	72	81	28	74
79	82	77	84	18	54
54	89	59	46	23	32
2	83	67	91	43	25
38	38	44	64	72	7
66	64	13	21	67	56
99	34	53	36	61	16
87	24	5	9	25	57
77	96	92	74	9	37
19	13	49	71	66	21
13	88	28	83	17	78
84	18	42	39	43	53
97	95	27	78	36	59
76	44	52	56	42	41
61	51	81	48	17	29
29	44	97	33	67	72
84	54	68	5	27	64
91	93	72	25	49	53
88	69	54	77	11	59
36	29	41	81	40	69
87	13	39	91	37	65
93	27	32	33	76	19
44	35	12	67	16	78
31	4	41	72	67	43
91	94	99	34	66	35
54	37	48	4	37	47
23	1	89	7	37	33
93	75	19	32	13	33
14	4	64	16	15	19
1	5	44	56	23	41
17	34	61	55	39	54
84	4	93	87	44	72
27	77	86	41	32	8
34	14	31	54	37	80
65	35	68	91	39	74
37	25	44	68	25	17
15	84	57	31	7	25
44	25	71	85	44	9
54	42	12	15	68	61
76	92	23	18	61	48
8	2	79	15	21	54
89	78	1	99	8	27
68	14	54	66	19	67
37	48	19	92	43	47
94	92	44	99	25	30
46	62	47	1	51	30
6	4	87	88	45	33
97	15	74	72	12	12
11	49	83	35	34	51
45	24	79	37	31	27
79	58	62	29	61	38
74	5	47	6	12	70
23	24	21	83	27	63
52	24	72	46	59	69
54	77	9	88	55	74
91	13	1	52	50	64
35	77	54	88	34	23
64	83	47	69	41	67
13	2	24	88	37	6
99	17	27	1	76	15
53	84	64	77	6	52
94	94	24	87	45	21
76	37	81	67	53	13
15	94	46	65	74	34
56	14	94	96	59	39
54	58	41	39	10	59
73	51	69	49	8	77
3	83	46	36	29	62
54	8	35	14	26	71
48	24	58	44	14	7
57	66	11	26	55	75
2	79	54	23	15	40
56	54	31	89	78	54
23	34	54	94	58	24
39	24	4	42	49	25
21	71	83	92	57	43
94	44	16	6	72	56
54	36	17	32	74	13
51	49	39	83	47	77
47	14	37	93	22	29
96	46	93	49	74	26
52	57	12	24	36	16
57	41	71	24	73	59
24	16	23	86	70	12
83	18	36	57	56	77
63	47	68	24	69	25
36	99	37	74	7	42
94	66	47	24	32	57
87	14	45	74	26	8
77	33	44	32	54	80
31	96	48	13	29	32
65	93	12	35	61	8
25	53	4	28	32	31
78	79	34	48	43	80
78	73	12	53	32	50
24	38	29	91	72	39
94	46	37	9	58	43
74	49	8	49	80	52
78	3	26	66	73	44
99	54	54	43	70	12
86	2	49	37	62	10
65	18	45	7	77	15
79	96	95	4	49	35
24	87	12	93	61	7
67	57	19	18	69	48
56	2	64	75	57	39
44	51	49	75	37	53
53	63	49	24	47	52
18	68	66	17	66	67
89	91	25	75	47	45
1	29	29	73	35	52
54	4	28	94	51	43
94	32	99	41	75	45
35	36	87	83	60	59
37	73	92	14	26	57
69	74	53	15	43	16
47	71	85	52	75	58
21	95	3	75	43	50
31	43	16	26	72	10
73	91	21	44	39	34
22	59	85	24	76	55
64	8	88	81	54	76
81	82	84	15	12	32
98	11	6	31	30	76
76	13	26	83	17	59
18	76	69	95	28	40
28	23	9	91	63	52
24	61	14	45	67	72
52	52	92	9	73	73
84	32	51	38	11	76
82	4	74	38	61	15
15	88	76	24	78	20
37	85	49	59	58	49
65	37	21	46	36	61
94	94	91	44	20	70
98	97	61	19	66	79
72	34	63	46	6	53
19	96	46	44	77	41
62	87	1	14	73	80
5	34	79	44	18	8
47	88	53	35	7	41
12	54	84	14	29	32
34	45	19	94	65	44
44	14	44	84	23	30
43	51	66	84	68	25
25	34	1	41	49	12
38	5	97	77	8	32
36	7	44	59	24	45
14	51	93	9	17	6
43	25	7	21	71	70
53	48	16	73	71	23
76	51	3	51	35	37
47	16	71	54	63	41
63	98	15	17	11	37
87	12	96	6	80	39
52	3	78	22	55	21
5	59	84	89	51	36
17	34	44	17	46	45
43	44	27	76	43	55
13	28	64	87	29	63
1	46	29	19	55	35
36	85	96	11	21	19
35	76	22	31	69	79
29	4	69	49	21	79
69	93	67	17	70	43
66	14	33	17	71	8
75	54	11	19	40	53
71	38	3	58	20	20
47	9	5	6	60	36
73	59	86	24	34	31
63	73	53	41	74	39
7	9	87	42	32	42
75	77	7	24	42	24
61	47	24	86	14	23
12	12	43	82	11	38
74	76	39	96	9	7
73	63	83	24	27	58
95	63	76	14	59	58
7	47	53	93	75	66
64	92	9	66	15	49
66	68	43	93	67	45
31	82	97	4	17	37
88	18	93	61	68	7
15	3	45	86	24	75
33	57	67	44	62	10
26	66	47	12	56	10
1	97	12	13	73	20
93	27	26	19	66	45
2	77	15	5	17	31
33	46	65	94	73	34
66	82	32	76	31	61
69	14	94	3	41	36
1	66	59	3	70	19
25	65	44	99	45	15
24	31	91	33	80	64
74	83	7	64	59	50
92	74	58	37	59	24
88	44	53	87	39	61
91	77	77	43	11	57
34	71	43	86	43	49
2	9	12	26	23	46
68	23	94	37	38	16
37	15	84	1	43	67
54	31	24	82	64	47
75	71	84	94	52	42
55	57	15	61	28	58
13	72	11	47	73	7
87	96	64	49	78	64
88	5	34	64	55	40
71	84	92	68	28	20
84	21	4	72	70	10
55	51	32	59	38	61
56	95	67	63	20	50
86	48	34	45	60	60
93	51	13	96	59	25
11	46	49	44	68	29
51	34	13	49	9	31
4	59	14	95	22	19
79	15	14	34	29	65
57	43	5	61	75	44
39	52	94	92	53	77
28	1	63	44	75	59
74	85	67	24	12	6
66	95	57	33	7	63
72	59	24	24	51	27
38	83	58	97	7	27
85	72	84	71	57	24
33	96	88	54	66	74
45	51	57	59	16	9
55	57	12	54	16	39
71	73	75	15	52	27
92	89	28	83	8	6
58	81	62	98	17	52
22	84	23	55	53	26
93	93	6	55	22	24
16	91	6	77	48	7
96	17	75	15	19	41
38	98	78	14	13	46
46	74	48	64	64	23
8	43	5	95	58	20
44	1	12	52	11	61
34	94	27	64	17	12
28	1	65	62	24	47
54	56	33	79	30	33
66	97	18	74	70	46
14	13	44	59	26	18
3	47	51	51	58	39
35	59	47	54	22	36
87	11	14	15	75	10
79	54	43	6	22	39
89	14	86	37	59	30
32	15	64	94	46	8
37	69	97	14	29	44
24	34	84	31	80	69
57	53	49	86	66	76
39	76	25	69	58	17
54	14	74	38	70	61
45	18	4	11	29	18
53	12	85	4	10	29
26	7	27	87	48	80
83	61	13	66	54	43
61	36	26	57	73	24
31	79	58	25	48	37
5	57	67	13	25	13
89	17	82	17	36	61
41	25	44	19	44	42
68	85	57	12	28	12
45	79	5	49	13	43
26	61	2	78	35	52
62	58	7	18	61	52
88	17	7	66	49	47
64	74	6	96	36	47
44	71	11	8	67	43
24	9	45	58	14	76
16	94	98	75	26	80
79	13	11	51	50	10
73	8	99	43	62	29
54	89	51	34	49	28
9	64	29	23	26	78
18	78	59	93	39	62
79	64	67	73	42	64
68	97	25	17	64	45
15	43	61	67	44	70
59	32	39	74	67	60
5	55	92	51	69	66
75	62	41	55	46	60
24	84	98	64	44	61
79	21	44	38	25	33
35	5	95	18	55	43
46	38	83	76	34	42
83	82	27	11	26	48
27	83	71	77	66	29
25	54	18	62	15	74
85	7	18	17	6	41
18	11	52	87	25	75
98	64	37	93	65	43
3	23	32	54	17	22
36	24	28	67	19	61
71	16	68	92	33	16
34	34	28	37	51	39
9	21	35	25	33	23
3	77	53	27	66	30
86	78	99	34	63	22
85	95	77	18	8	25
45	34	7	3	21	65
54	16	44	4	51	12
25	54	94	68	54	32
38	25	82	88	69	57
83	14	78	77	49	71
29	11	94	26	24	25
74	4	67	58	65	61
24	94	82	76	38	65
39	54	46	4	43	8
23	24	86	93	14	61
84	34	4	53	74	46
86	84	89	64	37	75
96	11	54	74	76	42
16	99	89	33	79	63
43	81	33	46	50	44
48	82	83	34	19	79
68	14	29	88	53	31
79	82	65	59	35	62
27	85	97	98	39	70
11	37	39	85	17	79
15	7	62	9	37	62
44	11	59	39	49	71
64	13	56	41	14	48
94	44	44	98	25	35
46	69	84	72	6	57
55	4	81	13	77	32
46	91	42	31	10	74
2	94	22	6	11	30
42	48	34	41	17	44
24	74	86	57	46	12
54	89	27	66	75	12
25	23	68	87	50	32
44	98	51	42	23	6
52	67	29	14	18	19
25	48	62	52	17	8
68	28	37	69	69	69
91	49	99	42	46	76
14	3	78	71	64	47
82	27	17	66	64	63
72	15	88	23	25	17
23	55	94	3	49	37
39	79	54	74	21	8
18	15	16	71	60	6
12	33	88	26	22	61
51	58	74	75	25	32
24	25	76	37	61	60
24	79	59	25	22	23
49	63	42	9	68	10
59	39	29	12	16	72
38	34	34	11	70	78
95	24	23	94	6	6
87	6	59	48	32	76
38	91	14	14	46	56
44	12	99	97	38	7
78	53	82	59	63	80
24	29	25	55	41	53
73	6	12	72	36	43
4	75	87	17	66	67
27	63	84	99	77	64
1	82	49	14	60	22
24	14	86	57	54	69
49	27	68	46	76	68
44	31	34	84	16	76
51	74	91	66	24	40
98	68	24	84	50	46
94	86	43	62	77	30
3	96	86	77	51	46
32	99	95	96	27	50
3	68	39	9	16	27
42	67	6	46	61	25
38	65	32	73	27	46
41	3	66	56	27	9
72	14	4	33	43	34
61	69	19	33	62	57
66	23	53	52	20	39
44	91	13	41	18	8
35	37	81	82	11	7
31	81	23	31	19	48
62	74	42	29	6	49
54	74	24	4	57	31
29	34	4	18	7	43
98	62	34	33	10	74
48	5	42	19	40	41
13	53	5	47	60	74
51	91	37	4	51	59
21	83	25	94	28	30
94	69	74	86	6	46
27	94	79	96	80	67
2	53	22	14	77	21
86	95	42	72	6	67
3	47	34	25	38	80
39	3	17	8	57	8
69	95	77	63	29	18
32	16	79	46	34	41
4	13	27	29	73	17
91	48	6	57	61	66
26	46	16	64	50	46
34	94	64	56	51	46
49	64	1	73	19	70
49	99	51	87	34	72
52	62	17	32	19	55
12	15	63	86	30	34
73	76	6	72	74	74
67	12	81	54	49	30
41	76	98	92	61	31
87	56	77	74	45	22
34	21	13	67	30	44
15	6	96	4	80	63
62	44	77	29	31	62
34	74	45	14	21	56
83	29	86	54	21	22
88	87	88	36	76	25
83	46	31	73	15	44
1	58	99	95	40	30
84	42	97	91	65	77
2	95	74	67	34	25
79	1	14	26	76	72
35	51	23	67	62	68
31	87	9	57	36	37
69	23	85	46	58	62
33	77	84	69	57	30
74	23	3	3	18	6
41	81	45	88	68	28
76	53	8	87	73	79
59	19	74	87	16	7
77	61	4	32	74	76
22	64	42	13	76	72
49	41	26	61	22	66
56	54	57	24	31	54
11	1	93	56	56	74
98	6	85	54	58	71
5	35	94	77	72	11
78	21	98	54	26	40
48	98	69	71	38	61
76	51	47	9	18	32
84	89	53	99	56	27
55	84	31	26	47	27
95	84	76	57	79	7
25	18	89	74	63	17
76	46	26	86	77	67
74	65	34	28	37	71
42	75	12	58	11	45
81	86	47	59	62	32
54	83	75	8	73	26
52	85	99	21	28	55
4	63	81	94	32	80
44	41	24	34	77	18
9	98	94	34	57	33
24	64	35	15	72	23
54	25	56	79	79	27
71	72	45	9	37	27
36	16	3	42	76	27
42	84	18	94	57	7
47	4	82	14	62	54
84	44	83	1	15	73
54	82	49	83	9	76
91	17	34	93	23	74
48	64	53	27	23	15
29	19	49	31	54	11
18	71	58	28	38	6
37	82	87	28	66	17
84	4	83	24	30	57
78	24	31	14	49	72
42	54	28	89	33	48
23	62	17	19	33	76
81	9	93	82	41	44
26	94	61	27	34	33
54	54	92	12	22	60
82	54	64	68	46	73
94	24	2	87	62	66
33	14	14	23	41	19
28	39	84	74	76	62
94	64	8	56	80	61
54	38	46	27	61	30
88	5	1	89	35	68
42	55	65	28	37	43
32	19	32	87	17	69
94	64	94	2	58	29
59	29	85	67	21	47
94	74	53	87	57	20
6	87	37	94	64	52
42	35	57	43	55	69
8	36	84	88	70	65
18	13	44	78	6	54
49	86	91	9	36	49
6	96	83	34	59	9
66	5	97	24	55	58
53	79	33	18	23	20
52	14	82	55	34	62
18	74	85	96	76	46
61	89	78	54	59	64
79	6	84	45	23	47
85	7	17	7	73	74
78	43	81	9	12	22
3	7	28	37	29	43
38	33	94	29	14	8
3	62	35	4	23	72
34	88	59	78	17	54
4	94	48	17	57	61
17	29	54	64	78	15
24	51	39	46	7	14
61	25	39	9	13	44
33	73	51	11	44	46
42	48	58	28	63	41
98	49	51	17	48	65
74	79	15	96	40	13
47	38	7	83	17	47
94	63	91	74	13	22
56	68	16	86	34	41
94	44	68	78	63	22
22	26	71	56	55	80
36	48	36	52	37	61
36	24	18	68	31	14
77	32	89	41	43	37
36	42	98	22	59	68
18	55	14	69	52	73
82	77	54	74	29	64
32	71	33	54	22	12
81	73	95	43	13	6
8	58	59	98	15	61
2	54	47	74	62	46
44	22	96	24	42	24
78	75	54	51	15	59
45	45	59	66	40	21
11	1	74	59	9	49
94	61	19	64	77	20
86	64	87	4	27	57
37	46	32	78	68	80
83	4	24	63	76	19
8	44	25	59	43	46
84	34	96	57	80	26
21	82	9	35	59	20
13	28	32	7	60	77
83	99	3	41	65	79
34	82	87	84	37	45
35	91	86	31	70	53
43	71	67	45	68	11
25	96	58	74	23	43
76	15	78	64	39	68
64	62	43	3	29	29
55	51	91	9	32	27
13	24	94	83	14	80
96	79	28	25	52	69
53	44	24	89	10	37
43	64	14	49	51	24
15	63	14	16	37	17
69	61	31	67	28	16
21	39	76	72	48	57
39	83	25	83	69	52
4	77	17	18	70	28
77	83	49	45	23	68
68	32	17	31	34	56
91	89	21	4	21	65
48	93	88	91	62	21
41	74	39	52	76	70
93	27	62	56	65	52
3	56	86	69	50	55
19	44	89	66	76	73
46	95	72	31	52	20
14	64	48	36	36	56
44	4	76	32	52	16
18	76	24	45	22	36
95	33	42	25	37	34
37	65	24	54	63	17
21	92	42	11	49	80
46	47	11	54	56	47
4	55	53	52	53	6
21	57	76	76	64	7
26	2	8	93	44	64
54	34	38	26	13	64
32	41	74	85	31	56
98	63	28	81	27	64
71	22	9	22	60	78
22	36	94	96	48	73
88	25	32	63	78	10
14	14	23	23	14	23
56	66	99	34	27	7
57	31	99	91	58	34
54	15	79	5	27	8
72	26	52	36	47	17
26	71	81	99	18	23
47	54	53	89	46	42
12	11	5	25	20	18
45	45	45	45	45	45
17	36	28	31	28	17
64	94	24	39	14	78
22	18	67	6	75	36
57	85	24	62	48	60
72	95	36	51	16	40
94	24	94	2	41	53
12	14	21	46	40	63
26	74	93	78	64	33
12	19	87	35	76	26
97	21	71	32	62	33
47	41	76	29	26	80
86	47	32	27	58	8
87	42	52	2	35	21
38	52	69	93	26	65
46	26	19	54	8	78
72	77	13	48	22	9
24	89	93	37	77	20
97	88	64	51	68	23
24	4	3	48	11	63
48	64	15	64	48	28
78	94	59	83	68	41
21	91	44	64	35	22
49	94	88	74	71	22
2	17	59	69	34	49
28	27	4	97	28	55
53	94	29	98	78	48
78	1	77	33	80	7
48	21	44	86	33	52
11	54	76	77	24	78
18	29	27	33	50	25
48	33	88	3	47	67
99	94	49	7	61	50
45	34	24	24	13	45
55	17	14	83	72	6
65	64	5	19	18	61
13	7	12	28	33	58
49	2	58	47	80	8
44	82	51	98	33	49
4	74	49	24	15	71
6	26	99	83	55	72
52	74	88	13	80	46
4	24	34	94	79	34
43	92	12	58	39	9
24	7	24	41	43	8
21	59	53	96	52	28
35	1	66	63	63	10
83	21	24	85	77	11
67	94	77	39	74	65
64	21	67	42	11	56
18	98	27	25	12	25
72	64	3	47	20	37
69	92	74	92	62	26
54	8	98	46	76	65
72	2	48	54	49	26
4	25	34	79	10	66
3	45	26	53	77	32
15	73	97	2	62	9
39	77	22	23	71	34
31	28	24	71	56	65
97	18	93	94	9	20
46	28	34	59	47	53
91	34	66	58	45	25
73	16	38	93	11	68
67	48	21	26	8	21
37	54	32	96	43	8
95	71	52	72	14	36
85	75	15	44	7	7
77	76	52	85	26	50
31	44	32	75	63	38
14	66	61	85	12	21
6	39	29	22	53	11
39	28	56	83	63	13
6	97	33	47	13	13
86	96	95	75	73	44
75	61	74	16	25	35
14	21	84	96	11	65
64	52	61	26	35	58
15	46	15	74	53	72
89	46	89	55	71	34
41	34	33	56	71	63
19	31	38	84	13	43
43	5	99	35	72	54
45	56	4	49	30	40
92	45	74	85	47	36
59	33	58	86	17	67
66	29	68	64	48	76
81	62	58	39	22	55
6	39	33	45	72	36
27	17	97	83	11	40
83	4	52	59	54	30
52	26	81	58	75	59
45	66	78	43	8	66
75	4	96	8	58	79
71	46	89	89	78	28
63	78	98	84	72	39
46	59	28	5	6	77
23	55	21	75	11	33
47	87	1	58	71	27
84	99	33	44	68	67
48	9	14	15	72	57
84	14	64	2	60	33
43	25	73	81	17	63
27	7	24	5	51	44
2	72	12	93	68	65
98	75	35	94	26	77
45	3	96	88	58	7
3	37	27	72	63	67
12	49	41	53	51	28
63	82	95	32	40	35
95	25	62	97	43	19
81	44	47	44	69	53
66	95	56	8	29	44
86	44	41	72	50	26
74	23	69	81	70	77
18	75	98	5	71	21
97	1	68	78	21	72
65	67	41	19	47	58
76	84	97	72	28	77
13	38	9	5	6	59
55	55	22	7	38	29
84	19	85	72	10	71
7	69	79	44	63	15
12	14	13	24	40	25
27	57	99	84	35	68
71	68	75	99	65	69
54	37	31	6	47	80
43	68	59	35	35	68
14	64	25	63	16	58
52	91	24	78	18	58
16	95	74	95	42	18
87	1	6	62	37	20
66	77	45	56	47	72
38	29	33	86	8	62
84	23	53	42	25	16
88	78	29	38	50	47
14	43	26	48	69	49
88	54	67	35	33	51
32	21	63	76	48	32
98	79	11	53	75	47
31	69	39	65	44	76
23	3	97	84	61	54
31	38	82	29	23	41
38	82	89	37	55	35
66	31	85	44	27	37
74	58	74	16	25	79
9	9	23	16	80	57
65	57	88	4	62	26
11	99	11	18	74	23
39	63	15	6	29	41
46	41	16	49	8	76
67	37	97	49	44	26
31	26	9	66	11	34
93	67	78	73	39	18
95	23	56	13	69	51
79	84	19	74	14	54
54	82	18	38	11	35
74	74	98	3	6	21
16	79	97	32	71	39
41	24	48	71	22	32
12	74	85	38	59	46
47	22	7	44	69	79
24	37	23	15	26	65
6	1	27	65	54	44
22	41	99	85	11	65
19	58	79	64	62	22
28	6	49	14	16	55
69	46	31	74	33	59
75	84	4	5	75	28
95	84	27	27	41	58
74	73	17	32	70	23
47	82	96	14	54	52
51	32	14	4	61	16
25	62	52	54	45	64
94	24	9	41	66	66
72	93	74	74	9	16
6	53	39	22	80	24
4	21	69	41	15	24
14	71	11	45	51	55
44	46	13	46	47	12
9	35	62	37	74	35
35	31	45	12	73	71
32	46	14	71	77	14
74	85	55	84	37	19
99	43	26	94	8	52
42	74	13	34	6	60
62	68	86	54	48	47
51	6	13	48	61	71
14	63	31	37	65	9
31	37	39	75	17	40
7	27	89	54	13	44
11	98	74	28	50	65
15	34	46	97	21	12
19	19	3	35	55	78
21	31	74	66	56	18
45	94	64	26	54	46
33	61	64	7	16	54
53	18	49	61	78	9
4	51	86	15	54	38
84	59	18	63	13	61
97	57	38	21	10	69
59	16	29	91	16	71
64	96	15	99	41	56
63	72	29	17	45	59
66	63	24	49	71	37
38	63	75	97	54	21
84	85	93	67	74	9
33	88	51	61	31	76
13	14	68	87	29	36
52	39	66	16	24	22
32	68	46	57	20	14
2	49	98	31	71	74
21	69	48	21	57	26
38	69	25	34	6	50
82	44	44	74	32	51
22	61	58	72	39	30
45	54	86	52	51	68
3	42	64	27	30	51
96	4	16	69	40	7
17	17	94	34	33	30
86	61	46	63	23	6
39	29	22	44	74	8
85	34	5	11	74	22
98	92	93	71	8	20
14	74	12	48	50	65
63	46	28	79	31	28
4	21	24	34	53	40
52	55	17	64	71	63
45	14	87	61	33	68
15	94	33	15	15	45
31	42	66	68	15	17
36	52	28	3	9	78
14	44	59	42	28	17
5	46	67	44	67	31
33	66	59	17	19	76
4	87	91	34	74	60
17	44	65	88	41	7
4	32	56	15	63	15
44	96	16	21	22	72
79	59	42	52	59	76
93	24	24	7	26	26
95	74	58	99	11	20
42	47	28	48	22	78
35	16	14	44	24	58
54	35	51	95	76	8
86	44	99	77	62	64
88	44	1	9	17	47
34	45	64	73	43	79
23	6	23	83	55	31
62	83	35	43	41	57
81	66	45	57	15	33
4	8	79	24	8	51
85	72	74	43	51	56
8	47	65	53	51	31
21	47	19	54	56	56
72	49	69	97	47	70
86	55	24	28	28	48
92	26	81	67	72	73
4	8	13	19	60	65
94	41	73	79	21	26
64	77	23	57	70	19
75	16	64	76	7	63
44	74	62	15	58	19
63	84	74	32	57	7
97	48	74	48	78	71
83	51	32	59	59	46
91	3	43	4	45	43
33	46	58	79	37	55
73	44	86	95	44	46
26	11	22	69	36	43
94	48	88	22	12	20
64	65	4	15	68	19
37	81	22	46	63	77
74	24	95	13	72	25
45	63	66	71	48	69
73	64	43	94	77	20
11	82	42	23	70	53
98	75	5	86	8	6
26	1	58	35	38	12
62	14	94	25	29	10
98	27	62	51	26	63
23	12	8	48	52	36
44	72	54	62	71	54
44	54	96	25	30	51
5	93	14	82	75	44
23	81	17	62	47	40
76	35	24	69	64	30
66	64	54	34	58	69
69	44	72	45	53	77
2	91	74	98	38	6
73	93	78	26	58	48
25	42	41	75	35	59
4	32	34	69	29	80
99	12	2	17	15	62
14	4	75	88	7	44
92	38	82	84	31	80
21	15	93	4	69	64
77	54	23	13	21	28
22	12	8	29	38	31
2	91	36	33	53	57
94	44	65	33	15	24
29	81	35	56	74	7
37	55	35	1	76	41
15	82	6	34	26	61
14	94	4	14	68	67
49	37	98	53	49	35
9	16	47	87	42	71
3	73	15	19	26	20
63	42	93	47	42	25
73	49	54	44	10	48
79	36	66	22	65	47
15	22	98	39	60	38
6	74	18	7	34	12
86	26	84	57	59	30
46	11	24	12	20	14
33	48	53	64	21	67
39	16	37	73	44	63
89	58	64	61	43	31
39	63	34	12	72	32
74	75	38	86	42	29
18	7	81	28	80	55
54	8	32	37	45	36
58	36	1	61	32	44
24	42	6	34	51	46
83	2	83	99	65	28
84	25	54	47	33	25
13	56	67	23	41	17
95	71	87	74	38	69
73	37	94	26	56	75
67	24	9	31	45	37
83	4	15	52	16	50
56	98	37	97	58	41
56	4	28	67	51	49
92	39	2	93	59	41
56	33	14	97	78	51
44	8	41	86	67	19
49	31	88	86	44	56
48	84	62	59	72	43
92	51	15	83	72	29
14	97	91	14	79	42
19	74	66	95	26	16
42	19	77	34	63	18
35	4	69	34	37	55
9	12	94	75	57	69
58	28	3	24	58	62
14	54	49	75	7	63
37	69	75	41	68	68
23	18	82	59	44	70
41	4	78	74	63	36
42	46	43	34	13	25
54	54	51	47	29	60
11	28	49	84	23	9
61	44	25	81	8	27
94	66	4	69	75	46
24	94	57	73	63	19
43	36	14	16	76	26
17	14	92	9	21	71
34	24	32	12	64	55
85	73	74	56	29	57
98	2	64	9	68	50
19	94	84	83	60	24
93	1	65	75	61	67
95	8	49	51	15	73
88	69	86	17	24	25
43	35	29	1	80	49
35	44	46	44	19	14
7	12	95	24	8	62
95	48	74	18	30	35
26	48	53	48	20	6
56	27	23	16	65	36
44	17	13	25	73	26
71	81	23	15	49	78
86	52	12	63	75	49
73	63	74	79	73	37
48	39	75	84	74	42
6	44	79	46	25	33
37	31	25	44	53	11
16	37	61	16	73	46
12	13	56	17	34	8
26	21	69	26	27	45
88	79	33	43	39	14
35	7	45	62	36	41
73	74	4	16	48	69
51	42	14	4	51	78
38	66	87	44	75	18
55	83	99	49	15	16
91	96	51	64	20	28
7	56	52	27	36	28
74	49	92	26	68	17
11	35	11	34	68	25
85	63	66	41	79	79
37	45	64	69	47	23
2	55	78	59	29	45
33	29	74	5	69	19
84	84	52	39	46	70
56	85	54	17	46	44
21	72	46	1	9	76
54	84	89	2	64	80
55	57	54	92	57	37
17	57	11	46	26	79
31	81	57	51	79	28
78	93	93	41	42	63
79	86	45	26	7	67
83	72	73	4	57	38
8	49	24	64	72	80
99	63	19	18	54	17
66	76	4	75	61	38
74	77	87	22	73	41
72	6	7	75	40	40
28	2	39	28	26	49
79	4	21	63	55	10
38	62	18	83	62	45
84	54	84	68	68	22
37	47	47	68	20	39
61	38	85	1	33	45
89	18	66	2	67	33
99	22	53	77	37	72
64	98	72	5	57	47
14	91	85	94	27	17
41	56	84	3	76	45
57	24	91	24	41	75
93	19	85	25	69	66
59	39	13	89	25	38
17	37	39	64	27	60
37	19	64	15	53	65
9	41	18	86	75	24
81	78	58	45	49	9
61	52	26	5	11	21
58	81	44	68	21	28
26	46	9	79	49	6
37	28	18	25	55	68
84	82	87	72	56	30
52	24	56	22	33	67
91	64	94	15	79	52
2	5	38	14	31	67
61	44	63	6	36	58
13	7	31	36	56	19
92	71	34	91	47	76
9	84	78	84	72	38
22	92	1	99	43	74
91	85	93	37	44	26
95	3	14	93	35	66
86	28	65	21	37	57
7	95	17	97	31	46
64	12	12	77	21	69
51	51	84	81	47	79
94	65	12	7	70	10
86	14	93	9	47	43
3	39	23	76	51	71
46	26	14	9	8	42
93	38	54	63	67	66
5	13	84	14	61	46
67	84	16	14	67	15
84	24	47	44	59	44
4	12	47	34	7	78
94	6	6	72	68	75
35	56	17	67	54	12
71	41	54	38	47	34
1	2	84	13	25	14
4	17	75	77	41	55
84	98	44	5	17	27
97	83	28	79	16	40
91	83	71	34	53	18
78	79	19	86	80	70
31	78	28	48	33	61
95	16	42	25	24	71
34	77	8	78	40	69
44	34	39	87	77	65
36	74	54	92	45	13
66	4	74	52	7	21
28	37	76	88	66	57
69	15	59	21	74	51
83	97	81	22	72	78
89	27	81	64	14	69
55	14	75	19	6	16
74	54	39	56	38	60
43	84	98	8	42	37
29	26	19	31	23	14
4	76	24	57	33	78
44	54	56	15	40	27
18	87	94	42	36	38
53	17	98	8	18	55
88	85	37	52	34	49
25	54	77	77	46	43
98	19	44	84	64	59
16	54	91	57	38	26
78	54	17	13	20	41
6	23	23	1	31	37
57	59	1	87	55	80
55	96	3	26	15	18
86	94	24	44	9	7
88	66	6	49	29	47
98	42	59	21	27	79
9	72	99	68	78	73
95	37	64	2	20	17
99	84	1	64	45	36
62	36	95	65	71	8
52	89	22	1	36	62
15	18	98	26	34	70
34	47	68	11	77	16
44	68	14	64	6	50
64	2	91	85	21	44
64	33	92	17	6	40
32	1	26	1	35	80
88	55	81	52	15	65
71	44	96	8	69	70
19	57	5	94	67	6
74	72	37	47	61	45
69	52	58	31	29	48
74	37	4	59	59	52
44	9	4	19	8	10
97	5	68	14	6	59
91	96	37	74	78	36
65	15	44	3	76	37
71	5	44	6	77	38
96	1	11	87	20	30
95	44	47	79	25	32
42	95	31	54	45	18
55	22	7	61	39	17
36	77	14	14	42	33
88	91	99	77	37	34
35	63	82	53	77	47
12	55	59	64	64	57
92	93	62	43	42	69
98	16	24	53	64	14
57	89	71	95	18	34
65	86	19	43	7	11
8	79	66	94	73	43
94	34	17	5	76	49
2	33	52	31	27	48
62	93	67	87	10	79
35	66	57	61	67	28
59	64	62	19	29	67
52	57	56	99	72	62
19	3	12	48	50	40
44	38	45	33	8	79
88	65	69	62	36	76
75	57	41	64	23	79
63	92	91	64	20	80
21	84	59	98	77	24
28	57	84	43	15	15
16	47	41	37	51	32
73	18	85	98	35	34
21	4	87	23	8	23
48	34	98	74	51	72
96	95	86	1	50	62
22	97	55	64	12	28
65	92	78	35	32	38
43	13	19	86	71	30
54	2	16	41	16	39
23	32	88	57	54	53
72	42	43	59	16	37
4	68	16	86	67	26
86	89	1	33	27	65
71	83	24	18	32	78
91	81	71	81	37	39
39	54	55	7	17	50
85	1	69	46	19	80
17	57	46	64	20	8
6	28	28	84	76	29
54	96	55	97	71	56
76	91	48	53	69	7
11	85	15	74	71	50
81	97	54	42	18	79
64	6	17	22	72	8
86	35	73	3	63	48
98	74	69	29	51	8
42	37	26	42	29	50
54	44	64	94	38	13
26	74	5	48	61	12
1	1	95	99	36	18
86	98	64	19	58	74
7	4	4	99	63	15
11	6	93	18	32	23
23	52	98	6	48	6
22	19	14	74	42	6
58	72	16	44	44	54
33	55	16	85	21	6
1	69	21	85	69	21
44	73	17	99	68	21
5	49	21	38	7	57
33	27	31	48	30	72
47	45	71	73	53	26
75	99	25	81	69	67
94	24	41	13	29	44
82	23	86	51	44	62
88	18	98	41	14	60
84	8	77	49	44	57
35	98	4	73	59	41
97	72	41	31	46	21
41	68	93	87	21	59
84	42	14	1	77	25
43	44	94	19	55	79
32	3	17	81	8	30
62	74	49	15	60	36
28	89	63	38	6	52
67	21	38	76	8	51
98	52	83	18	23	62
79	9	72	13	62	70
34	98	67	46	56	20
8	96	98	44	7	59
14	58	17	31	62	66
84	19	14	27	66	71
22	26	2	51	17	71
4	55	19	63	7	43
3	33	2	91	16	79
56	75	39	22	12	6
31	4	51	64	9	67
3	3	6	32	14	34
91	18	24	9	6	65
3	7	95	79	12	43
42	55	95	53	32	74
7	24	8	75	64	10
78	4	42	74	75	52
94	6	88	38	80	9
18	95	4	76	80	23
68	46	24	18	77	30
19	74	59	86	69	64
34	14	59	96	23	7
37	23	48	4	12	58
79	86	14	14	23	71
95	76	85	99	32	47
64	32	38	84	69	18
34	86	94	8	38	30
7	19	11	96	10	78
31	77	34	37	57	46
61	22	44	68	48	63
44	46	37	74	31	30
58	87	58	32	79	39
84	89	81	92	45	55
64	25	58	87	51	14
32	74	56	44	80	11
19	54	88	18	68	14
12	52	69	2	46	46
52	77	49	73	10	21
31	16	54	13	76	70
94	67	26	43	37	74
27	58	28	17	13	18
37	19	35	5	19	19
18	46	4	86	71	26
66	99	48	94	22	8
58	19	58	5	67	26
17	56	84	2	15	65
44	8	64	43	41	7
71	44	92	65	19	52
47	12	17	61	17	80
21	71	84	93	78	18
17	63	83	5	53	69
72	62	6	31	71	6
68	59	55	75	52	39
8	21	25	71	41	46
78	26	76	29	54	56
58	91	34	74	21	63
54	39	38	53	12	66
82	87	72	86	50	27
38	65	87	53	15	65
72	74	29	78	14	52
1	29	75	11	16	53
88	17	56	26	7	70
87	46	83	95	71	28
94	51	34	25	15	41
29	9	51	33	69	10
23	53	48	84	24	27
87	68	36	42	70	24
33	72	98	3	19	44
96	98	27	29	52	79
15	23	85	37	52	23
83	12	66	36	10	12
3	77	92	87	71	78
31	62	24	62	44	42
23	96	55	47	44	35
84	95	24	19	13	38
84	13	92	14	28	16
47	84	99	95	9	48
23	5	14	5	12	47
23	14	49	14	15	31
87	12	76	14	27	51
76	49	11	71	71	21
48	35	79	99	74	19
43	84	49	24	43	11
99	66	56	69	69	43
19	51	89	23	64	63
77	96	63	25	31	22
51	18	39	9	67	44
46	44	64	67	30	34
18	13	43	34	44	59
2	21	66	11	8	61
4	99	52	43	33	16
55	89	6	57	52	19
57	84	94	36	12	55
22	53	32	79	14	68
85	85	19	29	10	33
96	69	53	98	43	12
24	81	2	85	68	46
22	25	66	98	78	23
84	78	22	78	45	50
43	24	69	62	15	53
12	82	52	65	30	11
53	24	44	65	70	52
81	63	45	16	79	42
1	37	14	34	6	32
45	53	23	74	33	17
87	21	34	31	13	50
14	92	51	44	80	52
34	53	36	64	66	45
15	56	17	14	49	29
17	87	44	95	68	52
36	37	3	59	18	25
84	49	96	47	43	18
63	92	33	89	14	19
97	95	75	91	39	47
47	24	51	61	60	66
72	4	34	28	60	22
27	84	1	44	23	20
19	4	13	58	11	57
8	27	37	49	64	44
17	75	54	64	12	48
95	3	84	38	37	22
24	46	67	24	25	71
81	26	66	97	20	80
35	83	23	36	42	59
2	75	31	4	23	8
48	51	27	62	26	42
79	75	84	74	47	11
57	25	73	71	15	63
69	87	65	68	8	56
19	96	7	81	34	6
13	84	63	93	19	49
34	15	22	25	20	74
3	1	46	41	48	70
43	54	15	43	47	28
76	17	58	45	53	76
65	96	62	55	36	35
52	94	27	48	67	12
17	54	16	6	67	30
67	54	86	68	27	12
88	34	28	63	26	24
52	55	66	56	7	57
78	32	28	19	59	30
72	22	92	1	20	42
37	62	15	16	62	51
18	7	41	39	58	68
88	74	7	49	54	51
84	44	74	93	41	38
63	47	55	42	44	69
89	95	92	14	22	59
29	6	77	24	19	12
66	8	75	95	50	29
61	15	68	5	51	67
35	69	49	81	63	24
92	89	74	78	25	38
47	17	71	37	56	56
57	34	55	25	16	31
67	54	12	41	51	55
69	5	87	11	66	11
34	24	73	84	31	7
98	12	87	69	14	10
72	68	57	94	69	35
97	74	49	99	31	77
21	14	62	12	58	15
35	39	62	31	7	78
52	49	28	11	38	20
3	26	35	34	58	52
82	38	54	72	54	29
16	93	79	35	32	27
29	2	65	88	27	46
76	61	28	92	14	13
1	12	24	55	16	53
42	74	76	91	59	26
58	41	27	49	42	27
84	75	66	45	43	10
33	27	11	58	48	29
23	76	83	27	38	23
34	27	82	32	12	80
73	73	54	91	60	51
21	35	14	94	37	60
6	79	87	8	21	62
62	59	14	74	41	14
65	34	51	54	18	43
36	19	55	48	42	14
49	69	69	24	60	61
28	93	21	14	8	72
91	43	17	84	27	39
86	36	27	48	66	24
65	75	39	54	9	44
39	3	96	64	68	54
62	9	61	4	50	46
76	28	96	53	15	9
18	5	42	51	46	73
66	86	62	13	20	70
58	73	16	18	55	27
41	29	88	29	62	26
2	2	88	64	43	28
84	1	9	46	69	69
73	4	61	19	72	71
31	17	37	63	8	11
46	64	66	84	51	16
93	76	82	79	65	6
13	26	95	66	26	49
87	78	23	32	80	80
21	31	1	74	75	10
39	35	73	17	11	20
96	96	78	61	76	30
24	43	81	41	47	52
35	52	71	77	59	27
63	7	35	26	16	43
19	9	47	53	49	17
5	42	58	95	32	66
81	28	97	99	23	77
15	63	23	11	56	68
94	48	83	97	71	20
98	21	54	74	74	10
45	54	34	34	22	71
6	45	69	13	28	34
96	75	54	34	40	45
88	19	12	53	8	62
37	82	79	95	80	21
45	82	25	72	70	46
29	64	86	15	31	50
23	38	27	98	70	28
54	77	8	54	72	14
12	24	88	35	30	18
59	84	3	44	25	79
8	93	22	74	39	64
36	29	64	15	54	64
41	59	24	63	60	50
29	57	5	46	18	46
59	53	89	57	80	52
47	56	75	14	20	28
11	61	41	12	49	10
94	43	35	61	60	62
78	84	63	36	67	24
37	16	78	93	14	12
77	12	56	94	61	22
52	45	21	54	74	66
19	42	76	5	64	50
94	45	93	52	80	21
17	11	59	75	66	52
88	47	24	98	53	32
24	63	84	44	43	19
93	69	8	42	54	21
75	95	84	34	79	73
99	81	58	66	23	26
39	86	93	52	65	31
66	29	66	32	65	33
94	11	18	26	37	73
57	3	5	29	40	27
91	58	74	89	52	39
64	77	64	49	74	69
33	33	34	98	69	57
64	58	53	36	65	62
53	93	35	1	62	75
53	68	31	94	51	44
96	51	53	82	31	63
54	82	85	72	35	78
94	54	43	44	23	59
14	69	5	62	27	73
26	43	18	32	20	14
99	68	67	32	80	53
58	82	72	64	13	28
67	3	75	23	35	30
27	76	92	9	16	6
23	77	99	51	52	33
48	57	7	13	16	52
15	12	26	84	38	50
87	73	75	14	72	41
49	98	95	28	43	55
83	21	24	67	71	40
9	21	5	86	28	25
75	19	13	33	13	56
76	96	38	48	39	15
44	67	84	41	16	39
64	53	16	45	60	53
56	87	76	93	12	28
28	65	73	29	25	68
84	64	25	2	56	44
53	32	41	26	55	76
52	21	38	95	66	42
98	92	7	91	55	35
35	26	66	81	35	77
13	54	67	29	35	34
5	78	11	21	46	68
45	11	57	9	46	17
45	84	52	12	57	75
74	35	95	12	16	64
26	57	88	39	60	76
15	24	47	64	48	19
79	84	58	1	47	74
99	92	15	26	16	35
96	95	97	74	46	77
21	19	81	44	46	6
63	28	54	14	52	33
39	95	21	99	67	7
31	54	55	55	52	35
65	28	14	85	35	54
31	46	42	64	63	56
53	55	14	53	21	30
68	26	15	75	22	22
38	24	91	6	22	30
76	47	75	86	71	28
74	32	25	84	40	31
63	59	74	45	66	29
36	64	61	68	14	58
84	12	42	74	76	63
77	24	87	7	48	22
18	96	45	13	61	62
79	45	64	14	36	61
63	48	79	17	74	25
52	28	15	98	55	14
21	57	97	94	8	18
85	64	16	8	39	79
64	47	95	26	47	15
77	16	29	56	21	69
64	68	67	73	38	29
87	11	4	17	72	52
98	59	82	88	30	41
84	43	16	52	21	30
97	44	52	19	37	8
22	92	22	53	64	12
79	36	48	31	36	25
54	34	33	46	77	8
19	22	56	83	24	59
64	41	11	9	76	51
52	79	95	26	29	51
82	28	27	24	24	18
31	42	29	33	43	35
64	9	33	67	73	57
46	14	94	54	53	57
63	72	67	64	57	29
26	36	69	58	33	39
87	32	91	55	77	78
32	42	67	43	52	6
96	95	71	54	72	65
8	27	4	7	26	53
4	99	82	9	30	72
89	88	37	46	58	69
46	61	46	79	78	56
12	31	99	46	60	49
59	69	33	99	26	15
51	73	1	21	63	44
42	94	74	54	44	9
42	43	41	35	78	13
72	64	59	26	76	60
53	59	68	98	13	31
94	44	8	71	11	21
96	87	34	65	49	50
95	24	91	38	71	40
94	1	55	34	27	28
98	64	67	99	55	12
18	87	3	3	61	31
19	11	7	52	45	63
71	73	92	4	78	68
1	35	4	6	44	18
64	34	25	54	26	67
59	5	54	18	49	52
51	2	41	71	25	37
4	29	27	93	78	35
91	69	84	7	48	52
41	5	51	84	22	10
84	78	93	22	61	61
32	91	37	59	47	79
96	49	66	68	67	29
35	12	39	12	65	65
32	85	51	16	53	56
69	35	47	42	67	43
45	99	8	32	80	23
54	97	65	59	11	49
78	44	74	84	79	25
11	32	85	64	10	22
65	81	74	54	39	57
63	59	57	78	68	36
29	67	74	56	65	56
53	35	14	44	37	80
34	51	76	33	6	22
83	5	4	99	46	29
84	6	94	95	12	21
38	58	4	4	55	11
99	91	51	88	39	34
64	92	79	86	25	53
41	29	3	87	60	49
22	9	5	43	64	70
25	29	54	64	67	60
55	52	77	64	34	66
77	75	74	56	31	34
69	62	39	74	9	6
66	73	56	62	57	51
84	26	83	37	11	14
72	94	91	53	51	22
1	16	76	75	58	73
1	47	69	9	20	25
8	44	45	47	14	37
13	94	14	85	31	50
22	22	16	79	8	8
89	32	24	48	14	62
52	42	58	98	63	28
45	12	88	65	20	74
61	23	58	64	57	24
98	95	54	22	48	73
92	34	61	26	36	31
28	8	48	93	74	73
16	98	15	49	24	29
73	12	64	69	74	40
96	28	22	58	43	14
88	71	63	96	31	64
51	84	86	94	24	65
32	49	86	26	26	55
67	94	86	58	56	34
74	93	24	44	10	63
93	65	81	47	20	64
96	39	91	48	28	69
59	89	64	74	31	46
73	96	34	21	52	35
67	65	75	48	33	56
22	58	64	67	63	60
12	89	81	78	49	18
25	5	98	2	35	63
7	77	65	22	31	80
89	16	99	12	6	17
88	37	34	43	55	71
84	15	52	71	70	38
64	65	91	4	66	33
18	72	21	34	38	80
5	14	35	7	69	41
58	12	23	54	27	69
94	61	63	95	77	16
34	11	31	51	36	58
66	62	59	84	40	15
28	17	82	96	54	72
37	9	18	59	78	68
13	93	84	35	66	23
55	34	17	75	48	39
84	92	54	76	47	43
13	76	53	22	23	65
52	56	41	48	64	70
34	44	38	55	36	11
12	36	6	87	7	77
31	38	74	48	47	13
94	64	44	96	43	56
77	27	39	4	17	58
94	55	74	73	63	13
8	83	71	51	61	69
64	59	44	84	62	70
68	74	25	73	55	38
55	28	22	18	53	13
23	29	43	42	11	58
22	5	81	49	12	73
36	56	45	24	72	75
16	41	53	78	56	64
69	64	47	29	71	73
65	55	23	72	58	74
94	89	84	23	25	40
38	66	41	49	79	31
5	24	76	65	21	25
12	28	51	2	60	46
1	21	15	7	21	62
14	19	63	27	10	50
16	47	3	94	19	45
81	92	53	68	15	29
5	71	47	32	30	62
25	58	14	69	79	67
14	95	19	95	20	29
64	87	66	41	36	38
13	44	28	44	56	50
44	15	57	74	50	9
25	53	7	91	36	49
62	51	68	12	32	10
67	7	59	44	19	63
84	18	77	43	55	29
14	45	92	18	18	11
4	68	62	28	78	23
84	62	77	36	43	57
63	8	28	89	30	69
14	73	7	72	63	47
54	19	7	63	65	41
27	6	27	57	52	10
28	25	61	94	9	10
66	85	33	94	68	38
22	39	74	57	28	72
94	78	14	4	58	47
73	31	48	58	15	70
79	74	26	6	57	36
11	5	92	91	14	21
37	29	94	93	22	19
44	5	4	55	53	63
1	82	74	78	61	27
75	33	67	74	58	80
99	54	81	72	42	13
8	7	89	96	80	76
58	68	77	57	19	46
99	54	83	61	22	36
93	42	57	93	62	19
48	81	16	85	56	36
78	55	98	91	13	36
61	74	83	46	55	8
3	51	7	61	78	51
24	24	82	34	47	14
39	93	35	71	48	51
27	42	55	46	43	33
99	8	85	33	45	41
76	73	25	17	58	37
33	95	93	53	30	35
8	98	35	88	40	25
85	31	54	48	56	61
46	22	37	72	25	75
59	26	54	54	62	11
45	44	58	35	57	47
4	52	91	52	71	41
84	54	69	29	33	26
25	89	27	28	48	55
26	29	21	44	28	56
58	46	86	95	44	55
87	7	4	77	33	36
71	12	73	49	77	48
19	74	71	89	13	24
37	58	52	56	40	62
7	83	3	35	55	73
61	25	22	56	73	57
94	8	46	29	55	15
4	13	96	99	57	11
58	62	47	92	52	32
52	13	84	72	54	47
76	24	9	54	25	28
17	37	91	68	75	56
76	65	33	75	51	6
43	51	34	62	11	60
85	43	82	63	46	32
66	44	44	6	67	54
74	72	31	74	37	25
14	64	4	93	64	45
2	34	58	41	24	62
15	67	38	57	36	37
16	78	53	39	43	66
79	21	55	6	69	31
28	85	7	8	73	26
31	17	5	32	68	51
75	3	84	44	19	50
6	17	57	16	56	35
61	44	72	12	69	31
92	92	46	17	35	64
4	25	46	88	73	67
94	5	26	53	19	22
17	24	46	25	57	71
52	95	62	84	35	47
25	26	66	11	68	8
87	93	54	99	73	56
24	36	77	39	80	57
48	42	14	35	42	14
38	94	4	5	77	26
71	17	41	69	41	73
77	27	27	82	70	69
74	32	64	65	60	16
77	88	87	65	32	53
26	35	34	14	39	36
75	47	67	54	55	41
27	86	4	75	44	50
9	14	86	62	18	35
91	57	13	7	11	73
85	96	34	64	35	54
66	67	28	88	37	28
72	11	62	59	68	34
54	49	9	3	23	27
59	93	29	24	16	55
49	86	41	94	16	10
22	51	72	64	40	16
45	1	74	24	79	38
75	84	79	29	75	51
4	74	43	7	23	42
18	78	82	15	69	75
24	44	24	64	63	64
4	82	2	97	71	16
27	27	27	27	27	27
54	43	37	14	10	25
95	68	42	74	38	65
37	41	84	74	46	49
69	84	3	89	72	6
22	22	52	22	52	52
4	26	66	77	51	48
31	12	59	63	33	31
99	77	92	86	57	74
22	81	74	56	12	35
32	28	12	49	55	33
36	11	78	82	49	61
64	45	91	24	71	58
79	12	47	4	55	12
83	86	94	28	57	43
77	64	83	82	56	32
9	79	71	59	20	75
48	98	52	88	79	66
5	46	57	21	31	32
14	55	34	93	40	27
47	83	17	85	66	39
21	38	83	86	7	43
34	88	3	35	48	26
86	46	79	71	38	18
45	29	44	56	65	48
39	18	33	62	60	39
93	2	15	33	38	21
55	26	94	27	75	56
51	4	81	94	76	13
43	97	61	74	11	17
96	85	29	64	27	20
94	16	1	58	33	22
67	85	75	84	29	41
15	78	53	28	56	38
49	55	92	18	66	66
23	54	34	3	8	65
93	76	84	86	67	36
65	84	28	48	78	62
67	74	64	54	64	59
88	72	67	76	72	73
1	56	66	74	53	19
54	13	11	73	63	66
47	52	44	87	33	62
5	42	47	45	35	9
54	25	67	18	77	51
32	15	93	82	6	6
56	27	12	45	78	56
17	98	44	77	68	65
87	15	16	66	18	12
83	64	53	84	29	50
64	14	38	13	58	77
44	44	42	24	36	67
22	14	99	62	22	56
5	48	44	86	46	50
62	83	13	23	63	23
4	66	55	48	79	67
11	66	4	89	36	77
26	84	62	94	59	48
72	87	54	22	17	51
76	84	41	15	24	78
84	88	22	2	22	18
98	77	71	39	38	15
71	34	3	99	42	22
47	34	79	97	34	72
54	94	1	73	25	18
44	53	98	42	53	78
52	5	94	18	77	46
94	21	9	82	11	51
42	97	38	12	33	24
44	53	49	34	57	47
95	61	17	95	67	10
76	62	46	42	21	24
7	56	67	86	18	48
79	68	75	31	19	49
89	79	54	92	76	60
86	53	44	49	44	10
24	21	57	49	49	70
91	67	53	1	29	63
44	66	78	79	27	59
35	2	66	94	54	24
59	47	14	37	68	60
54	23	3	73	30	51
22	7	23	64	69	40
2	56	47	41	6	45
16	68	75	54	15	70
4	96	54	44	55	33
3	66	46	12	16	65
89	95	95	86	7	73
13	59	33	39	16	64
42	7	95	96	14	76
17	84	27	84	17	67
43	88	98	83	7	35
18	37	63	66	54	74
27	11	86	62	30	28
97	74	33	88	11	80
77	94	84	26	26	69
11	36	51	42	25	74
22	8	98	9	14	63
73	78	36	24	66	16
69	66	96	15	70	74
67	62	93	52	26	58
32	28	59	1	16	21
73	71	41	72	24	55
73	7	19	27	6	67
99	1	72	6	69	72
36	55	64	14	64	23
38	54	93	48	75	55
74	65	92	34	60	51
73	18	24	15	37	58
97	31	93	82	30	37
77	49	69	51	62	6
66	25	35	66	33	29
59	9	24	68	16	74
93	89	78	12	51	8
1	83	13	78	30	33
35	14	27	7	21	68
78	11	99	54	27	9
86	4	34	67	37	49
7	94	29	86	27	7
86	9	43	13	78	75
18	27	89	64	31	20
45	24	36	83	51	48
44	8	13	13	6	75
18	15	47	67	55	20
22	61	72	55	66	12
26	81	79	55	73	46
79	52	61	3	46	47
64	91	25	92	51	52
44	4	64	7	52	17
21	62	62	54	51	20
74	15	13	78	46	61
94	16	49	92	56	23
43	61	64	24	20	80
37	87	86	36	30	54
48	33	84	92	11	65
63	33	22	49	21	57
82	21	73	17	6	36
54	44	45	64	71	78
99	17	81	14	75	54
67	4	64	63	34	32
2	68	64	98	41	10
27	1	54	52	54	27
13	23	58	87	17	47
77	69	91	44	44	29
92	64	96	69	55	33
43	32	37	3	62	18
15	3	25	19	19	71
6	76	69	47	54	50
69	21	94	94	41	53
73	24	22	84	65	17
66	24	3	31	32	61
81	58	82	34	47	8
26	44	17	3	76	56
4	94	19	74	11	13
31	57	82	23	74	12
76	35	46	37	27	6
54	11	17	56	15	19
79	97	67	68	22	9
41	15	3	22	66	70
28	5	21	57	48	56
24	94	93	65	64	67
58	65	43	75	6	63
1	19	62	16	58	25
41	98	4	31	69	74
73	66	77	74	7	25
41	26	51	28	77	67
73	48	62	89	70	73
94	97	42	26	49	53
35	25	2	81	13	37
41	81	78	88	19	27
67	42	54	59	68	64
34	54	27	42	41	7
14	72	48	62	34	15
27	51	16	94	56	41
43	64	91	14	47	26
3	54	84	4	75	27
77	35	84	15	57	29
96	23	89	92	65	66
87	89	2	98	29	50
71	91	94	23	80	7
21	19	78	18	36	42
48	79	98	83	56	76
9	8	37	77	25	61
89	68	85	13	32	45
57	54	82	98	61	12
69	12	46	87	70	53
83	56	74	38	13	36
49	17	22	52	80	59
74	68	89	84	19	71
75	66	56	97	37	21
37	97	5	88	76	13
85	11	2	19	33	63
3	88	41	21	6	20
8	95	53	9	31	55
72	91	35	91	35	70
4	64	34	92	15	13
85	85	6	21	35	36
79	1	37	91	9	66
93	84	61	72	66	50
6	58	1	71	69	40
53	55	34	64	61	32
76	4	43	75	13	32
14	84	11	84	30	73
34	64	92	77	34	25
63	13	2	4	25	67
5	81	44	2	21	23
54	49	27	24	54	57
33	84	2	14	53	29
94	63	38	49	48	33
25	73	16	85	55	29
41	31	6	99	12	74
89	53	64	29	67	78
91	84	8	93	6	13
56	4	66	72	20	49
14	32	9	26	22	38
72	19	41	34	24	43
77	97	93	66	50	24
25	43	51	94	36	7
96	17	58	73	7	31
74	41	12	97	19	79
88	98	32	48	16	65
71	9	57	89	40	46
97	66	34	92	15	71
63	89	12	22	74	73
89	72	21	92	14	41
59	94	3	48	30	69
32	18	96	39	72	11
42	92	98	73	36	36
19	12	38	74	53	12
87	93	62	67	23	37
39	4	68	59	72	49
8	59	26	6	13	70
4	36	84	1	58	69
19	19	37	94	78	49
94	83	16	53	71	60
13	18	47	5	31	31
68	61	73	54	22	69
51	37	35	96	31	17
14	53	53	55	6	39
25	43	39	73	24	43
92	89	34	5	29	69
8	96	53	99	25	56
75	43	84	3	61	27
77	9	54	24	76	57
57	63	91	47	59	79
85	76	55	67	12	43
1	87	91	66	58	45
66	82	69	54	37	21
44	44	44	24	24	24
84	41	97	71	10	8
7	73	75	8	40	19
57	31	19	1	64	68
99	32	98	61	36	66
51	91	87	15	41	21
34	67	4	24	29	17
5	87	33	93	38	62
74	29	59	34	75	49
48	34	36	15	11	78
66	24	44	12	44	36
4	46	9	69	49	20
67	89	66	34	63	12
83	7	98	52	70	32
54	45	89	17	15	67
36	76	66	19	36	30
44	81	33	27	59	61
72	84	53	68	75	43
95	82	95	31	45	46
51	74	15	87	32	18
57	35	53	15	13	19
24	98	9	67	58	61
34	7	84	2	50	32
44	19	79	94	52	13
53	24	72	19	28	20
13	82	97	83	22	24
36	98	38	1	67	19
11	66	4	79	28	76
34	2	59	4	33	78
23	51	99	41	45	9
72	66	96	64	29	51
4	54	28	76	42	28
2	4	78	34	27	55
2	95	73	75	29	15
38	69	79	22	34	40
64	7	55	64	31	37
6	4	72	37	45	43
59	78	67	2	69	49
21	31	46	46	56	37
85	32	78	85	53	34
74	62	98	6	63	39
88	69	77	34	24	77
28	84	62	53	7	40
71	76	81	64	71	71
11	32	57	4	63	12
77	94	16	24	44	64
37	75	9	71	71	61
48	27	94	5	17	29
91	93	52	97	66	41
8	48	75	37	47	72
23	38	8	75	18	62
15	14	34	44	73	27
54	82	35	52	8	43
74	74	8	79	21	60
45	74	69	12	70	36
64	5	85	1	28	54
94	56	61	78	22	70
24	83	55	63	80	10
57	24	81	38	49	9
81	41	8	23	28	49
45	64	21	66	66	79
91	37	31	17	59	61
84	72	52	34	49	32
78	62	76	17	52	29
53	7	84	59	62	30
52	52	24	66	27	31
26	72	95	53	28	15
93	69	97	4	32	57
66	46	67	95	72	29
84	18	9	56	26	70
24	44	93	51	65	55
34	21	84	94	76	28
44	63	85	74	72	42
64	49	74	92	36	65
44	54	44	19	51	28
42	78	24	15	48	60
74	48	68	32	20	50
94	84	32	34	39	9
97	24	34	8	65	13
58	68	35	4	48	9
87	4	9	29	15	45
84	23	43	17	22	18
75	74	51	34	76	56
78	94	13	46	41	42
19	78	77	82	48	73
53	51	4	63	77	45
31	54	77	36	72	50
14	62	34	76	21	73
18	35	31	42	55	63
69	94	31	51	17	46
4	51	57	19	46	33
29	2	56	6	15	55
14	87	88	84	50	39
94	53	54	36	29	58
4	45	98	33	46	42
45	6	2	12	78	54
44	75	11	42	7	47
58	71	77	25	9	8
46	26	78	2	72	45
94	84	34	29	35	47
93	74	26	27	64	13
73	54	85	65	19	30
84	95	42	23	6	40
96	97	5	97	44	10
48	44	79	53	76	69
94	14	48	38	25	14
9	63	33	64	78	25
75	48	42	19	54	32
14	68	39	75	15	44
84	75	39	85	6	50
94	46	57	62	13	54
29	53	28	49	24	22
24	84	53	49	55	46
1	81	39	79	69	68
22	88	17	14	44	45
24	24	94	36	9	20
53	23	13	28	27	80
57	34	17	73	6	61
5	93	63	43	47	26
56	85	9	56	19	17
35	84	43	94	52	21
94	92	17	29	35	52
29	64	53	92	15	46
57	28	65	69	31	14
56	21	9	6	39	40
44	4	91	94	51	38
62	84	44	8	63	73
17	95	23	36	10	27
78	61	75	36	26	75
77	95	42	61	70	74
5	84	98	97	37	11
76	25	15	76	12	23
28	93	87	35	18	57
76	3	15	35	13	7
31	22	31	22	22	31
48	9	11	34	67	80
37	16	13	96	43	74
53	28	92	64	20	26
79	47	1	56	15	13
1	93	13	37	15	64
64	67	84	23	64	74
7	87	64	75	35	69
45	44	43	24	6	51
63	27	12	95	71	24
72	63	64	64	66	52
11	19	23	99	78	63
1	27	56	28	28	77
1	59	33	99	71	8
38	94	49	81	67	55
29	87	26	49	51	11
56	37	51	12	20	69
84	67	96	51	28	13
35	5	83	37	68	40
32	53	25	45	14	69
43	84	22	84	62	6
31	31	73	85	65	61
6	44	85	69	13	24
78	31	66	85	43	27
37	11	4	74	60	54
67	14	15	33	25	69
34	5	93	96	59	77
76	95	66	85	74	46
69	4	37	48	23	12
65	46	17	24	56	32
63	65	6	44	77	41
82	27	73	3	45	80
38	98	4	21	11	46
49	51	77	32	47	79
64	88	54	26	71	48
38	77	9	11	11	43
77	4	4	73	26	13
94	17	19	94	7	48
93	79	14	2	54	47
4	75	51	2	60	76
32	94	57	78	33	15
94	44	35	17	51	70
26	5	84	77	74	72
95	91	86	86	34	59
56	95	62	81	25	64
27	21	27	21	27	21
78	9	28	74	68	45
44	75	27	89	18	78
36	47	94	48	26	52
19	34	16	32	75	55
64	82	46	88	37	12
33	42	95	2	49	34
92	23	45	9	37	44
13	74	75	32	59	36
84	36	99	84	45	48
16	65	77	51	49	21
77	94	44	48	52	74
97	38	67	25	77	11
78	29	16	45	18	13
52	24	87	36	60	6
14	25	77	16	25	68
29	29	29	29	29	29
72	61	67	82	21	16
31	31	16	99	34	44
4	95	11	38	48	52
1	46	5	53	27	55
56	24	34	84	27	42
53	53	53	53	53	53
48	63	74	94	44	38
87	64	22	59	56	34
18	75	75	35	32	49
71	84	94	47	38	18
13	17	44	57	47	14
9	49	34	67	22	46
24	24	59	9	14	70
87	92	12	43	23	21
84	7	33	67	31	26
61	25	11	43	37	7
72	52	19	26	14	32
71	69	82	71	71	20
25	82	74	36	27	37
88	23	51	99	52	42
29	2	69	63	68	10
4	13	71	26	16	58
62	32	54	64	31	70
54	27	86	87	39	13
5	97	84	57	47	27
29	8	96	51	15	62
41	88	83	4	22	19
21	76	54	57	22	41
55	34	38	58	80	66
55	48	42	59	42	73
84	93	63	38	40	35
14	18	24	98	10	64
96	82	34	91	15	39
38	94	69	24	37	76
5	18	22	12	12	19
29	66	5	86	9	12
77	96	8	16	40	68
89	27	32	57	30	59
54	25	76	36	36	7
44	44	44	44	44	44
67	85	8	38	37	75
45	63	19	61	46	8
64	17	53	36	77	20
26	34	29	13	25	77
87	77	61	18	47	63
9	4	9	68	12	48
54	72	36	12	16	67
17	33	76	47	53	9
82	98	45	44	69	79
58	67	41	14	8	24
77	46	51	71	57	6
74	96	31	24	43	36
96	62	48	67	13	15
96	18	13	63	43	69
75	39	87	73	53	70
26	6	44	34	66	56
54	54	54	27	27	27
84	84	54	24	22	44
36	46	44	63	80	50
52	37	94	54	35	48
44	12	15	54	48	17
85	9	51	63	18	45
85	82	69	19	50	67
79	68	87	74	68	49
1	21	31	68	64	40
41	4	39	12	24	64
8	27	31	49	79	37
77	49	14	38	24	34
44	33	32	14	44	41
91	89	44	31	48	31
54	94	42	2	46	46
14	35	41	67	8	77
59	74	61	31	62	54
6	25	12	36	50	29
72	2	46	58	14	47
77	1	86	35	28	65
71	31	74	45	59	60
35	72	79	11	20	77
76	99	14	54	74	74
62	36	97	72	15	10
86	86	86	86	86	86
87	79	31	18	50	34
21	95	42	88	7	39
43	86	53	53	75	33
4	6	31	83	31	30
64	95	32	87	50	27
91	49	54	6	14	39
11	61	74	35	41	28
4	73	72	14	38	52
11	79	47	91	31	63
99	55	23	44	73	12
34	34	34	34	34	34
45	64	46	55	58	65
5	14	12	94	70	80
31	3	15	38	23	75
25	24	7	59	38	40
21	15	21	15	15	21
14	39	42	24	45	49
58	39	84	4	6	9
72	91	56	4	77	33
81	64	61	54	17	10
15	18	34	94	34	44
61	81	82	7	43	58
64	9	66	74	63	36
48	64	19	23	12	34
7	98	75	5	61	59
18	21	97	65	20	27
34	7	18	39	24	62
46	14	56	64	48	61
63	56	44	2	69	31
76	92	8	32	45	18
56	34	59	48	19	65
73	9	56	7	64	60
71	32	93	82	40	36
89	55	31	93	21	21
21	64	64	53	22	51
63	42	61	54	65	57
53	6	11	91	79	74
19	17	19	19	17	17
89	42	48	84	56	64
61	48	92	24	46	32
51	14	67	13	64	17
21	73	74	7	57	76
24	54	81	12	54	51
32	55	68	13	57	56
72	72	72	72	64	64
97	64	87	54	33	75
85	78	93	46	73	44
6	46	31	72	27	38
72	39	2	53	40	38
74	47	28	79	25	70
35	3	66	69	29	76
35	35	82	34	21	63
73	35	12	52	56	14
52	25	22	86	19	8
22	13	27	42	22	61
84	23	1	77	40	69
18	8	39	92	13	68
52	15	39	24	71	26
84	16	31	94	39	33
97	18	19	54	64	57
95	95	71	71	71	71
34	79	24	47	25	66
16	15	34	61	70	8
24	85	98	12	54	43
2	89	54	27	68	37
95	94	81	58	67	69
96	87	71	35	58	6
93	28	89	3	29	56
93	77	47	21	25	41
54	29	43	39	62	75
88	92	75	36	19	41
84	77	4	94	60	66
18	18	91	8	6	27
68	91	54	5	58	23
76	15	75	47	57	31
8	84	53	88	14	33
26	27	27	27	26	26
38	76	62	73	22	50
45	14	39	3	7	33
14	45	73	18	40	55
82	76	17	75	35	41
37	84	35	2	9	27
45	41	45	41	41	45
54	95	34	3	61	68
38	87	14	57	21	71
9	62	56	41	40	10
56	18	62	57	12	34
52	51	94	31	15	16
41	56	64	32	43	34
66	78	51	46	80	51
91	65	24	96	16	22
31	27	19	54	69	44
84	35	64	27	79	62
35	15	9	24	75	8
19	76	18	18	62	16
18	77	49	74	21	49
54	13	93	97	8	24
34	98	37	64	72	75
36	64	65	43	41	42
41	59	14	29	15	47
99	12	77	16	18	79
87	63	96	26	15	32
47	44	12	94	66	45
22	32	32	32	22	22
16	49	45	17	51	75
33	21	19	81	34	75
98	4	94	71	38	28
49	66	78	64	39	49
65	89	19	6	49	24
4	32	83	87	15	9
17	66	54	86	7	69
86	46	4	3	6	18
36	51	27	92	51	37
13	93	95	77	6	11
92	96	18	83	52	63
72	25	76	84	36	28
65	51	24	74	71	43
12	21	13	83	31	59
66	58	99	66	14	37
71	33	94	51	61	50
3	86	35	97	45	63
38	86	47	72	63	44
93	42	13	4	6	31
14	4	14	92	28	32
94	69	21	35	13	51
22	34	91	14	19	31
38	43	26	54	78	41
93	28	5	59	13	22
1	66	79	85	16	27
94	78	41	78	40	57
4	51	76	74	67	42
8	9	68	65	66	69
44	6	76	2	44	26
11	59	29	72	42	54
95	24	59	94	31	22
64	92	79	65	76	15
36	54	2	47	58	58
24	28	2	11	7	22
27	43	34	74	34	38
54	24	5	28	12	37
75	64	14	86	57	24
51	3	47	42	36	17
37	7	94	69	68	58
19	47	17	11	68	45
72	11	34	54	29	64
6	21	44	16	40	28
4	65	74	68	68	32
28	58	17	75	16	70
14	34	19	4	57	80
82	92	13	32	18	36
6	59	14	12	30	11
38	33	91	84	69	43
25	19	98	43	17	76
85	51	21	53	24	74
15	93	82	85	36	68
29	79	14	78	28	69
94	14	54	88	80	19
27	17	29	84	62	11
97	2	47	46	62	28
14	31	77	74	52	38
74	94	42	9	58	69
64	74	89	63	63	80
9	66	84	88	59	12
9	27	2	26	29	58
45	31	22	23	78	29
78	3	53	8	63	74
94	17	45	83	68	39
3	74	42	83	16	7
16	11	11	16	11	16
37	5	17	16	6	11
25	91	79	61	13	65
32	44	74	69	55	34
99	21	1	78	47	24
8	54	92	74	77	16
44	33	18	42	58	35
28	5	59	34	12	39
23	4	72	98	17	65
15	67	89	44	53	36
14	6	97	87	66	21
24	92	76	49	60	19
47	76	84	82	56	44
73	63	74	61	79	30
19	41	94	3	24	59
86	74	88	19	69	13
32	44	37	32	32	18
68	71	53	31	41	13
32	64	64	2	36	31
56	4	46	48	29	27
57	69	95	51	56	27
21	76	64	59	54	7
25	14	78	74	51	51
73	85	54	39	41	25
18	78	55	79	59	19
54	43	81	75	36	22
22	52	54	13	58	60
99	72	4	15	45	79
95	45	46	17	30	16
79	36	98	55	75	77
83	78	6	57	54	29
93	79	58	46	80	32
5	25	83	78	38	38
49	66	94	13	58	24
87	19	29	68	29	27
26	47	64	52	34	26
6	63	79	27	23	74
39	37	59	82	16	27
79	99	95	76	58	20
37	24	82	42	72	73
94	3	7	73	34	72
89	26	65	29	7	59
51	32	29	64	56	63
6	34	29	36	66	30
17	17	17	29	29	29
4	34	7	67	46	68
65	4	98	49	62	49
74	18	76	62	34	79
36	87	73	22	66	33
39	86	63	79	40	70
97	54	76	6	11	59
8	99	76	49	36	20
74	59	58	83	27	30
73	53	42	64	34	58
95	44	8	88	16	67
27	16	58	33	7	78
56	66	23	19	71	14
10	10	97	97	97	10
94	71	31	49	70	70
53	1	59	65	47	24
24	49	78	14	26	50
59	92	89	83	53	8
44	9	27	99	70	11
78	74	52	81	37	11
91	43	49	41	34	57
76	57	92	63	12	59
62	27	93	2	78	51
22	92	11	93	40	66
84	42	64	77	36	55
37	47	73	63	21	74
77	44	74	47	61	31
79	97	52	15	79	49
18	54	58	9	16	59
51	18	89	67	47	55
56	14	48	32	14	8
99	86	64	51	20	65
97	33	19	35	8	35
14	14	14	14	14	14
74	86	63	35	52	17
82	45	84	64	27	64
74	77	83	72	79	15
34	1	42	61	72	43
21	21	21	22	22	22
99	41	63	94	30	14
79	23	49	45	9	24
78	17	5	43	80	22
6	14	39	65	15	22
54	54	84	11	64	40
34	83	58	22	11	65
2	88	16	96	35	70
91	57	82	13	30	46
53	24	44	29	31	15
22	72	56	58	33	22
96	39	86	56	69	15
72	39	65	24	57	77
61	77	7	98	64	62
12	14	92	15	36	76
83	83	83	44	44	44
7	52	54	21	77	73
34	91	94	85	42	18
69	14	42	81	41	55
97	26	26	26	26	45
97	1	54	63	50	16
23	96	34	14	52	65
49	84	1	43	71	24
28	29	46	84	48	32
84	65	51	43	24	32
85	64	22	84	61	35
49	84	54	51	54	46
34	25	4	86	37	23
45	45	17	17	17	45
91	24	67	11	24	49
17	39	71	54	58	69
94	47	57	44	30	50
64	61	96	32	76	45
74	71	5	32	71	30
78	69	13	43	60	29
45	45	45	24	80	30
83	15	48	26	54	20
11	64	89	64	63	34
97	44	25	45	63	18
93	71	94	2	41	15
22	9	87	72	33	72
28	68	11	23	14	8
96	84	3	21	14	47
14	24	65	34	45	74
59	46	67	75	56	21
74	31	31	31	74	74
72	36	34	34	23	32
46	59	38	6	28	68
22	11	11	11	22	22
95	7	95	15	17	25
3	24	29	26	73	38
64	67	49	73	65	48
74	94	86	46	50	24
4	14	3	91	29	69
84	87	4	92	54	67
33	77	77	37	66	46
45	96	42	99	58	48
3	29	38	51	39	31
51	51	51	51	51	51
1	2	38	4	35	53
87	61	59	55	22	78
73	92	2	64	56	78
8	29	55	8	75	20
7	2	81	26	41	17
46	91	84	64	19	59
25	49	69	45	31	64
51	34	95	52	65	63
42	28	89	77	66	63
48	95	4	72	6	29
18	21	64	53	19	22
94	77	94	74	45	79
74	34	44	48	29	55
74	45	27	14	45	8
22	74	79	37	56	27
91	13	3	38	60	44
96	54	22	79	79	12
39	77	59	12	54	29
98	9	8	24	51	27
27	26	74	48	67	60
58	94	71	24	67	13
89	47	81	97	38	8
4	79	55	74	37	39
16	67	84	4	31	56
18	25	57	43	14	19
55	11	35	96	72	77
71	32	54	61	75	68
37	2	82	95	36	50
4	34	78	97	6	11
42	83	48	49	14	23
68	24	79	64	42	21
22	85	96	34	50	48
28	3	6	1	63	20
69	26	93	47	35	42
59	74	49	57	77	61
96	19	59	97	41	11
96	64	69	85	68	8
88	83	61	35	32	57
76	7	75	34	64	24
31	74	73	86	27	27
36	19	33	33	8	44
96	84	25	77	39	59
37	34	37	67	37	49
33	91	52	48	23	57
65	81	63	61	64	73
15	14	41	44	36	61
42	71	24	61	14	18
51	62	15	84	55	64
1	63	21	76	35	55
86	26	1	15	64	34
34	92	47	57	79	52
46	93	1	85	31	23
54	26	64	54	17	48
11	12	74	25	76	18
77	88	91	24	14	23
56	64	26	74	30	23
14	52	66	74	19	9
69	76	61	39	62	33
79	47	27	22	34	55
63	84	98	49	68	23
74	39	6	24	50	60
97	64	73	88	7	10
92	96	98	98	78	10
35	77	59	74	65	28
66	72	42	93	33	78
26	34	16	78	37	54
64	25	71	64	63	54
84	47	61	93	62	44
89	41	54	16	58	47
57	1	76	54	13	20
79	77	77	73	29	33
77	62	3	1	75	42
87	56	56	91	49	62
41	5	22	39	48	26
23	28	59	72	7	8
93	9	4	44	65	69
34	5	9	93	42	80
23	43	13	65	37	66
95	92	13	48	54	53
53	42	1	1	59	40
22	74	76	28	15	61
91	74	52	84	7	65
19	14	93	29	22	9
41	4	56	74	9	30
73	32	38	72	57	12
53	14	78	44	45	69
43	91	95	48	51	59
91	73	86	84	24	40
26	58	49	23	21	18
32	75	53	63	78	55
52	25	73	8	26	67
49	84	23	94	79	43
36	42	74	24	17	71
4	28	48	11	50	16
91	31	85	99	48	38
74	4	92	45	75	63
28	13	2	83	43	39
54	33	37	98	33	7
79	74	24	28	50	18
37	69	95	59	59	40
67	5	12	48	7	49
98	66	75	98	51	75
9	38	31	1	72	50
94	53	88	47	9	50
32	27	84	35	76	38
82	44	35	2	12	18
4	76	44	29	11	73
8	19	74	22	53	72
36	26	31	69	54	30
92	43	47	61	8	63
38	4	73	16	34	61
2	36	7	25	31	6
85	72	95	9	32	70
88	59	77	27	26	37
69	9	43	21	11	57
25	46	89	94	41	63
64	8	64	64	38	17
22	19	55	88	37	26
84	18	97	77	9	36
66	19	99	68	12	80
68	15	43	36	41	63
23	64	33	76	17	10
49	4	4	82	51	8
99	25	36	91	30	50
14	83	52	93	70	30
72	43	3	66	26	12
16	6	29	74	73	49
62	99	64	54	44	19
14	75	53	14	23	11
2	52	66	99	53	35
75	88	15	17	75	14
18	72	89	54	74	48
82	5	63	83	59	22
67	5	96	25	62	69
12	77	19	17	51	76
35	63	13	54	79	9
43	49	72	24	6	33
72	26	89	61	48	63
17	52	18	83	36	10
28	85	47	44	26	71
17	74	87	57	49	45
35	77	83	4	37	44
79	28	97	25	79	78
33	49	64	11	21	34
74	65	73	68	16	28
4	65	82	55	40	31
15	1	66	14	39	75
87	12	96	26	57	36
29	75	99	61	52	47
75	56	14	66	36	35
66	67	44	44	17	42
28	64	28	68	27	69
88	7	8	63	11	61
11	78	43	52	51	74
91	31	41	34	20	18
11	68	17	67	44	25
31	74	95	57	71	6
49	3	35	18	21	54
54	7	2	33	47	35
24	38	27	51	74	70
73	97	26	84	60	12
4	33	15	54	62	33
32	46	69	43	78	53
14	79	55	98	67	15
54	77	12	57	46	27
68	74	18	85	74	51
71	89	12	4	44	57
76	14	31	52	9	71
4	94	61	13	60	28
41	37	62	98	65	28
55	45	25	2	19	61
33	91	3	74	59	36
51	3	83	43	56	41
26	69	82	2	30	18
79	41	8	14	68	39
24	11	73	22	12	9
15	16	39	24	35	26
18	41	57	12	24	10
14	14	2	23	23	19
44	15	51	79	37	9
86	41	52	73	55	29
26	88	26	34	52	28
7	58	34	99	39	39
28	48	78	44	21	29
71	3	87	17	45	8
52	79	52	9	29	17
46	74	29	12	48	49
67	59	57	63	22	22
94	29	28	78	50	32
59	4	95	26	75	55
94	4	17	64	49	74
7	57	83	65	54	25
35	58	51	41	56	79
27	34	26	6	47	80
89	42	26	56	69	11
58	14	67	47	14	33
4	71	9	99	22	49
24	99	84	71	25	45
8	64	26	47	68	24
61	92	2	89	40	8
86	63	76	9	27	9
8	16	35	56	8	14
2	21	88	16	25	20
73	39	68	75	67	41
36	69	59	36	23	49
47	84	45	36	79	50
73	79	33	67	73	67
7	78	44	97	22	28
39	37	69	95	49	20
38	58	39	84	40	80
35	53	96	98	51	80
11	67	97	69	56	80
92	51	11	92	72	16
32	65	41	2	78	59
18	44	35	28	58	31
83	68	48	23	63	57
76	94	76	36	70	20
69	73	37	78	44	57
34	74	4	94	20	11
87	46	24	5	16	22
82	63	74	56	71	76
67	52	65	74	39	55
95	67	76	97	59	8
22	14	4	67	14	66
4	73	22	24	66	44
94	61	99	19	33	61
13	32	61	57	57	12
65	47	14	71	56	25
15	29	46	19	76	52
93	92	55	24	49	51
25	2	44	1	53	35
96	39	55	19	15	23
74	32	89	14	53	43
24	3	14	24	63	50
64	55	42	35	69	33
94	7	8	48	48	12
53	5	82	92	57	28
64	81	74	11	55	32
17	98	95	88	35	35
24	97	23	74	54	48
77	42	83	32	67	68
58	4	47	11	34	65
15	25	55	38	51	53
54	24	33	18	57	79
94	92	48	91	54	65
57	62	55	92	8	65
58	77	96	26	62	40
8	26	99	66	40	56
31	68	57	48	78	7
23	76	94	52	67	14
57	71	77	39	78	37
25	35	61	97	46	46
64	77	93	28	66	61
48	32	17	14	50	69
86	91	73	84	70	65
4	21	3	88	11	54
25	88	6	82	73	80
62	84	95	18	54	76
2	96	33	85	7	75
85	16	67	22	67	51
15	98	61	31	61	60
32	71	17	99	35	14
51	43	62	32	63	30
2	9	48	36	58	62
68	89	13	36	39	73
29	79	34	84	51	43
81	75	26	52	58	50
98	31	29	74	12	41
23	51	64	5	40	63
64	71	55	54	71	75
71	6	34	19	20	21
22	63	15	92	37	31
47	97	17	96	11	16
2	34	93	36	65	44
64	81	49	56	46	14
44	65	1	24	57	15
13	92	8	54	17	78
45	43	76	96	76	68
33	59	65	22	16	24
48	15	57	18	73	80
64	34	4	1	51	52
13	33	67	93	63	70
57	27	41	79	60	53
21	98	9	6	39	40
5	14	5	34	35	74
54	64	47	4	12	78
24	21	62	43	24	14
64	74	88	48	25	12
23	34	96	14	47	48
64	99	6	84	46	12
24	14	93	17	29	57
1	97	74	34	9	65
49	59	17	37	31	16
9	27	64	95	10	38
86	4	84	91	76	40
74	23	28	87	39	26
39	92	55	91	23	65
2	99	46	5	57	48
3	25	5	44	26	15
71	34	2	23	26	49
46	28	94	5	46	12
53	54	39	96	58	31
66	1	23	64	79	71
18	15	9	1	80	76
86	6	77	9	21	6
41	83	32	54	51	63
12	11	33	83	54	39
21	23	23	56	55	9
97	57	45	42	61	28
29	22	33	89	6	28
52	59	24	4	10	50
75	86	86	88	45	18
16	4	54	65	8	59
53	93	81	63	18	62
96	44	93	41	38	29
16	56	74	42	39	73
77	67	62	61	38	67
69	67	72	63	54	80
72	87	56	82	38	23
58	31	74	26	36	27
24	44	67	17	40	53
69	58	3	3	13	6
75	81	45	85	52	17
29	91	72	96	11	71
84	81	22	7	52	31
23	25	18	48	18	52
31	94	92	65	75	10
36	99	4	64	30	72
69	66	16	71	65	34
89	57	72	19	21	6
64	59	85	88	40	71
21	87	33	84	55	52
15	64	97	76	60	40
9	67	3	99	25	13
26	18	85	79	12	27
65	38	66	76	76	20
76	84	15	63	42	25
74	1	6	27	69	45
9	2	43	63	18	54
39	34	26	44	17	50
56	12	49	76	28	15
2	28	55	2	55	43
62	17	45	74	14	40
71	93	54	25	62	63
92	9	11	41	48	54
71	74	5	14	11	25
53	69	67	6	52	61
23	39	59	95	12	43
91	41	22	53	63	66
88	94	74	48	25	44
25	13	4	57	55	74
55	36	56	15	36	48
48	17	71	34	18	23
18	85	72	85	45	50
6	35	22	32	47	31
64	49	78	22	23	11
58	49	79	29	20	69
74	1	37	2	37	15
35	63	15	57	11	46
74	48	58	17	38	7
13	52	58	5	60	45
68	28	77	5	66	59
69	36	47	52	31	46
68	41	87	75	77	16
35	77	98	5	69	48
56	26	44	47	43	9
84	68	95	54	25	8
74	14	15	57	71	67
76	4	18	8	11	60
91	72	53	29	63	7
72	73	64	33	29	34
54	84	34	93	62	49
75	39	22	92	53	59
54	52	64	86	27	25
7	11	25	4	14	36
33	22	35	54	25	50
21	89	75	63	64	18
23	79	84	62	9	36
23	69	33	83	61	30
66	11	92	95	39	37
34	1	79	34	48	73
91	23	7	24	9	60
43	32	1	84	77	77
47	53	96	49	22	74
37	5	12	64	61	23
8	74	74	96	62	39
55	64	68	84	21	57
19	77	19	95	8	72
18	34	65	31	76	58
43	5	62	98	51	66
82	51	19	94	58	53
78	4	15	69	39	52
73	83	45	64	9	29
98	28	86	64	31	15
31	82	75	31	78	36
54	26	4	66	64	66
12	5	61	16	79	13
88	64	6	31	56	41
43	13	82	57	22	63
51	79	18	54	32	59
45	98	7	35	16	33
31	58	97	89	18	56
43	1	99	64	80	7
34	31	44	55	65	65
46	53	78	72	41	8
42	98	81	8	65	77
77	13	17	85	74	53
46	29	13	52	35	63
64	24	86	55	29	54
18	69	35	53	49	49
8	71	73	87	23	43
64	46	1	12	35	38
69	26	14	98	18	33
1	45	7	46	11	23
17	99	58	17	26	25
44	12	43	14	65	80
88	47	95	6	62	50
44	88	37	77	71	13
17	24	64	74	7	62
25	93	44	34	46	37
12	5	15	19	60	59
18	15	54	19	13	18
16	39	37	19	57	66
14	17	12	96	53	6
28	58	99	16	13	29
54	95	67	84	59	19
88	32	84	76	25	26
84	37	21	23	41	7
55	27	4	35	18	78
96	23	95	72	8	19
96	75	89	5	33	8
51	18	66	4	15	26
11	68	42	66	65	55
94	27	79	17	53	69
38	34	31	85	39	13
34	74	39	79	43	6
18	14	64	82	44	74
12	77	99	4	64	78
62	26	19	75	56	72
5	62	29	74	59	53
65	79	65	11	23	75
94	54	29	27	16	78
47	87	97	62	15	78
